5000 5000
776 1245
776 2810
776 730
776 1473
776 3302
776 3874
776 286
776 2653
776 2952
776 4702
776 2439
776 4196
776 2553
776 4013
776 4564
776 2906
776 3323
776 2580
776 2220
776 2966
776 2605
776 2109
776 985
776 3863
776 1129
776 226
776 1977
776 1787
776 3412
776 952
776 3734
776 27
776 4043
776 934
776 4368
776 1255
776 1266
776 2651
776 2924
776 70
776 246
776 4939
776 2321
776 1044
776 825
776 4726
776 4870
776 1989
776 4435
776 2780
776 4691
776 1081
776 4457
776 3222
776 1408
776 392
776 4352
776 2152
776 2821
776 2899
776 3332
776 1730
776 4979
776 4232
776 1264
776 2322
776 4487
776 810
776 1649
776 419
776 979
776 3580
776 4514
776 2737
776 1899
776 345
776 694
776 3663
776 930
776 1799
776 4991
776 3226
776 3185
776 3873
776 2993
776 3624
776 71
776 19
776 736
776 1560
776 4486
776 2663
776 716
776 2267
776 610
776 4277
776 3915
776 4222
776 148
776 259
776 1345
776 4947
776 4670
776 243
776 3770
776 2124
776 4091
776 3670
776 3589
776 2595
776 2661
776 1641
776 4127
776 4302
776 3187
776 566
776 2023
776 1110
776 4633
776 4535
776 3786
776 3719
776 3240
776 2053
776 4445
776 2522
776 913
776 3296
776 1953
776 232
776 2643
776 4377
776 2954
776 3192
776 556
776 3010
776 2716
776 2781
776 1964
776 2108
776 42
776 918
776 4201
776 242
776 2346
776 1684
776 3811
776 1755
776 170
776 2014
776 4844
776 3428
776 2552
776 4388
776 3371
776 424
776 4648
776 3636
776 533
776 2964
776 2785
776 4478
776 1043
776 2722
776 3538
776 4862
776 55
776 2825
776 2282
776 3057
776 2767
776 2456
776 3971
776 1007
776 2450
776 3285
776 3314
776 4536
776 1168
776 3132
776 4050
776 4330
776 669
776 4565
776 3128
776 3603
776 2268
776 4634
776 3717
776 4698
776 1410
776 167
776 1651
776 1299
776 3345
776 984
776 3868
776 2878
776 1338
776 2378
776 4556
776 2034
776 2209
776 1801
776 348
776 4293
776 1694
776 3832
776 999
776 1381
776 4984
776 1519
776 4851
776 4394
776 3135
776 185
776 3949
776 4045
776 4815
776 2353
776 911
776 154
776 1241
776 4317
776 3912
776 4687
776 2216
776 1028
776 647
776 110
776 2355
776 787
776 3055
776 2886
776 3697
776 253
776 2385
776 875
776 4925
776 3220
776 2336
776 2712
776 375
776 3516
776 2578
776 4371
776 762
776 4645
776 2625
776 3429
776 1816
4268 3323
4268 1004
1004 2746
2746 2959
2959 1118
1118 4506
4506 2602
2602 2614
2614 1664
1664 173
173 521
521 54
54 2481
2481 2141
2141 1492
1492 3682
3682 3280
3280 3762
3762 4651
4651 4081
4081 2416
2416 2642
2642 195
195 3193
3193 347
347 2266
2266 2626
2626 4799
4799 4809
4809 630
630 2930
2930 4622
4622 2863
2863 2597
2597 3870
3870 3753
3753 4326
4326 354
354 2009
2009 3295
3295 503
503 2838
2838 1225
1225 3468
3468 3889
3889 698
698 2622
2622 3262
3262 2401
2401 3127
3127 4184
4184 3939
3939 2281
2281 958
958 1595
1595 1366
1366 3224
3224 704
704 2635
2635 3896
3896 2669
2669 3009
3009 1886
1886 2082
2082 4827
4827 2851
2851 346
346 2518
2518 2790
2790 696
696 3777
3777 2278
2278 2234
2234 4794
4794 1671
1671 4417
4417 2362
2362 4626
4626 1534
1534 3938
3938 685
685 463
463 2885
2885 3919
3919 2619
2619 1568
1568 1295
1295 2588
2588 1072
1072 2087
2087 3698
3698 1383
1383 3017
3017 209
209 1156
1156 1896
1896 458
458 2577
2577 1170
1170 3661
3661 4688
4688 4098
4098 4829
4829 829
829 2685
2685 4857
4857 3123
3123 4056
4056 4868
4868 1812
1812 3947
3947 4432
4432 457
457 3908
3908 334
334 4422
4422 297
297 2809
2809 1548
1548 4500
4500 2228
2228 2507
2507 573
573 3485
3485 1862
1862 1999
1999 3279
3279 4589
4589 3586
3586 2840
2840 969
969 2806
2806 3895
3895 3954
3954 2241
2241 4285
4285 4741
4741 1479
1479 659
659 1496
1496 3575
3575 1149
1149 1510
1510 1378
1378 1705
1705 3497
3497 3244
3244 4727
4727 4066
4066 2417
2417 2859
2859 655
655 2654
2654 160
160 1737
1737 4087
4087 1888
1888 2022
2022 264
264 1328
1328 2574
2574 3902
3902 2745
2745 219
219 3177
3177 3137
3137 3892
3892 2634
2634 3098
3098 2122
2122 275
275 3418
3418 4697
4697 2085
2085 2198
2198 4830
4830 1587
1587 3299
3299 1357
1357 2683
2683 4875
4875 3986
3986 1624
1624 2251
2251 2159
2159 3365
3365 3188
3188 437
437 1619
1619 2448
2448 3422
3422 1923
1923 1145
1145 1524
1524 1152
1152 1379
1379 2701
2701 2960
2960 2783
2783 4752
4752 3623
3623 4803
4803 128
128 2935
2935 1164
1164 4681
4681 1265
1265 23
23 1452
1452 3612
3612 1365
1365 2617
2617 4856
4856 2853
2853 3704
3704 1824
1824 4900
4900 4547
4547 3004
3004 4718
4718 4996
4996 3008
3008 177
177 3725
3725 2660
2660 629
629 4248
4248 4049
4049 1941
1941 1010
1010 1902
1902 4758
4758 4031
4031 498
498 892
892 52
52 1095
1095 2342
2342 1306
1306 4502
4502 2670
2670 1871
1871 4236
4236 137
137 2944
2944 4800
4800 4906
4906 2016
2016 3658
3658 1954
1954 4804
905 4236
905 3039
3039 3281
3281 4878
4878 14
14 2889
2889 225
225 2530
2530 4922
4922 4509
4509 389
389 4786
4786 2015
2015 1108
1108 3822
3822 4111
4111 171
171 214
214 637
637 2872
2872 1478
1478 2129
2129 1385
1385 1387
1387 956
956 2534
2534 1032
1032 366
366 4229
4229 2509
2509 2428
2428 1403
1403 2939
2939 4494
4494 1926
1926 1564
1564 2190
2190 1505
1505 1089
1089 3671
3671 1106
1106 427
427 3377
3377 3771
3771 3167
3167 1756
1756 2815
2815 2753
2753 337
337 3991
3991 4130
4130 2155
2155 235
235 3854
3854 1464
1464 3526
3526 3086
3086 2051
2051 3301
3301 4005
4005 2919
2919 878
878 1811
1811 3491
3491 3992
3992 3955
3955 1219
1219 2195
2195 4662
4662 2995
2995 1775
1775 1820
1820 3113
3113 3599
3599 2677
2677 4128
4128 3830
3830 3049
3049 3087
3087 3715
3715 2094
2094 2147
2147 3647
3647 4636
4636 4904
4904 4986
4986 4828
4828 3931
3931 4227
4227 4990
4990 3083
3083 3833
3833 174
174 2937
2937 245
245 1843
1843 3534
3534 2632
2632 1648
1648 2113
2113 3891
3891 2856
2856 1454
1454 76
76 313
313 3481
3481 1058
1058 4386
4386 310
310 1298
1298 3736
3736 4287
4287 4446
4446 3983
3983 3848
3848 1773
1773 3239
3239 1928
1928 3482
3482 1882
1882 3922
3922 1423
1423 4846
4846 3707
3707 2656
2656 548
548 1151
1151 394
394 4913
4913 2158
2158 1884
1884 3846
3846 3245
3245 4898
4898 2339
2339 4884
4884 2434
2434 638
638 3744
3744 74
74 496
496 3476
3476 3440
3440 1125
1125 3479
3479 1807
1807 3893
3893 3184
3184 3028
3028 1682
1682 2873
2873 3152
3152 4366
4366 122
122 1252
1252 1377
1377 1169
1169 3143
3143 3551
3551 2893
2893 460
460 324
324 3735
3735 970
970 1483
1483 2778
2778 51
51 4840
4840 756
756 792
792 1901
1901 2598
2598 4941
4941 1840
1840 2276
2276 3204
3204 311
311 3642
3642 4044
4044 3622
3622 941
941 2370
2370 1045
1045 3300
3300 4653
4653 2037
2037 603
603 1967
1967 2114
2114 143
143 2798
2798 3325
3325 4545
4545 4375
4375 3605
3605 3194
3194 4336
4336 373
373 4740
4740 4672
4672 1
1 276
276 4910
4910 3007
3007 1317
1317 4024
4024 2093
2093 4403
4403 1233
1233 4762
4762 4566
4566 2299
2299 797
797 3076
3076 3062
3062 13
13 4965
4965 3165
3165 4355
4355 1091
1091 2445
2445 2709
2709 557
557 4124
4124 517
517 1550
1550 339
339 4265
4265 2527
2527 2058
2058 2459
2459 3270
3270 4793
4793 713
713 101
101 156
156 3034
3034 1983
1983 3038
3038 922
922 53
53 2986
2986 3674
3674 1541
1541 4885
4885 1657
1657 4630
4630 2482
2482 2528
2528 2328
2328 2196
31 3482
31 3903
3903 3886
3886 2652
2652 2345
2345 3514
3514 574
574 4521
4521 4661
4661 2403
2403 3316
3316 2558
2558 1599
1599 423
423 3163
3163 1323
1323 4034
4034 1966
1966 2107
2107 168
168 4339
4339 2493
2493 1194
1194 1521
1521 1428
1428 1669
1669 4764
4764 4194
4194 2774
2774 2728
2728 382
382 3862
3862 2
2 2293
2293 4923
4923 2061
2061 1466
1466 1988
1988 1463
1463 1885
1885 2572
2572 4212
4212 772
772 3921
3921 4860
4860 4858
4858 4761
4761 3254
3254 3046
3046 2386
2386 3988
3988 2990
2990 4893
4893 4284
4284 3981
3981 3875
3875 3229
3229 4781
4781 2754
2754 1904
1904 2592
2592 2332
2332 4461
4461 4469
4469 66
66 4205
4205 3495
3495 2092
2092 4505
4505 1576
1576 105
105 2867
2867 3249
3249 4035
4035 386
386 4609
4609 532
532 4022
4022 2865
2865 1528
1528 1190
1190 4909
4909 1217
1217 1141
1141 2864
2864 3235
3235 3334
3334 3138
3138 4319
4319 2245
2245 4501
4501 4596
4596 3659
3659 4647
4647 327
327 3032
3032 4607
4607 2941
2941 2657
2657 3400
3400 4866
4866 2419
2419 383
383 2475
2475 3847
3847 3899
3899 3766
3766 3459
3459 565
565 2004
2004 946
946 3656
3656 1352
1352 2097
2097 2611
2611 3928
3928 1049
1049 501
501 2703
2703 3490
3490 823
823 4017
4017 1552
1552 2408
2408 1762
1762 3856
3856 1828
1828 3170
3170 106
106 320
320 4887
4887 3196
3196 3361
3361 989
989 1261
1261 3945
3945 1667
1667 3393
3393 333
333 2542
2542 3446
3446 193
193 230
230 2771
2771 759
759 2621
2621 4625
4625 1832
1832 1142
1142 2743
2743 3800
3800 3493
3493 2026
2026 3015
3015 2038
2038 3610
3610 766
766 4372
4372 4458
4458 3091
3091 1569
1569 2768
2768 2731
2731 3380
3380 3844
3844 1465
1465 1797
1797 773
773 21
21 390
390 3629
3629 4426
4426 3839
3839 1653
1653 2514
2514 1493
1493 1697
1697 1462
1462 3646
3646 4166
4166 3396
3396 3000
3000 2091
2091 3825
3825 1513
1513 632
632 4000
4000 4700
4700 1883
1883 4911
4911 1119
1119 2017
2017 1927
1927 2971
2971 1126
1126 4736
4736 4685
4685 2929
2929 4226
4226 768
768 3982
3982 2791
2791 2555
2555 2760
2760 2039
2039 3408
3408 1880
1880 1827
1827 3318
3318 2376
2376 1728
1728 4246
4246 4348
4348 2884
2884 509
509 896
896 3699
3699 3344
3344 3824
3824 3456
3456 2454
2454 1508
1508 401
401 4200
4200 3685
3685 3571
3571 4704
4704 3434
3434 4190
4190 4405
4405 4620
4620 2062
2062 1001
1001 175
175 3105
3105 2249
2249 4125
4125 3596
3596 966
966 4576
4576 2831
2831 2725
2725 2405
2405 712
712 2904
2904 3779
3779 1240
1240 3273
3273 4833
4833 1073
1073 4360
962 2062
962 4819
962 3492
962 3940
962 3483
962 4324
962 3095
962 1237
962 4332
962 3946
962 4014
962 4327
962 485
962 2270
962 224
962 4025
962 312
962 32
962 849
962 2844
962 1821
962 1163
962 405
962 426
962 2727
962 539
962 2989
962 1375
962 4944
962 1115
962 2789
962 451
962 3882
962 504
962 1996
962 2100
962 2121
962 3257
962 4756
962 4263
962 2246
962 1709
962 1947
962 1746
962 806
962 4113
962 4078
962 3787
962 550
962 3948
962 2288
962 3320
962 4385
962 1074
962 1601
962 3521
962 1584
962 2238
962 835
962 3042
962 4012
962 3435
962 1222
962 3748
962 1666
962 4874
962 2591
962 1334
962 4871
962 965
962 3962
962 3378
962 2111
962 1250
962 937
962 2151
962 2568
962 3180
962 1719
962 3286
962 4495
962 728
962 3346
962 2433
962 4429
962 1795
962 3148
962 755
962 3611
962 1411
962 377
962 4077
962 2498
962 4147
962 4533
962 1324
962 1027
962 4424
962 483
962 3967
962 4537
962 1911
962 540
962 597
962 4951
962 3051
962 3397
962 4664
962 2149
962 4588
962 4414
962 3861
962 4810
962 1662
962 208
962 4208
962 3250
962 16
962 4333
962 805
962 181
962 3374
962 2446
962 524
962 48
962 1019
962 411
962 4604
962 263
962 3298
962 1389
962 1700
962 860
962 2922
962 1833
962 4393
962 2188
962 948
962 3608
962 4270
962 3375
962 2331
962 3478
962 3721
962 4832
962 2581
962 3409
962 2829
962 4713
962 3179
962 3731
962 4395
962 2104
962 4427
962 4567
962 3002
962 841
962 2444
962 3806
962 1573
962 4343
962 3052
962 558
962 2396
962 1136
962 3960
962 4675
962 1336
962 4627
962 807
962 3769
962 2521
962 417
962 1701
962 538
962 477
962 2146
962 1514
962 236
962 1147
962 3383
962 2199
962 3767
962 3866
962 3637
962 3907
962 4347
962 4950
962 2423
962 3386
962 3600
962 1185
962 3512
962 994
962 1292
962 4344
962 1594
962 3619
962 1854
962 672
962 4059
962 2503
962 870
962 898
962 180
962 2691
962 3389
962 1134
962 4983
962 697
962 493
962 4526
962 3454
962 3391
962 153
962 3141
962 2242
962 1571
962 3831
962 2926
962 2921
962 929
962 3821
962 893
962 4570
962 1349
962 4889
962 4257
962 2711
962 2738
962 4334
962 4463
962 695
962 3626
962 1397
962 3477
962 67
962 4522
962 626
962 3523
962 85
962 3360
962 2027
962 1869
962 740
962 4448
962 2186
962 4783
962 661
962 3644
962 3977
4640 4589
4640 3071
4640 116
4640 4464
4640 3710
4640 4162
4640 3570
4640 86
4640 1083
4640 3012
4640 2261
4640 1623
4640 689
4640 4759
4640 3158
4640 3107
4640 950
4640 4406
4640 4096
4640 682
4640 4258
4640 2593
4640 2206
4640 2827
4640 1376
4640 582
4640 2089
4640 1015
4640 729
4640 2230
4640 421
4640 2305
4640 1124
4640 3372
4640 3812
4640 719
4640 1530
4640 3910
4640 3033
4640 1881
4640 448
4640 112
4640 2031
4640 4813
4640 360
4640 3796
4640 1557
4640 2920
4640 3693
4640 2312
4640 3898
4640 4312
4640 3070
4640 2787
4640 891
4640 1247
4640 2421
4640 3756
4640 3385
4640 2569
4640 3808
4640 2543
4640 4525
4640 1003
4640 1932
4640 78
4640 349
4640 4444
4640 2150
4640 1616
4640 4322
4640 2571
4640 1488
4640 3974
4640 955
4640 2175
4640 4946
4640 1193
4640 1303
4640 3303
4640 68
4640 760
4640 3505
4640 543
4640 2836
4640 4891
4640 1469
4640 4590
4640 4940
4640 3683
4640 1729
4640 1248
4640 4133
4640 3115
4640 2883
4640 2483
4640 895
4640 1561
4640 3156
4640 794
4640 3100
4640 454
4640 2600
4640 1743
4640 1064
4640 3966
4640 188
4640 2525
4640 2074
4640 4818
4640 1891
4640 2300
4640 3125
4640 3675
4640 4234
4640 816
4640 1256
4640 3294
4640 3339
4640 1754
4640 3727
4640 871
4640 4597
4640 2757
4640 190
4640 4949
4640 1950
4640 4683
4640 2618
4640 4294
4640 139
4640 1742
4640 1749
4640 662
4640 1608
4640 2257
4640 3617
4640 1900
4640 988
4640 388
4640 4731
4640 3241
4640 1138
4640 1232
4640 3120
4640 1424
4640 4978
4640 3695
4640 4409
4640 2306
4640 343
4640 579
4640 652
4640 2575
4640 1642
4640 3341
4640 1823
4640 1691
4640 1683
4640 1961
4640 2080
4640 4748
4640 2717
4640 158
4640 4187
4640 1309
4640 204
4640 2354
4640 38
4640 3598
4640 494
4640 4605
4640 1183
4640 2464
4640 2011
4640 3307
4640 1522
4640 3266
4640 1656
4640 179
4640 178
4640 711
4640 1973
4640 4072
4640 1280
4640 2644
4640 2489
4640 2903
4640 46
4640 3567
4640 400
4640 330
4640 3805
4640 1100
4640 1635
4640 2784
4640 2325
4640 1858
4640 3059
4640 114
4640 3068
4640 601
4640 4864
4640 1809
4640 2512
4640 3379
4640 782
4640 467
4640 4420
4640 4886
4640 3918
4640 2292
4640 2590
4640 1817
4640 1615
4640 2972
4640 2036
4640 4203
4640 3904
4640 2351
4640 2750
4640 1930
4640 2804
4640 2474
4640 2127
4640 3638
4640 495
4640 3439
4640 4608
4640 2596
4640 2500
4640 4738
4640 4694
4640 6
4640 959
4640 4920
4640 953
4640 1559
4640 186
4640 3054
4640 1447
4640 2318
4640 1268
4640 2298
4640 280
4640 3458
4640 3050
4640 3673
4640 991
4640 4601
4640 1041
449 2332
449 3368
3368 981
981 1672
1672 1818
1818 4817
4817 2090
2090 1189
1189 1726
1726 799
799 3980
3980 4841
4841 789
789 2852
2852 462
462 4102
4102 2233
2233 118
118 1400
1400 466
466 4594
4594 2950
2950 808
808 4767
4767 1221
1221 1332
1332 1475
1475 3563
3563 2088
2088 1076
1076 3761
3761 4595
4595 2319
2319 623
623 3104
3104 2541
2541 4143
4143 2773
2773 447
447 514
514 3618
3618 3155
3155 4482
4482 1039
1039 1186
1186 3840
3840 3060
3060 545
545 2649
2649 4291
4291 1458
1458 900
900 4927
4927 1918
1918 3267
3267 350
350 4952
4952 4483
4483 1229
1229 4968
4968 3147
3147 2134
2134 3546
3546 2782
2782 1468
1468 22
22 3565
3565 675
675 37
37 331
331 3252
3252 723
723 364
364 618
618 2973
2973 3583
3583 3382
3382 4373
4373 3248
3248 371
371 4351
4351 3651
3651 666
666 3373
3373 4462
4462 172
172 3145
3145 2388
2388 2579
2579 4802
4802 1822
1822 2786
2786 1117
1117 2343
2343 2699
2699 1699
1699 656
656 1562
1562 4179
4179 237
237 1429
1429 1663
1663 2702
2702 4529
4529 3781
3781 2824
2824 4849
4849 2946
2946 88
88 4982
4982 1172
1172 2870
2870 4936
4936 2679
2679 4083
4083 1024
1024 289
289 1201
1201 606
606 4141
4141 4728
4728 1516
1516 3102
3102 2800
2800 3173
3173 3747
3747 4450
4450 2095
2095 2694
2694 50
50 964
964 512
512 1960
1960 4811
4811 4496
4496 3496
3496 472
472 3369
3369 461
461 3810
3810 3539
3539 4971
4971 1258
1258 3517
3517 4966
4966 3957
3957 433
433 4006
4006 3388
3388 3499
3499 4237
4237 1529
1529 4438
4438 1386
1386 3985
3985 2264
2264 3887
3887 3484
3484 1614
1614 844
844 2549
2549 4842
4842 4155
4155 1057
1057 1369
1369 3641
3641 2285
2285 822
822 1489
1489 4441
4441 1972
1972 1373
1373 365
365 705
705 2259
2259 2380
2380 4706
4706 1577
1577 1046
1046 660
660 4193
4193 1234
1234 3043
3043 2817
2817 482
482 1288
1288 3466
3466 559
559 3561
3561 4934
4934 4325
4325 718
718 1686
1686 4192
4192 4459
4459 3836
3836 2064
2064 3952
3952 3406
3406 2463
2463 800
800 77
77 2438
2438 4321
4321 73
73 1776
1776 1470
1470 2425
2425 3264
3264 2018
2018 3124
3124 3447
3447 4323
4323 3069
3069 4298
4298 3881
3881 2183
2183 267
267 982
982 4316
4316 537
537 3780
3780 8
8 4160
4160 3216
3216 3680
3680 2235
2235 4961
4961 1778
1778 4411
4411 851
851 3763
3763 99
99 302
302 591
591 1732
1732 4872
4872 2356
2356 57
57 788
788 1227
1227 2409
2409 2048
2048 3969
3969 2084
2084 1364
1364 1445
1445 4600
4600 3963
3963 249
249 4599
1139 339
1139 4544
4544 40
40 4076
4076 3420
3420 489
489 355
355 525
525 4929
4929 2858
2858 2024
2024 2673
2673 4801
4801 251
251 1913
1913 416
416 2860
2860 2504
2504 2329
2329 2573
2573 3096
3096 4158
4158 3081
3081 3310
3310 3045
4766 2941
4766 4095
4766 238
4766 2165
4766 3628
4766 3461
4766 3726
4766 4701
4766 453
4766 1986
4766 1399
4766 4413
4766 3549
4766 921
4766 4362
4766 4084
4766 4639
4766 2455
4766 3841
4766 1439
4766 636
4766 1153
4766 4574
4766 3858
4766 4540
4766 3160
4766 1440
4766 4770
4766 1578
4766 4539
4766 3405
4766 2892
4766 4737
4766 3528
4766 2708
4766 872
4766 2244
4766 4191
4766 2478
4766 1154
4766 843
4766 80
4766 4259
4766 1132
4766 2770
4766 2137
4766 1107
4766 1848
4766 3035
4766 1438
4766 2529
4766 2019
4766 2010
4766 1498
4766 1160
4766 4571
4766 4472
4766 1740
4766 2427
4766 2947
4766 3116
4766 4861
4766 4286
4766 687
4766 4970
4766 3532
4766 4235
4766 811
4766 967
4766 3384
4766 3515
4766 3798
4766 1320
4766 3864
4766 4723
4766 2208
4766 1976
4766 4365
4766 1985
4766 4071
4766 997
4766 4027
4766 281
4766 1934
4766 2138
4766 4581
4766 3494
4766 1239
4766 2554
4766 3265
4766 3293
4766 3065
4766 2277
4766 3970
4766 1327
4766 102
4766 384
4766 2262
4766 1456
4766 4080
4766 2658
4766 56
4766 1316
4766 2340
4766 92
4766 2255
4766 3210
4766 3208
4766 4282
4766 4150
4766 152
4766 847
4766 2435
4766 1461
4766 2583
4766 867
4766 432
4766 4097
4766 3566
4766 4582
4766 1088
4766 1390
4766 3225
4766 1368
4766 2909
4766 4883
4766 2544
4766 4129
4766 1690
4766 4708
4766 3415
4766 3228
4766 2693
4766 1710
4766 4584
4766 544
4766 1727
4766 1553
4766 4358
4766 1752
4766 4635
4766 592
4766 3354
4766 1909
4766 3951
4766 4063
4766 3877
4766 1096
4766 197
4766 3958
4766 4628
4766 1772
4766 4543
4766 422
4766 4814
4766 3843
4766 4962
4766 258
4766 1527
4766 1750
4766 3151
4766 2985
4766 4
4766 1421
4766 1681
4766 2333
4766 3206
4766 1224
4766 2650
4766 4551
4766 594
4766 3309
4766 834
4766 585
4766 915
4766 2334
4766 2698
4766 973
4766 2748
4766 1563
4766 1038
4766 933
4766 720
4766 1363
4766 2607
4766 319
4766 741
4766 4338
4766 4892
4766 738
4766 4074
4766 1293
4766 4754
4766 4328
4766 4646
4766 1242
4766 211
4766 2115
4766 1325
4766 4345
4766 2170
4766 670
4766 2674
4766 2348
4766 1182
4766 3031
4766 4261
4766 2275
4766 2006
4766 1490
4766 4527
4766 2547
4766 28
4766 4530
4766 783
4766 435
4766 4690
4766 2213
4766 1621
4766 4218
4766 939
4766 1794
4766 420
4766 1254
4766 2832
4766 201
4766 1955
4766 1872
4766 572
4766 4850
4766 2570
4766 3923
4766 721
4766 3394
4766 3729
4766 624
4766 3728
4766 726
4766 2999
4766 3467
4766 387
4766 3465
4766 1792
4766 2945
4766 20
4766 141
4766 1231
4766 3995
4766 1426
4766 1912
4766 164
2967 3747
2967 3381
3381 474
474 3620
3620 3448
3448 2564
2564 4149
4149 479
479 500
500 2911
2911 2900
2900 478
478 3573
3573 4778
4778 4787
4787 3357
3357 3998
3998 196
196 4977
4977 3633
3633 1859
1859 668
668 2338
2338 352
352 1706
1706 4980
4980 2218
2218 3175
3175 4973
4973 121
121 1733
1733 3867
3867 2502
2502 3099
3099 2301
2301 279
279 3251
3251 884
884 1437
1437 1011
1011 2056
2056 1538
1538 1161
1161 1758
1758 140
140 3215
3215 3520
3520 1853
1853 2311
2311 1610
1610 1924
1924 272
272 2655
2655 1205
1205 257
257 2256
2256 3390
3390 45
45 1146
1146 2382
2382 3263
3263 4018
4018 136
136 3927
3927 2687
2687 1343
1343 4822
4822 4644
4644 4009
4009 2043
2043 733
733 4070
4070 2665
2665 4054
4054 1943
1943 1995
1995 58
58 1768
1768 3802
3802 1631
1631 4089
4089 403
403 2240
2240 1097
1097 3760
3760 1716
1716 4297
4297 292
292 2846
2846 1618
1618 1673
1673 3312
3312 2762
2762 2156
2156 261
261 2531
2531 2279
2279 4831
4831 3533
3533 1033
1033 4716
4716 975
975 3556
3556 1791
1791 1005
1005 1503
1503 4854
4854 1071
1071 4948
4948 4512
4512 1847
1847 1959
1959 2432
2432 24
24 4689
4689 1223
1223 4985
4985 2849
2849 3238
3238 162
162 2007
2007 4132
4132 1395
1395 3253
3253 4152
4152 2671
2671 1262
1262 2776
2776 1371
1371 3168
3168 3652
3652 1786
1786 2505
2505 1459
1459 228
228 4751
4751 2002
2002 2040
2040 2551
2551 1022
1022 294
294 1432
1432 4587
4587 361
361 2953
2953 4474
4474 335
335 4341
4341 4869
4869 120
120 1813
1813 1865
1865 1558
1558 2083
2083 4915
4915 1036
1036 4747
4747 1092
1092 3256
3256 4518
4518 1698
1698 2153
2153 2897
2897 2977
2977 4211
4211 3414
3414 938
938 307
307 3134
3134 4730
4730 3817
3817 93
93 301
301 2135
2135 2492
2492 4468
4468 775
775 200
200 3186
3186 3449
3449 4942
4942 620
620 876
876 1526
1526 3855
3855 2071
2071 2740
2740 3829
3829 1101
1101 2072
2072 1434
1434 4387
4387 12
12 2160
2160 739
739 265
265 1501
1501 4023
4023 3554
3554 1273
1273 2035
2035 3311
3311 1790
1790 2045
2045 3367
3367 1339
1339 4068
4068 2587
2587 3944
3944 4583
4583 1122
1122 1121
1121 2913
2913 1052
1052 146
146 611
611 4823
4823 1565
1565 2287
2287 3255
3255 3433
3433 1837
1837 3261
3261 3500
3500 519
519 4616
4616 4534
4534 1196
1196 1093
1093 3537
3537 1014
1014 771
771 4046
4046 3040
3040 5000
5000 183
183 1235
1235 4760
4760 2898
2898 4632
4632 379
379 2466
2466 3237
3237 2923
2923 3150
3150 398
398 3531
3531 643
643 1123
1123 3616
3616 4820
2162 327
2162 2204
2162 1347
2162 2808
2162 3398
2162 4552
2162 3502
2162 163
2162 2271
2162 926
2162 3993
2162 4032
2162 1453
2162 2008
2162 157
2162 4105
2162 499
2162 296
2162 673
2162 1958
2162 1144
2162 3757
2162 2366
2162 605
2162 4821
2162 4425
2162 2176
2162 1567
2162 3772
2162 1174
2162 3287
2162 4256
2162 1059
2162 1009
2162 2316
2162 2357
2162 299
2162 3474
2162 3093
2162 4121
2162 4242
2162 3024
2162 628
2162 2117
2162 936
2162 3064
2162 802
2162 4120
2162 676
2162 4198
2162 1852
2162 4437
2162 4623
2162 761
2162 4085
2162 4780
2162 725
2162 3236
2162 4926
2162 853
2162 2834
2162 3758
2162 285
2162 4238
2162 1549
2162 4419
2162 439
2162 2360
2162 2751
2162 2397
2162 815
2162 1056
2162 4785
2162 3328
2162 4036
2162 81
2162 3720
2162 3894
2162 268
2162 1766
2162 2539
2162 1998
2162 1554
2162 1603
2162 4225
2162 1556
2162 1917
2162 542
2162 3075
2162 1310
2162 3329
2162 44
2162 1140
2162 4621
2162 3094
2162 588
2162 2610
2162 1714
2162 1251
2162 4183
2162 1276
2162 3462
2162 3631
2162 3544
2162 4649
2162 2057
2162 3109
2162 291
2162 845
2162 2418
2162 2284
2162 3732
2162 2556
2162 4271
2162 3999
2162 1192
2162 4972
2162 2764
2162 4221
2162 2222
2162 4668
2162 2330
2162 1645
2162 1433
2162 508
2162 4052
2162 3284
2162 3791
2162 3084
2162 3349
2162 1359
2162 1659
2162 2197
2162 2224
2162 3826
2162 1981
2162 2223
2162 480
2162 3269
2162 709
2162 3103
2162 4042
2162 932
2162 2367
2162 575
2162 826
2162 2226
2162 3159
2162 3424
2162 4260
2162 2237
2162 4578
2162 3996
2162 2289
2162 1771
2162 3572
2162 1084
2162 3271
2162 1919
2162 378
2162 3401
2162 602
2162 1796
2162 1831
2162 221
2162 907
2162 4300
2162 1455
2162 3178
2162 3681
2162 3716
2162 4613
2162 791
2162 3816
2162 3506
2162 3327
2162 2042
2162 3650
2162 1446
2162 2180
2162 4938
2162 536
2162 1968
2162 1696
2162 820
2162 4481
2162 2984
2162 318
2162 4106
2162 4039
2162 3774
2162 4021
2162 1956
2162 2890
2162 4241
2162 2517
2162 529
2162 4170
2162 2341
2162 2041
2162 3545
2162 1844
2162 4051
2162 1013
2162 4354
2162 2756
2162 438
2162 1582
2162 992
2162 925
2162 1482
2162 1413
2162 4398
2162 4989
2162 3804
2162 1991
2162 2258
2162 430
2162 3518
2162 908
2162 702
2162 2379
2162 4379
2162 3872
2162 397
2162 194
2162 4641
2162 1053
2162 3335
2162 2181
2162 634
2162 744
2162 241
2162 1839
2162 2629
2162 1402
2162 1627
2162 2524
2162 1736
2162 3901
2162 3522
2162 4305
2162 3784
2162 4156
2162 1326
2162 3278
2162 2955
2162 4313
2162 4251
2162 750
2162 3019
1216 2376
1216 4214
4214 210
210 3814
3814 680
680 2741
2741 1103
1103 722
722 4673
4673 1173
1173 3276
3276 4699
4699 1805
1805 1065
1065 2260
2260 3743
3743 3552
3552 2623
2623 3694
3694 1277
1277 1069
1069 2098
2098 1228
1228 3376
3376 3356
3356 3133
3133 4178
4178 2174
2174 923
923 2068
2068 2742
2742 4073
4073 3464
3464 3519
3519 1337
1337 2269
2269 507
507 2060
2060 1331
1331 3013
3013 1353
1353 1187
1187 765
765 4755
4755 1720
1720 1984
1984 2917
2917 2563
2563 4223
4223 2796
2796 305
305 903
903 223
223 2201
2201 2535
2535 928
928 3020
3020 215
215 1301
1301 4079
4079 4220
4220 169
169 1244
1244 578
578 710
710 1372
1372 2215
2215 2232
2232 530
530 3588
3588 678
678 4789
4789 4370
4370 3738
3738 4306
4306 4467
4467 4473
4473 2938
2938 1401
1401 3740
3740 1342
1342 2868
2868 4249
4249 4273
4273 1609
1609 4585
4585 3023
3023 3916
3916 4476
4476 3129
3129 1600
1600 4390
4390 3755
3755 581
581 2730
2730 1511
1511 95
95 1605
1605 434
434 1006
1006 270
270 3338
3338 3198
3198 1779
1779 150
150 3560
3560 1112
1112 4563
4563 2361
2361 436
436 4055
4055 4309
4309 1939
1939 1166
1166 3813
3813 4720
4720 3144
3144 1443
1443 1975
1975 3768
3768 564
564 1572
1572 1938
1938 4185
4185 1109
1109 2766
2766 132
132 3470
3470 2274
2274 2763
2763 2548
2548 4389
4389 4126
4126 4167
4167 2705
2705 793
793 2214
2214 4101
4101 2172
2172 1034
1034 1155
1155 326
326 4213
4213 3230
3230 4808
4808 4048
4048 3936
3936 1436
1436 4918
4918 2110
2110 2457
2457 3088
3088 1777
1777 4507
4507 833
833 3679
3679 3525
3525 3686
3686 4943
4943 329
329 1405
1405 3632
3632 3205
3205 4969
4969 2758
2758 338
338 3234
3234 4301
4301 3139
3139 1374
1374 3212
3212 3402
3402 2001
2001 2247
2247 3752
3752 2974
2974 1944
1944 2747
2747 651
651 3153
3153 2491
2491 2648
2648 1887
1887 1717
1717 4485
4485 4400
4400 396
396 1340
1340 520
520 1622
1622 4099
4099 748
748 1846
1846 4655
4655 1098
1098 4369
4369 4197
4197 4349
4349 1597
1597 2297
2297 821
821 1806
1806 4466
4466 3765
3765 2833
2833 3943
3943 2477
2477 1982
1982 832
832 3759
3759 2845
2845 4960
4960 2414
2414 4415
4415 4202
4202 2399
2399 4489
4489 1296
1296 1581
1581 1518
1518 1617
1617 2940
2940 683
683 2723
2723 2050
2050 2412
2412 554
554 4060
4060 4686
4686 4376
4376 1971
1971 1442
1442 3322
3322 920
920 604
604 4431
4431 2291
2291 1348
1348 3643
3643 2200
2200 3754
3754 2902
2902 1485
1485 4745
4745 133
133 856
856 2144
2144 1692
1692 2718
2718 4247
4247 4217
3455 2190
3455 1263
3455 2462
3455 492
3455 4374
3455 3233
3455 3627
3455 3597
3455 3403
3455 104
3455 83
3455 409
3455 3041
3455 2888
3455 5
3455 4219
3455 786
3455 3453
3455 4108
3455 3026
3455 764
3455 4401
3455 3905
3455 3956
3455 817
3455 1061
3455 998
3455 2958
3455 2801
3455 3724
3455 827
3455 2704
3455 2069
3455 4753
3455 4638
3455 1819
3455 4410
3455 1826
3455 3097
3455 4669
3455 4692
3455 505
3455 247
3455 2927
3455 376
3455 3214
3455 707
3455 1655
3455 2928
3455 4007
3455 1282
3455 3749
3455 2584
3455 2012
3455 3511
3455 4274
3455 2389
3455 2185
3455 117
3455 456
3455 4734
3455 2582
3455 3489
3455 1509
3455 2101
3455 4092
3455 677
3455 2664
3455 1905
3455 1305
3455 2735
3455 9
3455 1993
3455 691
3455 182
3455 4047
3455 414
3455 3709
3455 369
3455 2638
3455 2726
3455 3005
3455 3696
3455 4554
3455 344
3455 3524
3455 1903
3455 1382
3455 3066
3455 1314
3455 3217
3455 3063
3455 1394
3455 2265
3455 1175
3455 502
3455 3183
3455 4449
3455 3451
3455 1803
3455 3154
3455 4436
3455 2850
3455 724
3455 1707
3455 2513
3455 1979
3455 983
3455 882
3455 1143
3455 2818
3455 2720
3455 3142
3455 3337
3455 1908
3455 2140
3455 4299
3455 3851
3455 2689
3455 4577
3455 4930
3455 30
3455 4652
3455 4981
3455 4660
3455 4082
3455 1333
3455 1507
3455 1978
3455 2877
3455 1793
3455 4835
3455 3315
3455 3876
3455 1543
3455 2194
3455 2837
3455 2142
3455 3430
3455 1685
3455 4172
3455 1181
3455 2145
3455 3689
3455 3568
3455 4796
3455 1789
3455 2506
3455 703
3455 801
3455 155
3455 325
3455 1354
3455 3880
3455 1270
3455 119
3455 1441
3455 510
3455 785
3455 2437
3455 4001
3455 4717
3455 184
3455 3792
3455 3259
3455 452
3455 3562
3455 681
3455 608
3455 2803
3455 4895
3455 3579
3455 127
3455 3778
3455 1693
3455 551
3455 3426
3455 692
3455 2942
3455 3272
3455 4428
3455 4746
3455 1804
3455 3550
3455 468
3455 3911
3455 1290
3455 4788
3455 3660
3455 1180
3455 2956
3455 115
3455 613
3455 3131
3455 1344
3455 3243
3455 4112
3455 1422
3455 26
3455 308
3455 4865
3455 3431
3455 486
3455 412
3455 2441
3455 1090
3455 391
3455 3687
3455 7
3455 3200
3455 2962
3455 90
3455 1082
3455 1596
3455 1922
3455 3751
3455 2157
3455 1105
3455 4002
3455 2495
3455 2515
3455 3410
3455 674
3455 3913
3455 1404
3455 4110
3455 1259
3455 4769
3455 1914
3455 4442
3455 570
3455 4798
3455 3926
3455 4618
3455 2561
3455 471
3455 1257
3455 3997
3455 1199
3455 1784
3455 2997
3455 1130
3455 1808
3455 850
3455 231
3455 1486
3455 3268
3455 2392
3455 4959
3455 4134
3455 4239
2854 1797
2854 3973
2854 957
2854 734
2854 4363
2854 4916
2854 4955
2854 1857
2854 3021
2854 3211
2854 2759
2854 2996
2854 3246
2854 1471
2854 34
2854 3174
2854 861
2854 1639
2854 2680
2854 781
2854 1412
2854 686
2854 3073
2854 3118
2854 3859
2854 3635
2854 4480
2854 2714
2854 1652
2854 4881
2854 819
2854 838
2854 3416
2854 978
2854 1512
2854 1544
2854 4749
2854 4703
2854 3122
2854 3953
2854 516
2854 2166
2854 1008
2854 4695
2854 858
2854 428
2854 3172
2854 4177
2854 2059
2854 3773
2854 1951
2854 961
2854 2715
2854 2102
2854 1050
2854 3189
2854 3852
2854 3648
2854 1949
2854 98
2854 94
2854 547
2854 1870
2854 3897
2854 4276
2854 2154
2854 518
2854 1286
2854 646
2854 4876
2854 1539
2854 616
2854 340
2854 2047
2854 1179
2854 4879
2854 465
2854 3030
2854 828
2854 3964
2854 199
2854 1274
2854 4195
2854 441
2854 4562
2854 205
2854 3275
2854 1476
2854 553
2854 2910
2854 123
2854 4503
2854 1633
2854 2250
2854 3739
2854 2005
2854 288
2854 4650
2854 4784
2854 3419
2854 4921
2854 3463
2854 4064
2854 227
2854 4175
2854 617
2854 250
2854 1460
2854 3227
2854 3111
2854 4311
2854 4233
2854 2608
2854 976
2854 3277
2854 3242
2854 865
2854 706
2854 862
2854 522
2854 840
2854 1965
2854 1208
2854 2426
2854 372
2854 1722
2854 1047
2854 134
2854 2933
2854 1724
2854 1066
2854 1638
2854 2599
2854 4378
2854 2132
2854 4090
2854 3090
2854 700
2854 3820
2854 2799
2854 3972
2854 2315
2854 972
2854 2811
2854 4148
2854 3853
2854 176
2854 25
2854 2609
2854 758
2854 1504
2854 293
2854 3366
2854 1302
2854 198
2854 4928
2854 1763
2854 3282
2854 2136
2854 839
2854 3783
2854 2472
2854 4163
2854 1283
2854 2976
2854 3930
2854 869
2854 657
2854 753
2854 3688
2854 4721
2854 3432
2854 1370
2854 3924
2854 1346
2854 2344
2854 4853
2854 4224
2854 1626
2854 2633
2854 914
2854 2769
2854 3425
2854 475
2854 4548
2854 4460
2854 1774
2854 1198
2854 4888
2854 1647
2854 1702
2854 3989
2854 877
2854 1291
2854 4497
2854 476
2854 4676
2854 880
2854 3288
2854 1075
2854 1487
2854 4901
2854 2970
2854 3072
2854 2187
2854 4615
2854 29
2854 2520
2854 960
2854 1068
2854 1921
2854 3941
2854 282
2854 2684
2854 3932
2854 3789
2854 1315
2854 4412
2854 4215
2854 4283
2854 742
2854 4453
2854 3029
2854 2371
2854 266
2854 222
2854 283
2854 3750
2854 39
2854 919
2854 2987
2854 2349
2854 3218
2854 3578
2854 4532
2854 3909
2854 4568
2854 165
2854 4931
2854 4447
2854 2734
2854 3182
2854 3869
2854 3678
2854 3527
2854 3906
2854 4499
2854 4523
2854 4665
2854 1566
2854 111
708 4226
708 3324
708 4656
708 2949
708 639
708 1915
708 3614
708 4964
708 4657
708 2907
708 3092
708 535
708 1841
708 4168
708 1094
708 754
708 3606
708 818
708 1935
708 4924
708 2686
708 3979
708 3917
708 2003
708 4592
708 3713
708 4020
708 1668
708 1895
708 271
708 2430
708 3815
708 1875
708 4303
708 1636
708 3548
708 4995
708 2646
708 3501
708 523
708 576
708 218
708 2442
708 640
708 189
708 4631
708 3809
708 2400
708 1016
708 2565
708 3292
708 2594
708 1236
708 1500
708 2557
708 1604
708 75
708 2106
708 963
708 277
708 1272
708 4610
708 3413
708 3321
708 2184
708 1135
708 4086
708 663
708 1788
708 1936
708 701
708 889
708 4439
708 2143
708 4209
708 1311
708 2934
708 2957
708 2273
708 17
708 4475
708 3488
708 2645
708 2422
708 1948
708 464
708 1873
708 3058
708 561
708 599
708 4894
708 316
708 1744
708 2496
708 1715
708 1644
708 1495
708 1929
708 1800
708 1214
708 688
708 888
708 4873
708 883
708 4118
708 1990
708 4593
708 4777
708 2139
708 1907
708 1157
708 113
708 1178
708 4135
708 2615
708 1856
708 1017
708 968
708 2236
708 3392
708 300
708 2028
708 1897
708 96
708 3649
708 2675
708 4671
708 1782
708 3027
708 2280
708 612
708 3336
708 830
708 202
708 1658
708 3557
708 1535
708 1583
708 4679
708 69
708 1708
708 332
708 4026
708 549
708 1660
708 3706
708 2980
708 2697
708 1243
708 2468
708 2248
708 2358
708 4119
708 3559
708 658
708 531
708 100
708 1414
708 4974
708 649
708 4572
708 4725
708 1285
708 1761
708 63
708 3541
708 4750
708 885
708 796
708 2471
708 59
708 129
708 2497
708 944
708 2820
708 3785
708 3350
708 4153
708 4528
708 3746
708 1448
708 2586
708 2391
708 4304
708 2988
708 653
708 763
708 2480
708 1388
708 3574
708 3119
708 353
708 615
708 2788
708 824
708 2871
708 780
708 362
708 3181
708 699
708 1474
708 3776
708 3621
708 2363
708 2881
708 631
708 3283
708 2099
708 3112
708 3348
708 3555
708 2562
708 3443
708 36
708 145
708 351
708 138
708 82
708 2103
708 4456
708 4603
708 2636
708 2968
708 3089
708 1864
708 3712
708 3441
708 2678
708 3764
708 3445
708 306
708 2682
708 2828
708 3056
708 4240
708 595
708 3865
708 2812
708 4744
708 3333
708 4491
708 1133
708 4511
708 2323
708 2473
708 1650
708 4771
708 2067
708 2969
708 2295
708 4602
314 3333
314 4714
314 1785
314 1079
314 1802
314 2131
314 410
314 4493
314 2603
314 4207
314 3592
314 321
314 3742
314 1025
314 2485
314 598
314 3668
314 487
314 3171
314 1916
314 4174
314 309
314 1457
314 3326
314 4905
314 2310
314 3363
314 4729
314 2894
314 1425
314 1481
314 2049
314 2681
314 3480
314 2395
314 2309
314 757
314 1431
314 3079
314 1670
314 2075
314 2302
314 2490
314 2452
314 4243
314 328
314 1087
314 1396
314 2668
314 2752
314 4253
314 3195
314 262
314 4038
314 4912
314 2779
314 315
314 1570
314 3340
314 546
314 3653
314 848
314 2065
314 842
314 1940
314 1855
314 2177
314 3450
314 2484
314 2540
314 1271
314 1963
314 4674
314 4531
314 4682
314 278
314 2118
314 4040
314 418
314 3607
314 4611
314 1585
314 3162
314 1679
314 2690
314 4954
314 2105
314 2841
314 1023
314 4558
314 1866
314 1765
314 2486
314 600
314 2440
314 4516
314 4228
314 124
314 4733
314 1358
314 2612
314 857
314 4342
314 633
314 3469
314 1031
314 4976
314 4826
314 2550
314 1980
314 2494
314 4795
314 4845
314 3199
314 2994
314 3359
314 745
314 1974
314 1213
314 4272
314 4629
314 2843
314 425
314 192
314 3108
314 2749
314 2887
314 4591
314 993
314 4488
314 1018
314 2918
314 2020
314 3950
314 3472
314 1070
314 1040
314 2991
314 4275
314 1731
314 614
314 4859
314 1860
314 954
314 408
314 3082
314 3352
314 3667
314 4310
314 4517
314 1703
314 3442
314 4999
314 1409
314 4382
314 2086
314 3018
314 3067
314 813
314 4164
314 2390
314 3121
314 2079
314 899
314 1894
314 4250
314 798
314 3452
314 1810
314 1829
314 393
314 1444
314 4465
314 4123
314 206
314 3718
314 1540
314 2314
314 2744
314 3305
314 4318
314 2021
314 1355
314 607
314 1517
314 3219
314 1407
314 3260
314 2133
314 3797
314 1952
314 2736
314 4165
314 527
314 2526
314 3503
314 2225
314 1484
314 1380
314 2227
314 3585
314 3669
314 3347
314 4782
314 3741
314 4004
314 4264
314 4557
314 213
314 2347
314 1060
314 3976
314 1114
314 3878
314 2538
314 909
314 4295
314 2963
314 415
314 1835
314 751
314 1419
314 3929
314 4392
314 3101
314 3048
314 3319
314 942
314 2637
314 571
314 359
314 1202
314 596
314 4907
314 4380
314 2076
314 4397
314 671
314 4715
314 4935
314 1150
314 4992
314 2178
314 541
314 2313
314 2545
314 3411
314 1209
314 2647
314 2875
314 873
358 3206
358 3037
3037 3053
3053 2476
2476 2606
2606 1451
1451 2032
2032 3978
3978 1360
1360 2499
2499 586
586 233
233 4791
4791 4524
4524 260
260 927
927 2073
2073 2179
2179 1472
1472 1536
1536 3486
3486 3289
3289 3114
3114 2461
2461 2123
2123 4364
4364 2443
2443 4308
4308 3014
3014 4186
4186 837
837 1450
1450 2905
2905 1711
1711 2719
2719 1893
1893 284
284 1289
1289 4423
4423 3662
3662 3161
3161 778
778 4896
4896 3025
3025 2424
2424 3291
3291 3444
3444 406
406 217
217 4917
4917 2777
2777 667
667 1037
1037 4492
4492 3691
3691 2254
2254 731
731 4011
4011 3308
3308 4144
4144 3274
3274 3
3 2866
2866 4028
4028 3672
3672 3959
3959 2585
2585 450
450 1128
1128 714
714 4280
4280 1099
1099 1725
1725 4137
4137 3164
3164 1051
1051 1322
1322 852
852 1398
1398 407
407 4519
4519 4837
4837 1230
1230 1197
1197 4498
4498 1551
1551 910
910 1933
1933 3061
3061 1643
1643 4541
4541 2696
2696 2508
2508 2167
2167 2112
2112 166
166 679
679 2372
2372 1329
1329 3935
3935 2451
2451 3937
3937 945
945 3871
3871 3404
3404 61
61 2666
2666 3676
3676 3593
3593 1836
1836 108
108 3885
3885 413
413 1632
1632 1042
1042 130
130 4792
4792 149
149 4882
4882 887
887 4010
4010 4396
4396 4204
4204 4508
4508 2479
2479 4418
4418 2772
2772 2826
2826 64
64 3900
3900 2839
2839 2119
2119 1188
1188 2835
2835 4763
4763 1764
1764 552
552 528
528 3543
3543 943
943 4735
4735 1713
1713 2992
2992 4776
4776 1676
1676 1606
1606 1906
1906 4680
4680 2613
2613 1012
1012 3362
3362 1695
1695 4963
4963 3584
3584 2203
2203 3737
3737 4658
4658 2876
2876 866
866 4586
4586 4407
4407 244
244 322
322 3837
3837 2847
2847 996
996 1780
1780 1085
1085 4877
4877 511
511 3625
3625 1867
1867 4546
4546 2667
2667 3645
3645 374
374 2732
2732 2212
2212 1278
1278 2961
2961 3942
3942 2761
2761 2729
2729 1598
1598 2879
2879 2639
2639 4331
4331 4520
4520 1531
1531 2724
2724 3201
3201 1830
1830 1417
1417 3542
3542 2692
2692 2384
2384 4434
4434 577
577 3640
3640 4659
4659 3417
3417 3790
3790 2243
2243 774
774 534
534 4549
4549 1502
1502 4139
4139 1203
1203 4693
4693 3723
3723 4598
4598 1723
1723 4852
4852 924
924 3722
3722 2895
2895 1607
1607 940
940 3883
3883 87
87 4855
4855 2296
2296 2519
2519 3498
3498 1592
1592 3630
3630 3701
3701 2641
2641 2030
2030 846
846 459
459 3507
3507 3582
3582 4104
4104 1588
1588 3801
3801 4053
4053 4890
4890 4958
4958 2891
2891 1430
1430 3553
3553 3845
3845 2465
2465 35
35 3819
3819 4255
4255 1210
1210 4058
4058 1611
4742 12
4742 886
4742 89
4742 3213
4742 161
4742 3591
4742 3191
4742 3934
4742 4847
4742 3601
4742 1300
4742 3692
4742 912
4742 3536
4742 2739
4742 4116
4742 4335
4742 1218
4742 1851
4742 2411
4742 1294
4742 1312
4742 4041
4742 3016
4742 3634
4742 1287
4742 2307
4742 3604
4742 2589
4742 769
4742 784
4742 635
4742 868
4742 621
4742 2965
4742 3508
4742 4057
4742 4157
4742 767
4742 3003
4742 3207
4742 3677
4742 3990
4742 1030
4742 2413
4742 4292
4742 4088
4742 3711
4742 3828
4742 2857
4742 2081
4742 555
4742 2447
4742 3968
4742 3140
4742 1876
4742 3547
4742 2802
4742 2932
4742 1997
4742 1574
4742 2795
4742 4454
4742 3587
4742 2936
4742 488
4742 749
4742 859
4742 212
4742 4666
4742 3169
4742 2915
4742 569
4742 1525
4742 2163
4742 2415
4742 1111
4742 4825
4742 1048
4742 1102
4742 1970
4742 446
4742 1330
4742 2869
4742 4267
4742 484
4742 1215
4742 3700
4742 342
4742 4443
4742 4839
4742 1640
4742 1745
4742 2126
4742 3176
4742 735
4742 2253
4742 1879
4742 1418
4742 3513
4742 513
4742 1162
4742 2078
4742 109
4742 1171
4742 4743
4742 191
4742 2604
4742 3838
4742 1579
4742 442
4742 72
4742 809
4742 3540
4742 3130
4742 1304
4742 2631
4742 901
4742 2487
4742 1591
4742 2350
4742 3399
4742 1925
4742 4967
4742 890
4742 4114
4742 584
4742 717
4742 2755
4742 3077
4742 3775
4742 1021
4742 4140
4742 4705
4742 2861
4742 1002
4742 3106
4742 2431
4742 1687
4742 4391
4742 3823
4742 4296
4742 4663
4742 1000
4742 4843
4742 949
4742 777
4742 1747
4742 1427
4742 1269
4742 3835
4742 3011
4742 4107
4742 4722
4742 2901
4742 2998
4742 3702
4742 1467
4742 2616
4742 3006
4742 1575
4742 3358
4742 4433
4742 2077
4742 4561
4742 3460
4742 3827
4742 4189
4742 1491
4742 935
4742 2217
4742 11
4742 2182
4742 2516
4742 187
4742 2627
4742 4790
4742 2662
4742 2805
4742 2896
4742 506
4742 399
4742 4732
4742 4359
4742 79
4742 1497
4742 1861
4742 1335
4742 3639
4742 4908
4742 4399
4742 2460
4742 746
4742 1362
4742 41
4742 1086
4742 4575
4742 625
4742 2210
4742 2365
4742 248
4742 1341
4742 4142
4742 2882
4742 1420
4742 1602
4742 3364
4742 4329
4742 4848
4742 3564
4742 593
4742 2410
4742 395
4742 1994
4742 609
4742 1393
4742 2286
4742 2458
4742 2189
4742 3304
4742 2523
4742 4169
4742 1678
4742 1613
4742 684
4742 1783
4742 3703
4742 1661
4742 4573
4742 4231
4742 951
4742 4188
4742 4109
4742 4484
4742 4559
4742 4455
4742 3987
4742 2982
4742 4252
4742 2231
4742 1054
4742 587
4742 1741
4742 690
4742 2560
4742 3984
4742 2283
4742 1898
4742 665
4742 1849
4742 2470
1220 914
1220 3965
1220 4016
1220 971
1220 4479
1220 1191
1220 1634
1220 1589
1220 1625
1220 4176
1220 255
1220 151
1220 3209
1220 240
1220 560
1220 3793
1220 3994
1220 1767
1220 3317
1220 1067
1220 1321
1220 103
1220 216
1220 4807
1220 2404
1220 2533
1220 15
1220 1167
1220 563
1220 3850
1220 1586
1220 897
1220 4381
1220 1212
1220 252
1220 1506
1220 2620
1220 3157
1220 4617
1220 4619
1220 863
1220 627
1220 2398
1220 1738
1220 91
1220 2096
1220 1654
1220 1207
1220 1104
1220 3920
1220 641
1220 4100
1220 2707
1220 3232
1220 2290
1220 902
1220 1612
1220 803
1220 4998
1220 2402
1220 256
1220 4103
1220 2706
1220 2193
1220 2628
1220 2359
1220 2822
1220 1416
1220 562
1220 2640
1220 1969
1220 1131
1220 4151
1220 1845
1220 1689
1220 491
1220 4937
1220 1868
1220 2532
1220 2624
1220 1520
1220 1957
1220 3387
1220 4269
1220 1620
1220 1545
1220 1113
1220 831
1220 4719
1220 3149
1220 4975
1220 2449
1220 4806
1220 2337
1220 3602
1220 4384
1220 49
1220 3221
1220 1391
1220 3684
1220 2168
1220 2601
1220 4361
1220 1712
1220 3146
1220 2387
1220 1077
1220 97
1220 790
1220 4003
1220 2975
1220 1889
1220 4061
1220 2406
1220 1675
1220 317
1220 4667
1220 336
1220 1392
1220 4902
1220 4356
1220 4933
1220 1523
1220 1533
1220 3022
1220 526
1220 1176
1220 2510
1220 974
1220 2576
1220 1063
1220 3197
1220 147
1220 3581
1220 2816
1220 3343
1220 144
1220 3782
1220 2219
1220 2263
1220 357
1220 931
1220 303
1220 356
1220 3136
1220 4408
1220 4710
1220 4684
1220 4550
1220 3890
1220 2807
1220 2229
1220 894
1220 3569
1220 4346
1220 4899
1220 443
1220 3395
1220 1029
1220 2320
1220 2373
1220 648
1220 2842
1220 1555
1220 1781
1220 469
1220 4122
1220 60
1220 2211
1220 4421
1220 4919
1220 274
1220 3223
1220 229
1220 65
1220 2191
1220 1137
1220 1279
1220 2369
1220 567
1220 2192
1220 2951
1220 2383
1220 3190
1220 2814
1220 2912
1220 2052
1220 874
1220 304
1220 3657
1220 3047
1220 664
1220 3975
1220 1753
1220 1062
1220 2436
1220 2130
1220 1200
1220 1515
1220 4146
1220 3888
1220 4696
1220 135
1220 3044
1220 1842
1220 203
1220 33
1220 3615
1220 2326
1220 2161
1220 273
1220 4138
1220 580
1220 142
1220 4712
1220 4115
1220 3423
1220 3203
1220 4643
1220 770
1220 1630
1220 3407
1220 4555
1220 2025
1220 220
1220 2148
1220 1677
1220 1665
1220 3803
4337 3431
4337 4612
4612 4033
4033 3857
3857 1319
1319 4093
4093 4834
4834 732
732 381
381 3110
3110 1734
1734 1760
1760 1080
1080 1987
1987 4289
4289 3925
3925 2169
2169 1313
1313 404
404 881
881 2672
2672 3714
3714 2205
2205 4315
4315 1850
1850 4416
4416 1547
1547 4504
4504 4015
4015 3842
3842 854
854 2792
2792 4816
4816 4945
4945 995
995 2364
2364 1838
1838 4117
4117 3353
3353 1546
1546 4709
4709 747
747 159
159 3313
3313 234
234 341
341 2070
2070 1350
1350 1275
1275 2171
2171 4775
4775 3117
3117 4757
4757 4181
4181 1532
1532 2420
2420 2765
2765 2116
2116 2029
2029 812
812 4173
4173 1770
1770 2033
2033 1284
1284 4637
4637 1318
1318 3487
3487 2308
2308 1537
1537 2978
2978 3594
3594 2914
2914 47
47 836
836 3834
3834 2536
2536 3331
3331 1211
1211 4037
4037 3438
3438 2488
2488 2054
2054 1260
1260 1026
1026 2511
2511 916
916 4677
4677 1020
1020 3745
3745 4624
4624 4069
4069 239
239 4350
4350 1184
1184 298
298 3355
3355 3914
3914 864
864 1307
1307 3247
3247 4290
4290 1308
1308 3126
3126 2044
2044 3436
3436 2252
2252 1035
1035 2164
2164 3471
3471 4288
4288 4451
4451 4067
4067 4956
4956 2981
2981 1646
1646 2855
2855 4244
4244 4452
4452 1877
1877 737
737 1267
1267 4707
4707 3655
3655 295
295 3421
3421 4262
4262 2303
2303 1878
1878 3666
3666 1825
1825 645
645 1477
1477 207
207 4402
4402 3504
3504 3001
3001 1206
1206 3427
3427 3609
3609 619
619 470
470 3258
3258 2128
2128 3078
3078 3535
3535 1628
1628 3297
3297 18
18 4838
4838 4307
4307 2324
2324 4161
4161 1159
1159 2375
2375 2559
2559 4030
4030 4768
4768 4182
4182 1798
1798 4180
4180 2272
2272 4383
4383 1204
1204 2775
2775 3202
3202 727
727 2979
2979 3475
3475 990
990 2880
2880 2120
2120 4654
4654 1415
1415 1406
1406 589
589 4863
4863 3290
3290 84
84 3509
3509 1078
1078 2630
2630 3437
3437 4569
4569 4206
4206 1937
1937 4987
4987 4245
4245 2063
2063 4029
3342 2089
3342 62
62 43
43 917
917 2567
2567 455
455 2469
2469 3074
3074 2813
2813 107
107 2377
2377 4957
4957 879
879 4490
4490 4724
4724 4642
4642 4131
4131 10
10 3166
3166 4774
4774 4553
4553 4075
4075 2908
2908 947
947 2046
2046 431
431 3818
3818 1942
1942 4765
4765 3884
3884 1580
1580 2429
2429 3933
3933 1629
1629 1814
1814 1120
1120 323
323 2000
2000 4216
4216 4994
4994 1946
1946 2394
2394 4470
4470 380
380 2221
2221 429
429 977
977 1590
1590 2848
2848 2733
2733 804
804 2830
2830 4171
4171 2352
2352 1945
1945 4824
4824 1249
1249 4867
4867 3794
3794 4353
4353 1863
1863 1158
1158 1962
1962 1593
1593 3795
3795 1721
1721 367
367 440
440 4580
4580 4281
4281 1890
1890 4279
4279 3473
3473 131
131 3788
3788 3705
3705 904
904 1874
1874 125
125 3654
3654 4430
4430 4914
4914 583
583 654
654 752
752 4314
4314 4230
4230 3860
3860 3510
3510 4199
4199 980
980 2239
2239 1297
1297 1177
1177 2066
2066 2453
2453 4513
4513 2407
2407 1759
1759 2467
2467 4538
4538 2948
2948 126
126 4560
4560 4678
4678 987
987 497
497 4739
4739 1480
1480 3330
3330 3849
3849 3807
3807 3530
3530 2202
2202 1751
1751 385
385 3351
3351 370
370 2501
2501 3590
3590 4711
4711 4357
4357 1226
1226 642
642 2823
2823 1238
1238 2173
2173 3664
3664 2294
2294 1435
1435 4772
4772 3961
3961 4579
4579 1769
1769 4340
4340 2700
2700 693
693 4606
4606 2695
2695 715
715 1834
1834 490
490 4797
4797 473
473 2916
2916 402
402 1494
1494 4477
4477 1992
1992 1246
1246 2721
2721 2393
2393 2374
2374 254
254 287
287 4154
4154 2368
2368 4159
4159 4062
4062 4471
4471 795
795 2327
2327 4993
4993 1165
1165 650
650 4903
4903 3306
3306 1674
1674 3690
3690 3613
3613 2013
2013 2874
2874 4008
4008 4997
4997 3879
3879 4805
4805 1931
1931 4515
779 4194
779 986
779 2566
779 4065
779 2546
779 1910
779 368
779 622
779 2055
779 568
779 2335
779 363
779 3576
779 4812
779 4210
779 1920
779 1757
779 4773
779 4779
779 1680
779 1116
779 269
779 4836
779 2925
779 1361
779 3730
779 444
779 855
779 515
779 1127
779 2819
779 1367
779 2688
779 590
779 2207
779 1281
779 2381
779 1704
779 4320
779 3370
779 3665
779 4440
779 3529
779 1055
779 3085
779 1195
779 1499
779 2304
779 4542
779 1542
779 3799
779 4510
779 644
779 4266
779 4145
779 4932
779 1892
779 4404
779 2659
779 445
779 2862
779 2537
779 3457
779 814
779 4367
779 4953
779 4278
779 4019
779 2931
779 1384
779 3577
779 2710
779 3080
779 1739
779 290
779 2793
779 1748
779 3231
779 1637
779 4254
779 2794
779 481
779 1735
779 4136
779 4880
779 1351
779 2983
779 1815
779 1148
779 2317
779 2943
779 2125
779 4614
779 1449
779 1718
779 1688
779 2676
779 906
779 2797
779 4094
779 4988
779 1356
779 743
779 1253
3036 2552
3036 2713
3595 4511
3595 3558
3708 53
3708 3733
4897 2124

2 2809
2 3352
2 4388
2 2242
1 167
2 3072
2 3030
2 139
1 2450
2 4591
1 1609
1 1027
2 2168
1 2204
2 1070
2 651
2 1806
1 2940
2 1683
2 3979
2 3045
2 4235
1 4065
1 2530
1 3138
2 2920
2 2322
2 4461
2 1117
1 1951
1 879
1 2058
1 3061
2 2731
1 1820
1 607
1 1943
1 4512
1 2258
2 4492
2 2296
2 4871
2 1283
1 3883
2 3115
1 4192
1 2474
1 4342
1 142
1 1413
2 1409
2 1122
2 3850
2 1043
1 4525
2 4856
1 982
2 1035
1 2253
1 2083
2 731
2 3620
2 1879
1 4559
2 1529
1 3278
1 4053
1 4543
1 1855
2 2547
2 1396
2 846
1 3165
1 357
2 4741
2 4853
2 4646
2 4108
2 82
2 1985
2 721
2 2681
1 979
1 2233
1 1057
2 4887
2 1693
1 2358
2 4015
1 415
2 1821
2 1006
1 3344
1 1890
2 2030
2 4312
2 3518
1 3270
1 2440
2 4965
1 1129
1 301
2 4911
2 94
2 2109
1 3639
2 4141
2 823
1 2975
1 4462
2 3398
1 1661
2 3198
2 1946
2 3992
2 1699
2 2233
1 4671
2 4999
2 2771
1 2833
1 4535
2 3098
2 2743
2 3125
2 231
1 2569
1 376
1 899
2 563
2 1104
2 2147
2 578
2 3183
2 2686
1 1146
2 4208
1 3887
2 4753
1 4352
2 2554
2 1116
2 920
2 1796
2 845
2 4267
1 3541
1 1728
1 3609
2 2218
1 2842
2 1926
1 2327
2 2147
2 841
1 3354
1 2490
1 449
1 299
1 2965
2 3414
2 2698
1 3584
2 3886
2 3082
1 2360
2 792
2 1679
1 4019
1 4873
2 1582
2 830
1 389
2 4919
1 3089
2 2788
2 825
1 3120
2 3748
1 4800
2 1582
2 3541
1 3066
1 4607
2 448
2 3302
1 3812
2 4342
2 27
1 2421
1 1598
2 4488
1 4067
1 445
1 1710
2 4335
1 2525
2 1830
2 3659
2 4549
2 4045
2 4632
2 566
2 4993
1 1460
2 369
1 2064
2 3224
2 3428
1 4455
1 2889
2 396
2 3513
1 3318
1 2818
1 1535
1 2561
2 169
1 3758
2 159
2 1478
2 4764
1 1643
2 1037
1 3690
1 4026
2 4508
2 1340
1 4612
1 1012
1 3320
2 1912
1 3985
1 2950
1 2990
2 2748
1 2611
1 60
1 2536
1 2141
2 1147
1 1762
2 2314
1 3879
2 2986
1 3799
1 3741
2 1981
1 71
2 2485
1 2825
1 759
1 1181
2 1500
1 3903
2 576
1 2725
1 4351
2 1945
2 969
2 4580
1 1388
2 4469
2 485
1 3987
1 1935
1 3498
1 4919
1 4044
2 3529
1 4217
2 451
1 1288
1 1128
2 3682
2 381
2 572
1 3752
1 480
2 2706
2 3165
1 2303
2 3917
2 1836
1 3590
1 2747
1 3751
2 4492
1 3534
2 3462
1 1047
1 1256
1 726
2 3057
2 4465
2 3427
2 1144
2 1640
2 2153
2 276
2 309
1 1377
1 4509
1 4099
1 4066
2 4344
2 430
2 2641
2 1572
2 2614
1 1229
1 1876
1 3329
2 1285
2 781
1 4272
1 4283
2 623
1 2255
2 335
1 4205
1 3974
2 4008
1 495
1 1963
1 3927
2 405
2 1707
2 2934
2 2279
1 294
1 3844
2 3383
2 1154
2 3930
1 4915
2 4368
2 3726
1 2084
1 392
2 1721
1 126
2 3653
2 970
1 787
1 1262
2 4317
1 3680
1 4961
2 2362
1 2250
2 2082
1 3002
1 107
2 1559
1 2299
1 3097
2 4882
2 1556
2 456
2 570
1 3223
1 2967
2 2680
2 588
2 3942
2 4113
2 244
1 303
1 559
1 4687
1 2128
2 2312
2 2055
2 4281
1 4034
1 2473
2 3221
1 3730
2 3801
1 16
1 4033
1 723
1 4617
1 396
1 4694
2 1818
1 3685
1 4433
2 239
2 4902
1 1830
1 3934
2 1185
2 2128
1 4087
1 4838
1 1307
2 3986
1 2941
1 4379
2 4370
1 1603
2 3630
2 2366
2 744
1 319
2 1666
1 1368
2 4282
1 2588
1 4584
2 2607
2 3505
1 116
2 4986
1 4692
2 416
1 2336
1 3754
2 121
2 2393
1 909
1 2600
1 3642
2 4286
2 511
1 2022
2 2049
2 2978
1 4713
1 4158
2 1318
1 2310
1 3513
2 4640
1 4475
2 2613
2 2758
1 243
1 49
1 3222
1 4809
1 48
2 2019
2 1126
1 2223
2 3273
2 2821
2 285
2 2636
2 4040
1 4335
1 4803
2 2228
2 4974
2 64
1 1026
2 4075
1 1334
2 18
2 977
1 1445
1 3870
1 3510
2 4330
2 2777
1 2952
1 1207
1 3790
2 4587
1 4235
1 1099
2 3930
1 4218
2 3685
1 307
1 2938
1 3433
2 4279
1 1505
2 215
1 4104
1 1617
1 4746
1 1605
2 1287
1 3405
1 251
2 2282
1 2150
2 3351
2 3791
2 1140
2 4060
1 4855
2 3745
2 2065
1 3605
2 3102
2 723
2 537
2 4309
2 2595
2 1216
1 2177
1 4301
2 1083
2 116
2 1346
1 3205
1 4723
2 2584
1 736
1 3996
2 3411
2 379
1 189
1 2082
1 4778
2 1898
2 374
1 1841
1 1277
2 1649
2 1812
1 3507
1 4036
2 2841
1 2837
2 4271
1 1187
1 4753
1 1284
1 2346
2 720
2 3564
2 1378
2 597
1 1569
1 642
2 454
1 3414
1 4069
1 1523
1 815
2 447
2 858
2 303
2 1256
1 2433
2 4786
1 2349
2 302
1 2279
1 4221
1 1773
1 2386
1 1266
1 383
2 933
2 1085
2 2516
1 3970
1 4156
2 4246
2 3245
2 606
2 1285
1 2638
1 869
2 1379
1 1079
1 149
2 655
2 2504
1 2605
1 1881
1 2247
1 3353
1 385
1 4345
2 2892
2 4412
2 2083
2 204
1 776
2 4041
1 2464
2 1653
1 1464
1 1281
2 416
1 3743
1 969
1 838
1 1630
2 981
2 4148
2 509
1 4771
1 778
2 3288
1 1877
2 185
2 245
2 2167
1 235
2 3704
2 2830
1 2740
2 1682
1 1898
2 2645
1 1070
1 4071
2 4549
2 559
1 548
2 1754
1 2872
2 3120
1 4720
2 4833
2 166
1 2200
2 560
2 3522
2 3458
1 332
2 846
1 220
2 2799
2 114
2 45
2 904
2 389
2 298
1 1226
1 2295
2 4192
1 850
2 3866
2 2686
1 3441
2 694
2 3441
1 2727
1 302
2 3899
1 2218
2 948
1 2469
1 460
1 697
2 2179
2 3836
1 3734
1 1294
2 2541
2 3577
1 3018
2 2093
1 1086
1 3080
1 2037
2 2789
1 233
2 459
1 4996
2 482
2 3726
1 4941
1 3156
1 861
1 2969
1 2459
1 907
1 412
2 3026
1 4134
1 549
2 1144
2 1519
2 1397
1 1858
2 2915
1 362
1 2577
2 3703
1 4718
1 3554
2 2749
2 4887
2 2202
1 2927
2 2365
2 981
1 2814
1 4571
2 23
2 4456
1 3633
1 4135
2 4141
1 1381
2 1613
2 1236
2 4219
1 3724
1 324
1 4761
1 1976
2 3788
2 4451
2 1551
2 313
1 122
2 4352
1 2375
1 1043
2 1284
2 4068
2 1135
1 4551
2 1352
1 572
1 3049
2 2963
1 2564
2 555
2 2301
1 3092
1 3324
1 2025
1 2707
2 559
1 2080
1 1342
1 4792
2 3587
1 1612
2 1593
1 2737
1 363
1 1337
1 3114
1 2158
1 4249
1 4911
1 74
1 3362
1 2245
2 1272
2 4784
2 2505
2 4204
2 4473
1 4898
2 3685
1 1379
2 4781
1 3791
2 3886
1 2748
1 3274
1 115
2 468
2 3625
1 1177
2 2414
2 1479
2 504
1 382
1 3613
2 1632
1 2646
2 1839
2 1131
1 2113
2 3147
2 2228
1 3586
2 776
2 4679
2 4743
1 3487
2 2136
2 1576
1 594
2 897
2 515
1 2968
1 47
2 3415
1 2192
2 1884
1 4450
1 1138
2 3626
1 2815
2 3058
2 4390
2 4212
1 1733
2 2702
1 3540
2 1867
1 1735
1 3094
2 163
1 1742
2 3642
2 2834
1 3200
2 2124
2 3577
2 3415
2 1062
1 4647
2 2467
1 716
1 2947
1 1376
1 2470
2 1473
2 86
1 500
1 3076
2 4235
2 2292
1 1543
1 2397
1 4292
1 3396
1 2092
2 1796
1 3529
2 293
2 1367
2 1135
2 2604
2 3685
1 3404
1 4370
2 404
2 899
2 1094
1 1295
2 3152
1 3152
2 840
2 3054
1 2031
2 292
2 84
1 4849
2 244
2 295
1 663
2 3570
1 4398
2 4956
2 2938
2 2210
1 4157
1 3254
2 2951
2 1611
2 2700
1 214
2 1770
2 3677
2 50
1 4441
2 4792
1 1009
2 2563
1 246
2 2155
2 4877
1 798
2 141
2 180
2 1209
1 1421
2 2888
2 3240
1 2329
1 4287
2 3859
2 2972
1 3750
1 3154
1 1452
1 1875
2 4342
1 2231
2 2024
1 957
2 1833
2 4122
2 4047
2 2578
1 440
2 231
1 2601
1 3248
1 3041
2 1032
2 1323
1 3425
2 4435
1 3013
2 4513
2 1002
1 2241
2 1113
2 3551
1 783
2 4525
2 4694
2 4185
2 1887
2 3576
1 1747
2 4632
1 1270
2 1074
2 832
1 3448
1 309
2 3716
2 2518
1 4347
1 2005
1 4094
1 3296
1 4689
1 3255
1 4808
2 3813
1 741
2 3530
1 2760
2 4586
1 2139
2 2516
2 2369
1 758
2 2209
2 3156
2 122
2 2430
1 130
1 3285
1 384
1 3519
1 438
1 3828
2 65
2 3335
2 3288
1 4229
2 2150
2 2450
1 269
2 2418
1 92
2 1414
2 2839
1 77
2 948
2 343
1 4515
2 3236
1 915
1 888
1 4469
2 292
1 3728
2 659
2 4653
2 199
1 2777
1 4914
1 4625
1 3579
2 1508
1 654
2 101
1 3167
2 4809
1 2306
1 1933
1 2650
1 1990
2 1206
1 3122
2 1188
2 2110
1 4764
1 1759
2 1091
1 1213
1 4181
2 3408
2 1433
1 765
2 3891
1 4928
2 1707
2 3766
2 891
2 4953
1 4967
2 1945
2 1776
2 334
1 2572
2 1399
1 4150
1 3836
2 2289
1 1067
2 2019
2 1134
1 1760
2 2048
2 1419
2 423
2 4792
2 2948
1 1178
2 3938
2 2701
1 4196
2 578
1 1276
2 517
1 1084
2 2238
1 4812
1 2731
1 1623
2 472
1 4825
1 2423
2 51
2 3214
1 646
2 2705
2 157
2 2040
2 4830
1 4215
2 2386
1 3620
2 2349
1 4359
2 4678
1 1927
1 858
1 3144
1 1137
1 4438
2 3513
2 939
2 4560
2 160
1 4154
1 2119
1 4035
1 3834
2 3284
1 3621
2 4718
2 2588
1 2538
2 6
2 44
2 116
1 2106
1 1267
2 4469
1 3157
1 3382
2 2656
1 2980
1 4998
2 2683
1 2511
2 1506
2 1382
2 4760
1 703
2 1551
2 2416
1 369
2 320
2 55
2 1614
2 2720
2 3078
2 575
2 2246
1 3175
2 4415
1 3287
2 4499
1 4595
2 1308
1 84
1 2811
2 1528
2 4218
2 488
1 3277
1 4850
1 86
2 941
2 1371
2 2840
2 314
1 721
2 4726
1 2565
1 1315
1 1234
2 491
2 421
1 2249
2 307
2 410
1 1509
1 395
2 648
1 3634
2 2264
1 4706
1 840
1 2438
2 4621
1 739
2 1133
1 1532
2 1570
2 4932
1 323
1 1682
2 2913
1 2430
1 2043
2 1837
2 4479
2 1960
2 4092
1 4531
2 3496
2 2649
1 4201
1 1843
1 1017
1 1156
2 3590
2 1710
2 4301
1 4321
1 1891
1 2629
1 1007
1 2238
2 2424
1 4386
2 1577
1 2697
2 4160
1 1082
1 928
1 4360
1 1412
2 4172
1 1854
2 3950
2 4772
1 2445
2 1356
2 434
1 1533
2 1100
1 1871
2 3149
1 3024
2 2435
2 3365
1 698
1 653
1 617
1 2943
1 4549
1 1953
2 3942
2 2805
1 4394
1 2289
2 1893
1 3978
2 1653
1 2796
1 4932
1 484
2 1544
1 4716
1 1785
2 3173
2 2710
2 1822
1 1386
1 4599
2 637
2 2462
2 1190
1 88
1 2398
1 3848
2 1113
1 3378
1 1792
1 750
1 3956
1 117
1 4820
1 1959
2 1234
1 1917
2 253
2 1043
1 536
1 4062
1 2868
2 1921
2 886
1 3516
2 219
1 3959
2 71
1 4419
1 3251
1 443
2 4484
1 3091
1 3119
2 1407
2 765
1 3583
2 4782
1 2301
1 4566
1 320
1 1115
2 2968
2 1789
2 834
1 2776
1 3952
2 1847
2 2511
2 2313
1 3058
2 1230
1 4445
1 4545
1 4744
2 2740
2 2508
1 4852
1 2543
2 2972
2 3950
1 1127
2 896
2 4892
2 2353
2 821
2 2205
2 517
1 3814
2 4228
1 3851
2 1377
1 2715
1 1568
2 4522
2 1385
2 1725
1 462
1 1189
2 4932
1 1631
2 3517
1 4824
2 2880
2 4760
1 3211
1 4185
1 1199
1 4427
1 1914
1 4448
1 4605
2 864
2 780
1 737
1 4486
2 1067
1 4191
2 4594
2 4868
1 3892
2 4958
1 4285
2 3327
2 4893
2 442
1 4556
2 4239
1 3158
2 4732
2 4250
2 430
1 3538
2 2115
2 2009
1 1834
1 3129
1 1899
2 1762
1 2979
2 1301
2 419
1 887
2 535
1 1795
2 44
2 2101
2 3635
1 465
2 559
2 2345
1 4577
2 3866
2 2697
2 646
2 4259
2 23
2 1810
2 4204
2 458
2 645
1 3947
2 2658
1 1391
2 4404
2 1175
2 3257
1 2679
2 169
2 1415
1 1639
2 1823
2 4566
1 1614
1 3095
2 4036
1 4936
1 1215
1 1096
1 2824
1 2234
2 4263
1 1285
2 4723
2 1189
2 1415
1 2855
1 1107
2 3857
2 3499
1 4320
2 3403
2 545
2 4865
1 4857
1 2034
1 881
2 1421
2 2381
1 89
2 2443
1 4432
2 1949
1 380
2 4664
2 3887
1 1491
1 4796
2 3922
1 4900
2 3346
2 2046
1 3455
2 3258
2 2977
2 4902
2 3926
2 782
2 1456
1 1013
1 2879
1 1051
2 856
2 581
1 4742
1 2504
1 1882
1 3729
2 1977
1 1201
2 2773
2 1059
2 4505
2 1984
1 1116
1 1466
1 344
2 3149
2 2214
2 956
1 4550
1 4957
2 1886
2 4769
2 3547
1 4241
2 1037
1 2903
1 575
2 1280
2 3177
2 3349
2 92
2 4708
2 1903
2 4837
2 2560
1 3424
2 2658
1 3397
2 265
2 3442
2 3889
1 3281
1 2698
2 2237
1 3702
1 1153
1 3654
2 519
1 1606
1 3775
2 4583
2 1116
1 4459
2 2341
2 2020
2 1120
1 4484
1 4940
2 1528
2 1151
1 104
2 759
1 3393
2 203
1 1909
1 3587
2 189
2 2180
2 2448
2 4499
2 1258
1 934
2 194
1 2581
1 3010
1 3871
2 2646
2 1451
2 4387
2 505
1 3636
1 1791
2 2049
2 887
1 3387
2 1389
2 2813
1 4363
1 3860
2 2791
1 1593
2 836
1 3990
1 2624
1 3172
1 3298
1 824
1 894
2 1900
1 3479
2 4924
2 3888
2 3726
2 1889
2 4221
2 1191
1 1983
1 1339
2 1799
2 2672
2 358
1 2116
1 3033
1 4670
2 115
1 3745
1 2639
1 823
2 1855
1 3302
1 2547
1 4349
1 1685
1 4220
2 4652
2 1359
1 3056
2 1980
2 1473
2 2652
1 4013
1 4356
1 2188
1 3792
2 2732
2 2866
1 1406
2 4051
2 3818
1 4186
1 2644
1 431
1 2595
1 2416
1 1723
2 3004
1 1233
2 88
1 493
2 1009
2 4128
1 1331
1 1815
1 523
2 2935
1 4491
1 4489
2 1075
1 2908
2 4649
2 856
1 4500
2 4044
1 2658
1 2651
1 4728
2 4522
2 327
2 1401
1 3544
2 4248
2 4659
2 4014
1 3928
1 2018
1 4555
1 4350
2 3064
2 1665
1 1072
1 4016
1 4452
1 3447
1 2782
1 3182
2 2176
1 1364
2 3009
1 4081
2 4761
2 1629
2 4684
2 2039
1 2478
2 2943
1 30
2 1504
2 4482
2 1059
1 266
1 182
2 2632
1 2540
2 1939
2 3585
1 3235
2 2836
2 621
2 4161
1 2800
2 832
1 3209
1 3725
2 2799
2 407
1 3451
1 1889
1 3827
1 4642
2 4074
1 2259
1 3300
1 780
1 2107
1 2387
1 2393
2 4593
1 4151
1 1649
2 4200
2 2290
1 3920
2 483
2 3827
2 2696
1 3054
1 1945
1 4384
1 3614
2 4649
1 582
2 1700
1 2787
1 666
1 2038
1 1852
2 2528
1 4668
1 2735
2 1333
1 3051
2 4101
2 3229
2 1396
1 4174
2 2740
2 1641
2 610
2 2792
2 3978
2 837
1 1613
1 2159
2 4215
1 517
1 2296
2 1321
2 2219
1 4471
2 4856
2 535
2 1385
2 2404
2 442
1 3352
2 100
2 4330
2 315
2 4941
1 4115
2 4237
2 3402
2 172
2 3861
1 2457
1 775
1 577
2 84
1 539
1 4931
2 1617
2 2053
1 4212
2 3248
1 624
2 4444
1 3012
1 853
2 791
1 4202
2 353
1 744
2 750
2 3721
1 2132
2 4666
1 3606
1 3360
2 752
1 746
1 2456
2 986
1 2210
2 4145
2 2106
1 1209
2 836
1 3708
1 3180
2 3164
1 1169
2 452
1 713
1 1008
2 3109
2 3480
1 1463
1 4488
1 1038
2 2750
2 389
2 2110
1 2702
2 3879
2 1901
1 764
1 1420
1 3081
2 540
2 4297
1 4880
2 3861
2 4081
1 1748
2 2851
1 605
2 634
1 1310
1 2692
2 1879
1 2215
1 2020
1 3153
2 1518
2 2628
2 720
1 2383
2 1312
1 3234
1 2
1 4790
2 462
2 4857
2 1913
2 1581
1 3693
2 2500
2 2968
1 140
2 1696
2 3779
1 2264
1 128
1 3525
2 4134
2 4303
2 3729
2 4087
2 3925
1 4634
2 878
1 927
1 2399
1 1382
1 2514
1 4597
1 591
1 3437
2 4828
2 3217
1 3949
1 3249
2 4805
1 791
2 3096
1 4000
1 2864
1 1035
1 3906
1 1769
1 1069
1 1193
1 146
1 2016
2 3277
2 4753
1 2183
2 2522
1 3338
1 4923
2 242
1 3245
2 1239
2 3982
1 2929
2 2209
2 2577
2 4041
1 2362
2 2703
2 74
2 2281
2 746
2 3073
1 4367
2 2156
1 3704
1 2147
1 1480
2 2097
1 1538
2 3954
1 4589
2 46
2 1682
2 4990
1 1089
1 20
2 743
2 3834
2 4719
1 1309
2 1369
2 2461
2 1212
2 4922
2 358
2 663
2 1094
1 3090
2 822
2 1058
1 455
1 2890
2 228
2 1207
1 807
2 975
1 2458
1 3972
1 292
2 3149
2 3412
1 393
2 4843
1 316
1 3902
2 3315
1 3819
1 1481
2 1925
1 4046
1 696
2 1832
2 3739
2 3396
1 1867
1 1358
1 3477
2 2098
1 2326
2 1141
1 1058
2 3450
2 2825
2 2964
1 1888
2 1767
1 4826
1 1528
1 3921
2 813
2 487
2 4130
1 2641
1 854
2 1873
1 2762
2 3680
1 2267
1 862
1 1208
1 2002
1 4847
2 2862
2 542
1 2050
1 3811
1 4769
2 4003
2 4852
1 1031
2 2537
2 2874
2 2776
1 2033
2 2424
2 1394
1 4943
2 1831
2 2638
2 324
2 1355
2 1349
1 2432
1 4122
2 1480
1 1740
1 4524
1 4913
2 3316
1 169
2 2695
2 1838
1 3331
2 1021
2 1210
2 1978
2 4805
2 930
1 1607
1 4875
2 4764
2 2599
1 4133
2 51
1 4478
1 4246
1 1110
1 3913
1 1782
1 185
2 2813
2 710
1 3994
1 2201
1 2257
2 577
2 4435
2 4287
1 4086
2 3222
2 2596
2 197
2 3304
1 252
1 506
1 151
2 2114
2 73
1 4969
1 3145
2 4219
1 226
1 256
1 4255
1 4168
1 3257
1 2546
1 3864
1 1484
2 874
1 3214
2 1886
1 856
1 2714
1 336
1 1374
1 3492
1 1548
1 1845
1 2376
2 4802
2 1420
2 3544
1 2162
1 1253
1 3700
2 1625
1 4823
1 3236
1 421
1 3505
2 2440
2 2654
2 1881
2 617
2 2053
2 4720
1 1662
1 4139
1 2157
1 2983
1 4200
2 540
2 2707
1 346
1 4493
1 4456
2 4276
2 1042
2 3006
1 4628
2 1728
2 2032
1 1783
2 4238
1 3663
2 473
1 606
2 2769
1 852
1 4402
1 4420
1 2008
1 4032
1 80
2 1106
2 4713
1 3755
1 1991
2 809
1 3813
2 1856
2 3890
2 162
1 4410
1 4182
2 3003
2 2159
1 4415
2 3018
2 2449
1 2803
2 2064
2 2914
1 4098
1 1862
1 3576
1 217
2 292
1 1784
1 3495
2 2039
2 4036
2 3289
2 3457
1 4010
1 2896
2 2515
1 632
2 472
2 1723
1 4100
1 3925
2 2802
1 4978
2 332
2 1224
1 3979
1 2812
1 4383
2 2591
1 1325
1 1653
1 423
2 3144
2 1106
2 1031
2 2285
1 2809
2 3743
1 4396
1 4184
2 1269
2 2491
2 1421
1 3800
2 4712
1 3462
2 3850
1 3660
1 3945
2 4269
2 3527
2 2342
1 2768
2 4812
1 1946
1 3388
2 2281
2 724
2 3944
2 4863
1 4343
2 413
1 932
2 1361
1 3436
2 4321
2 2102
1 3132
2 891
1 4983
1 90
2 971
1 4844
2 1721
2 2170
1 1675
1 4748
2 900
1 1816
1 1354
1 1023
1 264
1 425
2 4147
2 679
1 4076
1 348
1 635
2 740
1 784
1 1387
1 65
2 1427
1 2775
1 970
2 427
2 4099
1 2847
1 4259
1 4511
1 3034
1 2500
1 3163
1 2330
1 3885
1 900
2 1820
1 1860
1 1022
2 2229
2 3402
2 2974
2 3456
1 1743
1 2354
1 1183
1 1320
1 1196
1 3497
2 616
1 616
1 2610
2 2045
2 2155
1 2391
2 2077
2 1960
2 2754
2 2897
2 326
1 574
2 3256
2 2121
2 4070
1 4466
2 4923
2 847
1 3653
1 4012
2 1048
2 1878
2 4348
1 3073
1 32
2 1675
1 3008
2 1126
1 1776
2 751
1 3383
2 2031
2 3390
2 3507
2 374
1 2191
2 1578
2 2957
2 2796
2 3166
2 3745
1 865
2 2041
2 2297
2 3321
1 253
1 1813
1 4581
1 1658
1 1804
1 3111
1 1039
1 2062
2 4758
2 1548
2 4208
1 2046
1 4949
2 605
2 3161
1 3803
1 2989
2 1805
2 1092
1 1674
1 4103
2 939
2 3205
2 618
1 1150
1 2984
1 2365
2 4922
1 4950
1 3937
1 2838
1 4636
1 3361
1 1241
2 1678
2 3461
1 1821
1 1136
2 4618
2 4847
1 2537
1 1341
2 2814
1 4091
2 4851
2 46
1 4678
1 541
1 3335
2 1
2 2682
2 2710
2 4342
1 4244
1 562
1 583
1 2242
2 4104
2 3748
2 547
1 337
2 1636
1 1223
2 4437
2 4277
2 4470
2 2178
2 1414
1 2632
1 1055
2 3619
1 450
1 4324
2 16
1 1148
2 288
2 1316
1 668
1 2675
2 4076
2 248
2 4651
2 1846
1 884
2 3407
1 4966
1 409
1 1597
1 2897
2 741
1 280
1 4268
2 828
2 1614
1 636
2 4811
2 401
1 826
2 1006
2 3955
2 954
1 1142
2 1757
2 672
1 3288
1 3645
2 3956
1 259
1 2057
2 692
2 3035
1 2213
1 3191
1 1807
2 333
2 1182
1 519
1 3578
2 831
2 2439
1 4882
1 4763
1 3862
1 953
2 311
2 3351
1 1352
2 1916
2 2531
1 3407
2 351
2 53
1 4231
2 3387
2 2786
2 3349
1 1278
1 1955
1 4959
1 2222
2 2207
1 260
1 3822
1 2281
1 964
2 1920
2 4270
2 611
1 1586
1 2261
1 1324
1 3067
2 2160
2 3146
1 2149
1 2681
2 4018
2 2000
2 346
2 3651
2 2287
1 3919
2 2102
1 1025
2 3755
2 850
2 2359
1 4336
2 3533
1 2894
2 1522
2 1514
2 2651
2 1321
1 886
1 2991
2 2252
1 4353
2 744
1 277
1 1016
1 4565
2 2022
2 1259
1 4945
2 1031
2 1541
2 3745
1 1098
1 364
1 1670
2 306
2 3281
1 891
1 2886
1 1252
1 398
1 3123
2 4481
1 4043
2 2527
2 3962
1 3074
2 1937
1 2323
2 2493
1 2189
2 605
2 2312
1 2560
1 1684
1 4080
1 948
1 234
1 4426
2 2322
2 4773
2 1025
1 4974
2 1687
2 4969
1 922
1 156
1 2518
1 793
2 1981
2 4773
2 1043
2 2482
1 941
1 4976
2 2526
1 1907
2 1514
2 4978
2 4879
1 3657
2 1920
1 1168
1 289
2 3277
1 1461
2 4165
1 4057
2 1831
1 597
1 2693
1 2344
2 586
1 3471
2 1359
2 4913
2 2328
1 4743
2 3399
1 808
1 4075
1 3349
1 1060
2 4246
2 3988
1 2454
1 1741
1 2685
2 1174
2 2201
2 4712
2 4395
1 1372
2 4404
1 2263
2 3325
2 662
1 417
2 1197
1 2047
1 4132
1 158
2 3749
1 1672
2 4363
1 148
1 81
1 619
2 2210
1 3946
2 1656
1 622
2 3888
1 4457
2 2555
1 3453
2 2187
2 765
2 4007
2 3514
1 3787
1 1516
1 1923
2 77
2 2894
2 1195
1 4498
1 340
2 4183
1 2481
1 3694
2 1830
2 938
2 2310
1 4929
2 248
1 2799
1 1135
1 4638
1 3484
2 1924
2 2339
2 991
2 4578
2 3133
1 540
1 2499
2 3858
1 112
1 1562
2 4421
2 1773
2 3106
1 4791
1 633
2 3204
2 1834
2 1975
2 1864
2 2581
1 684
1 1145
1 801
2 1473
2 1741
2 3467
1 355
2 626
1 3464
1 408
1 4316
1 1652
2 4252
1 1828
2 2650
2 3351
1 4544
2 1476
1 1995
1 1530
2 2163
2 961
2 2435
2 4722
2 1969
1 4508
2 448
2 1742
2 3730
2 956
2 1157
2 3764
2 3506
1 542
2 3931
1 4866
2 4147
2 1810
2 1580
1 727
2 482
2 1827
2 2198
2 2409
1 4055
2 2658
2 834
2 4003
1 628
2 1917
1 1969
2 2736
2 1784
2 1352
1 4758
2 2561
2 1670
2 4733
2 1876
1 3117
1 2614
1 1074
1 4622
2 3003
2 1504
2 378
1 2664
2 130
2 1767
1 1667
1 4126
1 3964
1 3463
1 2732
1 2337
2 4844
1 2865
2 3400
1 2371
1 1272
2 693
1 3232
2 399
1 4079
2 872
1 97
1 2919
1 1540
2 164
1 4144
1 3421
1 3676
1 997
1 4856
1 4497
2 119
1 1686
2 2912
2 4048
1 3767
1 4981
1 1925
1 625
1 4228
2 3254
1 3816
2 847
2 2562
1 249
1 1873
2 1505
1 2582
2 4098
2 4666
2 4529
2 3284
2 144
1 379
2 91
2 4488
2 3570
1 2364
1 3272
1 3732
2 165
1 2667
2 2855
2 3287
1 2915
2 1160
1 4047
1 223
2 4434
1 2526
1 4240
1 4574
2 2808
1 163
1 181
1 2039
1 4149
1 973
2 2714
2 511
2 914
2 377
2 119
2 2336
1 4519
1 2351
1 524
1 3722
1 782
2 4679
1 354
1 719
2 2894
1 4819
2 1671
2 2227
2 4728
1 190
2 1639
1 967
1 2049
1 4733
2 2099
2 2428
2 3550
1 290
1 757
2 1386
1 1957
1 3373
1 3723
1 132
2 1215
1 4328
1 3805
2 1345
1 956
1 2063
1 1695
1 1911
2 1000
2 2471
2 4883
2 2310
2 2434
2 719
2 640
2 2691
2 4447
2 4858
1 1932
1 4547
1 207
2 1972
1 1422
1 1161
1 792
2 462
2 428
2 4685
2 764
1 3490
1 3291
1 537
1 1042
1 4130
2 82
2 3102
1 1551
1 1618
1 3228
2 4997
1 1242
2 2760
1 1024
2 3615
2 1796
1 285
2 4673
2 3384
1 3301
2 2871
1 3894
2 4312
1 2014
2 2503
2 3558
2 964
2 3777
1 4364
2 3782
1 2783
1 3915
2 1618
1 913
1 1041
2 2240
2 56
1 3884
2 1190
2 2175
1 2562
2 4838
2 4295
1 3545
1 4236
2 1909
2 4497
1 4659
2 200
2 2309
1 4963
1 3907
2 862
2 77
1 3971
2 3505
1 6
1 2604
1 479
1 4449
1 3597
1 3626
2 2789
2 4325
2 1277
1 2955
1 3575
1 2449
1 23
2 321
2 499
1 186
2 759
2 2479
2 2869
2 2655
2 2718
1 3759
1 1780
1 1840
1 3747
2 4989
2 1533
1 4467
1 359
2 1103
1 773
1 1032
2 2520
1 3124
2 2395
1 4640
2 850
2 3853
1 4431
2 1804
2 2413
1 154
2 391
1 2032
2 672
1 490
2 5
1 3184
1 1931
2 2305
2 3079
1 4378
1 1378
2 2120
1 4735
2 1329
1 876
2 212
2 3632
1 2607
1 1448
2 584
2 917
2 2168
2 546
2 3944
2 2149
2 2789
2 1916
1 1180
1 394
1 378
1 518
2 307
2 4763
1 905
1 1767
1 3997
1 1414
2 1776
2 834
2 452
1 1323
1 3897
2 407
2 2353
1 184
2 1123
1 2453
2 2326
2 4724
2 2921
1 680
1 4529
2 376
1 2598
1 1045
2 3678
2 4510
1 4942
2 3657
2 913
2 3077
2 1358
2 3780
2 278
2 943
1 424
1 1588
1 2471
2 4874
1 1496
2 1034
2 4059
2 3756
2 154
1 4953
1 4052
1 2431
2 4773
1 4430
1 3439
1 4395
1 1126
2 2644
1 4588
2 2694
1 4782
2 3066
2 733
1 4385
1 4226
1 1936
2 2252
1 3118
2 4958
1 14
2 3083
2 3307
2 690
1 4863
1 2444
2 4572
1 2559
1 754
1 1455
1 338
2 2862
1 197
1 1350
2 2818
1 1165
1 227
1 1940
1 3619
2 98
2 2472
2 3141
2 4052
1 2353
1 3428
1 2615
2 1866
1 4318
2 1450
2 3117
2 177
1 4106
1 3960
1 579
2 1252
2 3941
1 4387
2 2507
1 2291
1 992
1 3530
1 1246
2 4261
2 3366
1 4416
1 2198
2 2987
1 507
2 3615
1 4977
1 4697
1 406
2 953
2 205
1 647
2 401
2 2732
1 4779
2 2792
2 325
2 4812
2 1419
2 2787
1 1853
2 4301
2 3952
2 3516
2 2340
2 802
2 3229
1 532
1 3671
2 764
1 4295
2 1567
2 683
1 3327
2 3156
1 4436
2 854
2 333
1 1011
1 1564
2 293
2 3346
1 1322
1 3426
2 2633
1 1647
2 806
2 4316
1 3740
1 4440
2 1563
1 3282
1 2325
2 2135
1 3025
2 3482
2 1375
2 3023
1 2719
1 4485
2 3864
1 2221
2 2733
1 3757
2 1326
1 1301
2 69
2 3053
2 232
1 2873
1 1348
1 4505
2 3692
1 958
2 3754
1 4085
2 533
1 474
1 4971
1 3647
2 2633
2 1005
2 1711
1 4263
1 2475
1 3099
2 3575
2 2058
1 3865
1 1694
1 1570
2 2721
2 605
2 1934
1 2077
2 4500
2 1767
1 1221
1 3325
1 3674
1 1520
1 4683
1 2704
2 1192
1 3181
1 1600
1 688
1 349
2 1721
2 2449
1 1887
2 4532
1 4569
2 3456
2 2221
2 1203
1 590
1 1878
1 3637
2 3397
2 747
2 3680
1 1546
2 4130
1 686
2 2750
1 4073
2 4731
1 725
1 3057
1 1655
1 4257
1 4664
1 3207
1 4078
1 508
2 303
2 3342
1 771
2 638
2 1064
2 724
2 4564
1 1465
1 521
1 1628
1 986
2 1988
1 342
2 3862
1 4669
1 1822
2 2679
2 4341
1 1921
1 2671
2 4282
2 1851
2 2954
2 546
1 3608
2 1021
2 3242
1 669
2 2358
1 481
1 4938
1 4112
2 4955
1 85
1 4912
1 1627
1 136
2 1063
2 3590
2 4151
2 1396
2 1095
2 2649
2 2409
2 3781
2 1096
1 2434
2 4013
1 1615
1 770
1 4161
1 3564
2 2443
2 3963
1 3192
1 4860
1 4330
1 4446
2 1716
1 2313
1 2712
1 1508
2 4038
1 327
1 2521
1 4696
2 2664
2 3652
1 882
1 2517
1 3264
2 4569
1 4789
1 8
1 3980
2 4048
1 2931
1 1810
2 400
2 2490
1 972
1 1134
1 2510
1 3423
2 2798
2 1230
1 4657
2 2379
2 4868
1 3560
1 3402
2 3850
2 3256
1 41
2 2069
2 3226
2 2023
2 906
1 3460
2 2776
2 2916
2 3740
2 3826
2 4519
1 265
2 1339
1 2532
1 3566
1 1975
2 1623
2 2359
1 3562
1 2836
2 1738
2 4462
2 1279
1 3385
1 1666
2 2495
1 4868
2 1950
1 2152
2 2144
2 2872
2 104
1 3220
2 4608
1 3261
1 1550
2 471
2 2432
2 4369
1 2468
1 2436
2 2263
2 4052
1 4107
2 1062
1 1351
2 3971
2 1926
1 3419
2 4613
1 3818
2 3538
2 30
2 3583
1 1895
1 4310
2 1672
2 2554
2 4335
2 1269
1 3332
1 1712
2 3339
1 2228
2 191
2 2373
2 1972
2 2651
1 371
2 3783
2 2158
1 2750
2 3863
1 4510
1 515
1 1579
2 4188
1 4832
2 3335
1 3330
1 109
2 3985
2 4906
1 328
1 4522
2 784
1 35
2 1244
2 335
2 3773
2 126
2 3795
1 2370
1 1713
2 1440
1 3914
1 710
1 2357
2 3225
1 1827
1 2319
2 3007
2 2339
2 974
2 1465
1 4373
2 4502
2 1599
2 2361
1 672
1 57
1 485
2 242
2 2490
2 685
1 3565
2 4077
2 4843
2 1368
1 4537
2 2450
2 1340
2 3430
2 4607
1 4816
1 72
1 1006
1 1948
1 39
2 2092
2 1640
1 677
1 1519
1 152
2 3574
2 227
1 4999
2 2919
2 2414
2 174
2 4098
2 2745
1 400
1 2324
1 2194
1 1085
2 337
2 4755
2 4814
2 1511
2 852
2 3747
1 2048
2 4545
1 682
1 2867
1 3891
2 4748
2 3467
1 4894
1 4180
1 1188
1 4097
2 1813
1 3838
2 406
2 4532
2 1974
2 4332
2 4641
1 4503
1 2420
2 2952
2 2851
2 4804
1 2596
2 4563
1 2202
1 2100
1 4323
2 1155
2 1191
1 3501
1 3370
2 2069
1 83
1 2662
2 4180
1 3290
1 1152
2 2394
1 1817
2 4785
1 3369
1 62
2 1368
2 2664
1 2065
1 2460
1 1757
1 1777
1 2498
2 1631
2 2755
1 817
2 4296
1 534
2 4472
1 40
1 661
1 2254
2 4844
1 2021
1 4679
1 4101
1 155
1 1166
2 3485
1 3146
2 2185
1 2395
1 4329
1 2042
1 2355
1 4243
1 1527
2 2091
1 4313
2 2939
2 414
1 1101
1 4153
1 110
2 2341
2 4475
1 4138
1 2913
2 3923
2 4385
1 1580
1 1954
2 2022
2 1300
1 1866
2 4301
1 4162
1 3461
1 2676
1 258
1 3559
2 3974
1 1344
2 3060
1 2613
1 1838
1 4476
2 531
2 655
2 483
2 1793
2 768
2 3757
2 3751
2 488
1 4258
1 4056
1 3096
2 2103
1 4827
1 1967
2 3743
1 240
1 2619
1 1761
2 4813
1 1629
2 4025
1 3942
1 2027
1 816
2 3767
2 4414
1 811
1 3698
2 3717
1 4558
1 2321
2 4415
2 989
1 1321
1 701
2 1944
2 684
1 2709
2 3755
1 4821
1 3341
2 4945
2 3126
2 1073
1 59
2 1408
1 4211
1 4223
2 80
1 1937
2 440
1 1819
2 95
2 253
2 156
1 1004
1 3240
1 871
2 2747
1 2850
1 4836
2 3160
2 947
1 4609
2 4791
2 2086
1 2567
2 793
2 4916
1 1112
1 3664
2 915
2 4502
1 1645
2 3317
1 2001
2 1751
1 4822
2 1456
2 4415
1 4739
1 1973
2 1423
1 954
1 3276
2 2735
2 2094
2 4010
1 565
1 2207
2 4425
1 2338
1 3481
1 2901
2 3080
1 678
2 4101
2 1686
1 1034
2 2195
2 482
1 889
2 4451
2 3724
1 4740
1 554
1 4629
2 2172
2 205
1 596
1 2690
1 3170
1 2486
1 599
1 3558
1 2356
2 1505
2 155
1 4732
2 342
1 123
2 282
2 1595
2 109
2 2046
2 3076
2 1344
1 4787
2 4704
2 501
1 3038
1 11
2 4396
1 3710
2 1539
2 4846
2 947
1 2491
2 135
1 200
1 318
2 1105
2 1178
1 3950
2 1638
1 1872
2 1616
2 4715
1 1257
1 2145
2 4361
2 145
2 4648
2 843
2 1404
2 4459
2 3574
1 4955
1 1625
1 1751
1 912
1 2665
2 4757
2 1260
2 2939
1 864
2 3224
1 1646
1 3186
1 1282
2 2873
2 2269
1 4355
2 2021
1 4266
2 454
1 3935
1 1848
1 3600
1 180
2 4659
2 3803
1 3355
2 3879
2 2149
1 1162
1 477
2 1618
2 799
2 1010
2 1799
1 4041
1 1717
1 1131
2 2746
2 4902
1 3853
1 3825
1 1495
2 4298
2 1902
1 306
2 4595
1 4038
2 3204
1 2986
2 2517
2 3282
1 4291
2 1291
1 3345
2 1222
2 1868
1 1439
2 3704
1 3955
1 2757
2 2406
1 1317
2 3746
2 195
2 3488
1 655
2 3002
1 1775
2 2798
1 734
1 1790
1 4925
1 3068
1 3053
2 1406
2 4860
1 4015
2 4011
1 2099
1 2817
2 4513
1 1441
2 183
1 436
1 3669
1 2093
1 2409
2 240
2 549
2 825
1 2347
1 176
2 2316
1 2070
1 2672
1 3531
1 1477
2 1526
2 4883
1 3372
2 4410
2 3541
1 3936
2 932
2 4797
1 2857
2 2740
2 86
2 2837
2 3701
1 4093
1 416
1 1444
2 2154
1 2808
2 3202
2 4097
1 201
1 4922
1 952
2 2060
1 543
1 4930
1 3430
1 1371
1 2366
1 3030
1 3731
2 2481
2 460
2 2611
1 4876
1 1328
1 4146
1 3737
1 4074
2 1130
2 4421
2 360
2 902
2 3866
1 4322
1 659
2 713
1 4083
2 3313
2 4474
1 2127
2 2528
2 1742
1 990
1 1343
1 64
2 4461
2 1687
2 3252
2 2790
2 1755
2 330
1 4641
2 2933
1 459
1 4756
1 1753
1 4045
2 3598
1 2592
2 2765
2 1519
2 3055
1 3514
2 1064
2 4924
1 4899
2 4136
1 1934
2 4009
1 4777
2 142
2 837
1 3233
1 610
2 2545
2 4976
2 3119
2 570
1 2503
1 988
1 4795
2 2758
2 358
1 196
1 2483
2 840
1 3992
2 3332
2 4933
1 1554
1 769
2 2756
2 2509
1 3753
2 2565
2 1008
2 1530
2 1473
1 2550
2 825
2 4196
1 4546
1 3155
1 4405
1 4786
2 3542
2 3010
2 1027
2 1215
1 4391
2 413
2 1516
2 4997
1 1555
2 2234
2 363
1 1133
1 3977
2 1393
1 2148
2 3440
2 4034
1 2858
1 4230
1 1833
1 762
1 3059
2 686
2 476
1 1809
2 3171
1 1289
2 142
2 3515
1 1581
1 1316
1 3432
1 1556
1 4119
2 2727
1 3603
1 4995
2 2991
2 1875
1 2691
1 2066
2 1608
1 4172
2 3954
1 3889
2 1021
1 3778
1 3458
1 3574
2 1444
2 2355
1 2603
2 679
1 4049
2 1762
2 4024
2 418
1 2260
1 4661
2 4007
2 2015
1 3688
2 2897
2 235
1 4596
1 2670
1 2410
1 3237
2 4369
1 129
2 193
1 2774
2 4921
1 1314
1 3494
1 3193
1 2880
1 3709
2 281
1 270
1 2134
2 2610
1 2594
1 4749
2 1363
2 535
2 3434
1 2225
2 4167
1 2026
1 2294
2 1476
1 2746
2 4041
2 3107
1 3364
1 2870
2 4200
2 4713
1 788
2 2222
2 2011
2 1656
2 4399
2 1349
2 1372
2 4584
2 3738
1 3849
1 839
1 4273
2 2830
2 325
1 4127
2 2787
2 4960
2 2286
2 504
1 3539
2 2665
2 894
1 224
1 1408
2 4412
2 4818
2 4901
1 2916
1 2377
1 4311
2 3518
1 2810
1 940
2 1545
1 3882
2 252
2 4227
2 3124
1 3294
2 3893
1 4561
2 489
2 2252
1 4040
2 2553
2 3093
1 3555
1 3017
2 205
1 648
1 1021
1 275
2 4153
2 3755
1 1939
1 3679
2 1916
2 2218
1 2626
1 3173
1 3656
2 4498
1 3183
2 144
2 2487
2 517
1 745
2 1252
1 2834
2 2229
2 931
2 2546
1 1731
1 3625
1 3550
2 1049
1 3188
2 1207
1 4582
1 3044
1 547
1 1185
2 1158
2 3213
2 406
1 2446
1 4893
1 1453
2 4622
1 1893
1 2554
2 1813
2 4434
1 2451
1 2763
1 1243
1 2590
1 4848
1 3661
2 3899
1 120
2 4764
1 3159
1 199
2 291
2 654
2 3888
1 451
2 1910
1 4381
1 3438
2 1797
1 2766
2 2211
1 454
1 662
1 4719
1 4788
2 3825
1 1542
2 129
1 2784
2 148
2 2539
1 1912
2 634
2 337
2 2061
1 4601
2 4750
1 1718
2 1916
1 2934
1 3801
1 295
1 2251
2 3331
2 2687
2 2936
1 1500
1 706
1 4014
2 1622
2 4327
1 3720
2 629
2 1069
2 3337
1 4199
2 2978
1 1232
2 2895
2 2575
1 2304
1 3511
2 1565
1 1744
2 1757
1 1902
1 1763
1 2742
2 304
2 3423
2 3515
2 3859
2 3958
2 2794
2 703
2 4313
1 3445
1 4147
1 2205
2 2902
1 1353
2 3054
2 1190
1 2634
1 3703
1 4504
1 3239
2 3164
2 43
1 2686
1 3485
1 4724
1 2413
1 1659
1 4256
2 1969
2 4489
1 587
1 827
1 212
2 1093
2 1209
2 1577
1 2587
2 3567
2 4204
1 4225
1 3943
1 2529
2 293
2 107
2 4873
1 3638
2 244
1 2320
2 150
2 4974
1 4842
1 3459
1 1077
2 2719
1 925
2 1847
2 3641
2 3798
1 2489
1 833
1 4541
1 2156
1 4548
2 4226
2 1707
1 2130
2 2594
1 4874
2 1159
2 3041
1 1164
1 3306
1 1859
2 530
1 1059
2 1959
2 2027
1 968
1 4646
1 2013
2 381
2 1852
1 4892
1 699
2 1146
2 844
1 4830
2 644
2 2886
1 2926
1 1449
2 1287
2 694
2 302
1 2060
1 4864
1 603
2 3867
1 353
1 626
2 690
2 4388
1 1521
1 3149
2 1041
1 3456
1 3815
2 1679
1 63
2 1419
1 3798
2 694
2 3018
1 1430
1 4672
1 2820
1 2576
2 2567
1 4481
1 2570
2 784
2 3668
2 4906
2 1619
1 3780
2 4510
1 2772
2 588
1 4008
1 4656
1 1318
1 1745
2 1214
2 4736
1 2331
2 2816
1 3904
1 4765
2 4241
1 3342
1 2112
1 3499
1 693
1 4159
2 966
1 4965
2 1098
2 3343
2 4461
1 593
2 2516
1 4090
1 3968
2 4285
1 4442
1 3321
2 3523
2 4338
2 851
1 87
2 1273
2 321
1 1440
1 641
1 1036
2 4846
1 4626
2 4910
2 1636
2 4266
1 2973
2 4524
1 3543
1 4985
1 4461
2 4249
2 678
1 221
1 2513
1 2041
2 1697
1 1073
1 4917
2 508
1 26
1 4711
1 4578
1 4933
2 4990
2 1203
2 2815
1 1176
2 299
1 1419
1 3850
2 4245
2 3299
1 2115
2 1803
2 3861
2 1944
2 4106
2 1085
1 3190
1 3358
2 4456
1 1485
1 1117
1 3886
2 2919
2 1006
1 571
1 3052
1 1050
1 3075
1 1726
2 2776
2 3870
1 3929
1 4339
2 1144
1 288
2 587
1 1981
2 3932
2 2172
2 1346
2 795
2 1098
2 3521
2 3835
2 1379
1 2236
2 5
1 3598
2 4190
2 3955
2 4523
1 4213
2 2381
1 3515
2 990
1 178
2 4899
1 1567
2 1886
1 4141
1 2059
1 2608
1 3765
1 2381
1 3678
1 3779
1 1291
2 2281
1 1088
1 895
1 3640
1 866
2 3786
1 101
2 1101
1 1236
1 3431
2 2551
2 1262
1 1409
2 3681
1 874
2 272
1 2172
1 54
2 4109
2 3492
2 4854
2 1986
2 436
1 944
1 4082
1 2163
2 622
1 4757
1 4680
1 2978
1 1212
2 4671
2 1474
1 1190
2 737
1 3677
2 1885
1 3470
2 2786
2 3719
2 4818
1 1120
2 4563
1 3187
2 1924
1 3202
2 3354
1 143
2 3294
1 3101
2 3824
2 4383
2 4790
2 456
2 4743
2 2423
2 1518
2 4635
2 4656
2 930
1 3009
1 218
1 3312
1 2040
1 3286
1 601
1 608
1 368
1 2137
2 2202
2 1463
1 3440
1 2921
2 473
2 4180
2 1940
1 4030
2 3213
2 4279
1 3772
1 2848
1 1248
2 4230
1 2556
2 568
2 1206
2 3698
2 1209
1 2316
2 3417
2 69
2 4038
1 4993
1 3766
1 139
1 4238
2 2177
2 780
1 4858
2 2307
2 3825
1 3668
1 3998
1 1298
1 4837
1 1424
1 2087
2 851
2 4955
2 318
1 2508
1 4309
2 4608
1 1268
2 4713
2 240
1 1279
1 2342
2 2082
1 3953
1 629
1 3617
2 835
1 3659
1 1788
2 198
1 2089
1 4248
1 2179
1 1900
1 651
2 539
2 651
2 3622
2 677
2 1424
2 1411
1 2854
1 456
1 2075
1 441
1 1681
2 694
2 4918
1 367
1 4084
2 4591
1 211
1 4586
2 4607
1 4060
2 2293
2 2734
1 3085
1 3691
2 563
2 682
2 1421
1 225
1 1805
1 3103
1 3133
1 1553
2 631
2 1734
1 2101
2 4841
1 2871
1 3337
1 4341
2 1900
2 73
2 3723
2 3080
1 4137
1 2311
2 3969
2 2015
1 2531
1 4269
1 4674
1 1019
2 418
1 3875
2 554
2 1465
2 1288
1 512
2 1815
2 2212
1 402
2 4783
1 2674
1 2684
1 2852
1 166
1 4470
1 2219
1 2756
2 3482
2 1102
2 2115
2 1130
1 4593
1 3810
1 4815
1 3520
2 1785
2 412
2 2883
1 621
2 3497
1 1539
1 660
2 909
1 3346
1 3707
2 2068
1 553
2 1254
1 2699
1 2645
1 959
1 1114
1 4447
2 3997
1 3128
2 2612
2 1344
2 2484
2 491
2 4691
1 573
2 2652
2 4275
1 172
2 969
1 4357
1 4145
1 2091
2 1567
1 857
2 580
1 3316
2 2458
1 4380
2 1425
2 3061
1 209
2 4882
1 3429
1 1663
2 2922
2 1588
2 2501
1 2966
1 1730
1 2284
1 4009
1 806
1 4954
2 3150
2 2381
2 2815
1 1504
1 1563
1 1361
1 2151
1 2006
1 4579
1 4810
2 2041
1 3524
2 938
1 46
2 879
1 1454
2 3670
1 3727
2 436
1 595
2 2858
2 3912
2 507
1 3375
2 117
1 1239
2 3157
1 3480
1 4169
2 2611
1 3394
2 520
1 1849
1 119
2 4779
1 3670
1 4775
1 2389
1 4005
2 1018
2 2270
2 480
2 4391
1 2622
2 1912
2 2450
1 2448
1 55
1 2769
1 1707
2 4358
2 2419
2 3061
2 4455
1 2992
2 4469
2 2300
2 2309
2 3847
1 1362
1 3547
2 4447
2 4201
1 2485
2 477
1 4630
2 1879
1 2981
2 2395
2 4075
1 3940
1 1611
2 3951
2 4066
2 3338
1 1719
2 4439
2 1429
1 43
2 1254
1 2109
2 2115
2 1282
1 556
1 2262
2 1340
2 301
1 3022
2 1714
2 2315
1 1696
1 312
2 1392
1 4557
2 1773
2 4077
2 4939
1 763
2 3408
1 643
2 1721
1 2843
2 2350
2 2240
1 3923
1 1383
1 1724
1 3225
2 1997
2 4790
1 374
1 2895
2 2248
1 1304
2 527
1 3911
1 1559
1 3314
1 951
2 2674
1 12
2 3042
2 1948
1 1693
2 2104
1 638
2 2325
1 3339
1 4526
1 3599
2 229
1 2544
2 3952
1 4909
2 838
2 1191
2 2764
2 3494
1 3001
2 40
1 2752
2 2267
2 1191
1 4759
2 3562
1 946
2 2949
1 3304
2 3730
2 1230
2 2674
2 3624
1 4653
2 1832
2 2689
2 372
2 3641
2 4513
1 1425
2 4806
1 2909
1 3924
2 889
1 2277
2 1295
1 4194
2 3025
2 16
2 3952
1 4616
2 9
1 4937
1 2753
2 619
2 2051
1 602
1 4444
2 4125
2 4786
1 195
2 826
1 2174
2 911
1 2882
1 3333
1 430
2 2995
1 2104
1 3166
2 3437
1 3368
1 1399
1 4479
2 779
2 4902
1 3589
2 2214
2 3000
2 907
2 4017
1 4751
1 3444
2 2086
1 3832
1 2184
2 3975
2 2391
2 3350
2 2364
1 106
1 3607
1 2739
2 2136
2 3086
2 4907
1 1385
1 4271
2 2089
1 3164
2 2851
1 4986
1 1389
1 310
2 2310
2 2903
1 1470
2 2922
2 3075
2 900
1 131
1 433
1 1711
1 3582
1 4699
2 4210
1 1596
1 4297
2 4168
1 3395
1 1676
2 2940
2 1175
2 209
2 3204
1 1835
1 4660
2 4574
2 1024
2 3663
2 3663
1 510
2 837
1 4251
2 1156
1 4619
1 2936
1 4232
2 4705
2 2321
2 3609
2 2143
1 291
1 2785
2 4375
2 1483
2 530
2 2534
1 52
2 4673
1 4970
1 203
1 4934
2 299
2 2684
1 2165
2 1018
2 891
2 2592
1 1787
2 2836
2 4192
2 2440
1 442
2 3576
1 2186
1 4177
2 2034
2 233
1 1750
2 2351
1 2269
2 418
1 2705
2 1178
2 4042
1 4878
1 3789
1 4655
1 2298
1 2166
1 3326
2 4451
2 2415
1 3591
2 337
2 1304
2 2919
2 4248
1 3517
2 3895
2 349
2 2434
1 1287
2 3269
2 1823
2 2675
2 1512
1 2051
1 4325
2 1116
1 3895
1 2114
2 119
2 4550
1 1123
2 1486
1 1665
1 439
2 2063
1 637
1 4286
2 882
2 792
2 874
2 4174
1 2723
1 890
1 821
2 1327
1 4164
2 662
2 4102
2 2196
2 3985
2 1162
1 4245
2 2885
1 2816
1 3537
2 907
1 386
1 1172
1 4305
2 976
1 1806
2 820
2 2000
