705
617
825
648
583
583
697
617
585
617
803
826
697
615
594
514
697
825
477
569
298
287
456
275
296
345
266
40
298
473
265
103
290
129
28
99
233
266
138
210
296
233
334
264
233
233
266
330
334
8
21
184
137
180
230
290
271
296
51
131
254
230
187
137
144
291
212
266
317
178
311
180
118
80
80
161
187
118
55
21
118
233
166
200
230
230
24
22
114
161
21
116
233
189
57
243
57
230
55
80
55
49
21
230
55
91
49
57
49
57
24
95
226
109
49
15
49
15
84
48
49
153
24
189
42
83
160
39
104
154
233
233
21
57
248
229
57
55
55
66
94
80
61
21
99
21
31
5
94
62
113
55
13
34
91
49
57
47
91
24
54
97
57
21
91
6
67
39
55
60
57
39
10
0
69
55
47
21
94
60
44
94
68
57
59
44
28
41
91
17
63
69
69
60
63
44
21
25
91
24
72
62
6
68
3
62
21
47
18
39
30
63
63
21
66
66
91
29
11
5
24
66
26
47
15
19
3
34
89
66
39
19
44
63
45
47
15
45
16
67
52
44
44
29
35
60
69
69
6
0
44
18
63
63
23
3
47
27
43
17
77
44
24
4
4
60
53
47
16
8
32
44
14
47
63
66
8
3
21
4
23
60
62
4
44
17
54
24
8
56
28
31
45
2
11
7
54
60
16
4
8
51
9
25
50
59
50
44
38
2
17
9
70
45
22
33
4
4
20
3
52
0
4
4
50
4
36
12
34
4
39
21
45
44
45
18
21
9
41
26
7
13
21
3
30
19
53
12
44
21
8
8
47
14
15
8
25
10
45
9
8
45
53
14
38
6
34
44
21
7
0
5
47
8
13
33
8
3
45
50
10
13
25
9
24
23
53
27
38
2
21
22
12
52
32
9
43
45
8
50
24
52
7
11
26
21
45
16
19
2
28
12
38
12
44
7
11
52
27
44
4
11
4
12
50
7
0
8
9
5
2
45
42
50
4
8
11
18
28
0
17
24
8
52
5
8
12
8
7
19
6
5
25
11
21
2
53
44
50
4
0
6
21
40
53
44
53
41
10
0
4
6
0
19
4
4
47
11
5
15
21
4
12
4
56
14
19
6
40
44
4
14
45
40
12
38
4
44
12
45
18
21
4
12
8
1
24
38
6
3
13
12
20
35
6
9
12
9
53
11
4
5
5
15
9
11
12
11
21
8
2
8
19
25
7
3
11
8
21
17
27
53
36
0
13
12
11
38
9
6
8
10
9
12
11
17
4
12
4
20
20
16
40
53
13
6
21
4
0
44
53
18
12
21
10
38
6
34
8
6
20
14
5
1
19
40
4
2
2
40
47
10
39
2
5
1
2
40
10
53
13
13
7
8
53
1
25
2
0
2
7
5
5
4
11
8
22
2
6
14
12
9
11
5
28
29
49
21
0
21
19
19
0
6
22
19
6
2
9
0
26
10
8
5
7
2
5
2
3
4
2
9
8
0
5
1
8
2
4
21
33
12
5
10
2
13
5
26
11
4
3
4
10
8
6
10
6
2
10
8
21
9
6
19
26
10
10
9
15
0
21
26
9
8
10
2
13
16
18
8
5
10
21
9
11
0
10
10
21
8
8
11
5
13
10
13
10
8
5
10
9
21
18
18
21
12
16
5
11
10
4
0
5
8
19
23
10
15
6
11
22
35
5
10
6
7
4
21
10
8
8
10
6
6
8
6
2
2
10
20
2
5
10
2
6
20
12
10
11
26
0
1
9
11
10
20
5
5
10
2
16
21
1
21
3
4
20
11
8
11
10
11
19
7
7
10
0
10
10
2
19
24
8
6
10
14
9
1
10
15
6
9
10
5
18
21
8
9
13
5
21
10
11
10
5
14
1
11
10
5
9
18
10
6
2
2
4
6
13
4
9
0
8
20
8
0
21
6
3
10
21
2
5
15
12
0
2
16
16
2
6
7
9
11
11
2
0
10
11
6
20
0
2
21
8
7
23
0
6
8
16
16
4
0
20
10
21
6
3
3
3
20
3
5
0
10
2
4
12
11
12
23
0
7
0
22
8
10
6
7
11
3
6
12
4
10
6
4
20
10
17
5
20
3
11
5
7
7
5
6
5
0
5
0
16
3
20
16
7
6
6
3
2
6
8
8
6
3
4
6
1
3
1
10
10
12
10
10
0
20
20
13
7
9
10
3
10
16
0
5
6
5
8
22
10
13
2
16
16
10
2
2
5
20
4
3
10
10
8
3
6
15
1
0
10
5
1
2
21
7
0
0
2
6
3
4
6
16
3
8
26
1
0
1
0
7
16
4
3
6
25
11
4
10
5
3
0
10
0
0
8
0
8
4
6
0
0
8
2
0
7
5
10
2
8
4
0
0
0
10
3
0
5
2
0
18
4
6
10
10
0
3
4
5
6
0
20
2
21
5
4
2
11
9
0
8
2
10
10
10
8
5
3
2
0
2
8
2
0
12
0
0
10
5
0
10
21
4
21
6
5
1
2
10
6
4
5
8
3
5
0
3
5
4
19
7
21
13
2
2
6
18
9
10
14
2
4
6
4
7
2
20
4
12
3
10
1
0
3
5
21
10
3
12
0
2
3
12
5
6
2
4
6
10
4
4
9
20
3
0
6
21
8
20
0
4
7
2
20
21
21
8
2
1
6
21
2
10
2
8
8
2
6
3
6
2
3
21
4
4
2
4
2
10
4
16
10
2
2
20
2
10
4
10
0
3
21
0
4
10
10
4
2
4
2
0
4
4
10
6
4
21
4
10
2
10
2
0
0
3
3
0
4
0
5
21
4
0
10
4
4
3
2
6
2
10
3
4
3
0
21
4
7
3
0
2
10
1
10
7
2
6
3
6
10
5
9
0
3
26
4
4
0
7
6
4
0
3
7
2
4
4
23
2
3
10
3
0
2
6
7
4
4
10
2
2
0
1
6
17
1
3
0
0
4
6
0
21
6
0
10
7
6
0
2
6
0
4
0
0
8
6
6
0
7
0
0
13
18
4
4
9
2
0
0
10
2
4
2
4
0
2
6
0
7
10
6
9
0
0
1
6
2
0
4
0
3
5
2
6
0
5
6
1
10
9
9
2
0
7
1
10
2
2
10
7
3
7
13
4
4
6
2
5
2
4
7
6
9
4
2
6
4
0
6
2
2
3
4
6
13
0
1
4
5
7
5
4
6
6
4
6
0
10
1
0
0
0
13
0
6
2
9
4
2
2
8
0
0
2
2
0
1
2
0
13
4
0
12
8
2
0
4
3
6
5
2
10
9
2
0
2
4
7
0
0
4
13
4
4
0
1
2
6
0
0
1
9
2
2
13
0
2
2
1
10
0
0
0
0
2
9
2
13
4
0
0
9
4
6
0
4
2
3
0
3
13
4
4
3
4
4
4
12
2
4
2
4
0
6
0
0
0
7
13
10
2
4
2
9
5
0
4
2
7
7
0
4
0
3
3
2
0
3
2
0
3
9
4
2
10
4
4
10
10
0
2
1
7
8
7
8
3
2
3
2
0
7
2
2
10
0
5
0
0
0
4
7
6
2
0
5
4
10
2
4
9
10
5
0
0
5
2
2
8
4
4
5
4
4
9
3
4
4
0
4
0
1
2
4
0
6
4
2
6
0
6
7
9
7
9
0
4
6
9
2
2
0
1
7
8
2
4
12
7
3
4
2
5
5
10
1
9
5
4
4
0
3
2
0
8
10
7
1
0
9
0
3
9
4
0
0
1
0
0
4
5
0
0
10
9
4
1
0
4
0
12
5
0
6
0
0
5
9
4
4
7
0
4
5
10
0
3
5
1
3
7
5
4
2
2
3
4
9
5
1
3
1
4
2
3
0
0
2
4
4
2
1
7
0
6
7
8
1
1
4
2
7
2
2
2
3
6
7
4
0
3
5
0
0
0
0
4
1
2
2
2
9
2
3
4
0
2
2
2
5
5
2
0
4
2
4
1
2
10
0
0
0
2
0
1
4
8
6
3
5
2
2
0
0
0
0
7
4
5
0
0
0
1
0
1
5
4
0
2
6
4
2
0
5
4
1
1
2
1
1
2
3
7
0
1
9
0
0
1
0
2
6
4
0
0
2
10
5
5
4
2
3
0
0
2
0
7
3
5
3
2
2
1
4
5
4
2
1
4
2
6
4
0
2
0
6
4
2
2
8
6
2
5
1
1
0
2
2
2
3
4
3
5
4
2
2
0
1
4
4
1
1
1
10
4
4
0
0
7
4
6
5
0
5
5
1
2
2
4
9
4
6
4
0
2
2
2
6
10
1
2
2
2
2
4
3
2
3
0
2
3
2
0
2
4
0
0
0
3
2
0
0
0
7
2
0
2
4
2
2
4
0
2
2
3
3
4
2
2
2
0
2
2
0
0
4
4
0
1
0
0
2
4
4
4
4
0
0
5
2
0
4
2
0
0
3
0
0
0
0
4
0
5
2
2
2
3
5
2
4
1
2
5
2
0
1
2
3
0
3
0
2
10
2
0
2
2
4
3
2
4
0
10
2
2
3
5
1
0
2
1
0
0
0
0
0
0
0
0
2
4
0
0
4
2
5
3
3
2
4
0
0
2
4
0
2
4
4
3
6
2
4
4
3
1
4
4
0
5
3
3
2
1
3
10
2
0
0
5
4
3
0
4
0
10
2
1
0
0
1
5
0
1
0
1
2
2
3
7
2
1
3
4
0
0
4
0
0
2
0
4
0
8
4
2
0
4
1
0
0
0
0
4
2
2
2
1
0
1
3
1
0
2
2
2
3
0
0
1
5
1
10
0
0
0
0
0
0
0
0
0
0
2
2
2
0
2
2
3
2
3
2
0
10
0
2
0
10
4
3
4
0
0
2
5
2
2
0
2
0
2
2
0
1
3
1
2
0
1
2
4
0
2
4
0
0
1
0
2
2
1
2
2
2
10
0
4
2
4
3
3
0
0
2
2
5
3
0
0
1
0
5
1
4
0
10
1
0
6
3
0
1
0
1
3
2
2
0
4
1
0
2
2
7
0
2
0
3
0
2
0
0
5
0
0
4
0
0
2
1
2
0
3
2
0
1
1
0
1
0
2
0
0
3
3
2
0
10
0
0
4
6
5
0
5
0
1
2
2
5
0
3
2
1
0
0
0
2
0
0
2
2
2
1
6
0
2
1
2
0
4
6
0
1
0
2
3
2
2
2
0
0
1
0
1
2
0
0
2
0
4
2
0
0
0
10
0
0
2
2
3
0
3
2
11
0
3
10
0
0
2
0
1
0
3
2
0
2
5
3
0
5
10
0
0
2
0
1
2
3
5
2
0
2
0
0
0
0
0
0
0
1
3
0
1
0
2
0
4
1
10
4
4
1
0
2
4
1
0
2
0
0
0
2
2
5
0
5
0
0
8
4
4
10
2
0
2
4
2
2
0
2
2
0
3
2
4
1
4
0
0
1
1
5
8
0
2
1
1
2
0
0
0
6
2
4
1
4
0
1
2
0
0
2
0
4
2
2
0
1
0
2
0
10
2
3
0
2
2
1
1
0
4
2
2
2
1
3
0
0
0
0
1
0
4
1
0
0
0
0
3
2
6
0
3
2
1
2
2
2
10
2
3
2
0
1
1
0
0
1
0
0
0
4
0
2
0
2
3
0
4
4
0
0
0
1
3
0
3
2
0
4
0
0
