30 870 4
30 1 0
11 13 1
23 19 0
16 17 1
23 20 0
23 26 1
17 9 1
19 6 0
13 16 1
16 20 1
9 2 0
21 5 1
9 3 1
26 10 1
7 1 1
3 22 1
3 18 1
8 6 0
15 19 0
4 21 0
27 9 1
1 26 1
26 15 1
5 26 0
5 15 1
19 27 1
6 22 1
3 26 0
14 26 1
4 30 0
12 20 1
29 17 0
13 27 0
30 15 1
7 12 0
3 15 0
16 13 0
12 13 1
7 12 0
29 26 1
18 6 0
26 12 1
22 2 1
28 18 1
9 8 0
16 2 0
28 29 0
2 30 0
13 4 1
1 13 1
6 25 1
9 10 0
10 23 0
27 10 1
26 27 1
28 19 1
18 28 0
17 30 1
21 5 0
3 8 1
20 10 1
21 20 0
14 18 0
15 8 1
11 25 0
22 4 1
19 29 0
10 20 1
14 27 0
13 16 0
14 5 0
26 29 1
13 23 0
20 18 1
6 2 1
10 12 0
8 10 1
19 26 1
15 28 0
30 12 1
4 28 1
2 26 1
16 6 0
26 7 0
19 14 0
30 24 1
2 25 0
27 14 1
16 4 0
27 29 0
16 29 0
3 20 1
8 20 1
14 2 0
20 4 1
13 4 0
30 20 1
5 6 0
1 10 0
29 20 1
27 8 1
8 22 1
19 29 1
21 13 1
24 23 0
19 21 1
9 10 0
6 1 1
7 17 1
18 11 1
18 30 0
9 5 0
29 5 0
3 20 0
17 10 0
7 12 0
9 18 0
9 15 0
17 24 1
27 26 1
19 26 1
15 14 0
19 2 0
8 9 0
10 5 0
13 17 1
22 10 1
6 10 1
21 8 1
16 11 0
3 24 0
9 24 0
10 24 1
10 14 1
7 7 1
15 16 0
24 23 0
4 9 1
11 24 0
13 18 0
29 9 0
22 9 0
8 24 0
21 28 0
27 1 1
12 13 1
5 29 0
5 28 1
20 2 0
8 26 0
8 28 1
16 3 1
10 7 0
29 21 1
29 15 0
3 28 0
23 4 0
20 26 0
21 12 0
8 1 1
28 2 0
22 1 1
28 13 1
19 3 0
25 13 0
22 11 0
18 29 0
5 5 0
8 7 1
8 29 1
9 27 0
1 25 1
14 30 0
8 6 0
12 18 0
22 20 0
13 16 1
9 12 0
16 19 0
14 30 0
2 26 1
18 4 0
9 2 0
14 20 1
1 18 0
12 10 1
19 8 1
30 22 1
10 11 1
9 29 0
27 16 1
22 12 1
23 1 0
5 2 1
22 3 0
2 6 1
9 1 0
30 8 1
2 24 0
22 24 0
8 22 0
11 29 0
11 15 1
13 10 0
7 11 0
4 12 1
5 16 0
12 9 0
27 24 0
21 18 1
4 4 1
2 17 0
8 12 0
18 30 1
28 22 1
1 28 1
16 4 0
25 11 0
18 9 0
27 8 0
30 21 0
8 3 1
20 26 0
19 29 0
3 6 1
30 11 0
25 19 0
5 24 1
5 10 1
5 22 0
17 17 0
20 14 0
7 13 1
5 11 0
2 18 1
4 22 1
22 18 0
7 29 0
16 5 1
8 19 1
24 30 1
7 2 0
19 11 1
21 18 1
8 27 1
21 16 0
8 18 1
7 22 0
11 15 1
21 21 0
12 22 1
13 2 0
24 1 1
3 28 1
29 29 0
6 23 1
23 12 0
14 23 1
29 2 1
11 4 1
24 6 0
26 30 1
18 1 0
16 5 1
6 29 1
21 30 1
2 22 0
16 14 0
17 11 1
21 11 1
18 1 1
17 24 1
10 8 0
6 29 1
4 30 0
3 21 0
17 25 0
22 13 1
2 7 1
12 20 1
4 14 1
28 23 0
27 27 1
26 10 0
17 9 1
8 5 0
2 21 0
7 30 0
5 3 1
24 7 1
29 30 0
21 11 0
9 30 1
19 20 1
19 15 0
15 13 1
5 5 0
4 6 1
29 27 1
5 20 1
26 9 1
6 1 1
27 12 0
16 19 0
30 14 0
4 25 0
1 13 0
6 16 0
24 4 0
6 9 0
14 8 0
6 6 1
17 24 1
5 20 1
10 27 1
26 13 0
30 14 0
16 18 0
11 10 1
19 30 0
27 8 1
24 20 0
17 29 1
28 4 1
16 17 0
29 30 1
4 30 1
13 8 0
23 5 1
14 25 1
22 13 0
11 13 0
1 11 1
4 24 1
21 4 0
12 24 0
11 1 0
10 7 1
14 7 1
30 8 1
12 28 1
17 6 0
27 7 0
20 16 0
16 23 1
9 7 1
1 11 0
7 18 0
5 7 1
13 11 0
2 28 0
8 6 1
6 16 1
22 26 1
14 1 1
12 27 0
22 25 0
1 4 0
29 21 0
9 14 1
28 6 1
3 1 0
10 13 1
27 12 1
20 1 0
16 27 1
2 1 0
5 27 1
26 8 1
1 7 1
28 26 0
20 8 1
24 12 0
6 29 1
28 29 0
25 4 1
25 20 0
14 27 1
21 18 0
19 15 1
14 21 1
13 17 0
24 7 1
14 28 1
12 16 0
15 23 1
26 7 1
14 15 0
1 5 1
16 4 1
28 11 1
6 7 0
12 22 0
10 1 0
25 15 1
10 19 1
8 16 1
22 30 1
18 27 0
21 6 1
23 3 0
29 5 1
21 20 1
21 12 0
28 17 1
16 4 0
1 20 1
23 9 0
19 3 0
25 6 1
19 16 0
24 24 0
5 29 1
16 15 1
2 11 1
28 23 0
17 6 1
17 4 0
19 8 0
17 30 0
24 4 0
9 22 1
7 9 0
22 8 0
24 28 1
16 28 0
21 14 1
16 22 1
16 22 1
7 2 0
10 29 0
23 14 1
2 22 0
9 26 0
28 7 1
26 19 0
1 21 1
22 30 1
5 26 1
6 2 0
4 16 0
17 15 1
30 23 1
17 8 0
23 27 1
12 18 0
24 7 1
23 25 1
18 12 0
11 22 0
18 30 0
3 9 1
17 10 0
24 13 1
13 16 0
22 24 0
28 12 1
14 29 0
25 8 1
8 20 0
29 8 1
7 22 0
17 14 0
21 5 1
6 13 0
21 14 0
2 9 1
1 6 1
8 25 0
27 15 1
27 16 0
18 27 1
1 1 1
27 22 1
10 29 1
15 17 0
15 19 1
20 18 0
6 22 0
21 21 1
28 20 0
16 17 0
17 20 1
30 24 1
28 25 1
7 24 0
17 5 0
4 17 1
25 14 0
16 17 0
27 9 0
13 19 1
2 16 1
25 5 1
12 13 0
27 29 0
1 14 0
9 21 0
14 9 1
1 11 1
1 17 0
20 29 0
5 18 0
2 15 0
14 11 0
12 5 1
25 19 1
7 27 1
16 22 0
18 20 1
5 16 1
25 9 0
12 21 1
18 19 1
28 12 0
25 7 1
13 29 1
2 12 1
23 26 0
4 24 1
20 21 0
20 11 0
2 12 0
21 26 1
24 2 0
30 14 0
28 7 0
2 16 0
27 24 1
20 25 0
3 28 1
5 12 0
17 13 1
12 16 1
5 7 1
10 17 0
16 29 1
24 23 1
17 11 0
4 13 0
1 18 0
4 13 0
8 18 0
16 25 0
14 22 1
30 4 0
28 16 1
12 25 1
22 27 0
26 3 0
14 13 1
18 3 1
5 28 1
22 30 0
5 14 1
9 16 0
24 5 1
10 2 0
6 22 0
30 29 1
13 8 1
7 10 0
26 15 1
26 27 1
1 17 0
16 27 1
20 29 1
22 19 0
13 29 1
3 23 0
11 4 1
20 28 1
26 17 0
22 24 1
30 15 0
19 18 0
17 21 1
27 17 1
26 14 0
10 16 0
13 9 1
10 15 1
18 19 0
3 26 1
17 21 0
26 15 0
16 17 0
24 8 0
29 4 0
6 12 1
15 23 0
21 28 0
9 22 1
26 11 0
16 14 1
1 8 1
9 28 1
16 26 0
19 12 0
22 24 0
7 28 0
4 15 0
26 2 0
6 29 0
11 20 1
18 19 1
7 14 1
2 17 1
6 13 0
21 29 0
18 13 1
2 11 1
26 21 1
24 1 0
13 7 1
1 28 0
7 3 1
23 24 0
5 22 1
25 30 0
8 29 0
10 5 0
23 6 1
15 10 0
21 11 1
10 15 1
12 7 0
27 27 0
18 18 0
9 7 0
8 15 0
4 11 1
9 1 1
10 15 1
12 15 1
27 26 0
25 22 1
13 24 1
30 26 1
6 16 1
21 1 1
23 14 0
15 29 1
30 6 1
6 20 0
23 16 0
15 13 0
8 14 0
26 12 0
11 27 1
11 12 1
17 5 1
15 22 1
13 10 0
24 6 1
1 14 0
5 10 0
19 22 0
22 16 0
10 10 1
21 23 1
17 26 0
1 13 0
10 23 0
7 16 0
21 14 1
22 5 1
14 9 0
29 13 0
30 12 1
22 14 0
9 26 0
22 16 1
6 20 1
22 21 0
27 14 0
23 30 0
24 20 0
28 20 1
10 11 1
15 3 1
10 23 0
25 14 1
6 5 0
18 5 1
2 4 0
1 22 1
12 24 1
23 9 0
25 15 0
27 20 1
11 8 1
25 5 0
29 23 0
4 9 1
29 15 1
12 10 0
6 20 0
6 30 1
20 30 1
9 9 1
9 2 1
13 26 1
28 6 1
6 22 0
12 17 1
14 13 1
3 23 0
24 22 1
24 27 1
2 4 0
26 7 1
21 12 1
27 20 1
10 18 0
26 11 1
30 2 1
22 4 0
5 26 0
1 1 1
26 17 0
2 4 0
13 21 1
24 21 1
11 17 1
21 3 0
22 30 1
18 2 0
13 6 1
5 25 1
13 8 1
9 14 0
29 15 1
19 6 0
28 16 1
30 4 0
29 10 0
30 6 0
27 16 1
21 29 1
20 5 1
25 27 1
9 21 1
15 27 0
22 18 0
25 12 1
26 27 0
2 17 0
17 24 1
7 13 1
3 20 0
30 9 1
12 29 0
30 17 0
17 15 0
21 11 1
9 27 0
25 12 1
18 17 0
22 19 0
11 3 1
11 28 1
9 18 0
25 17 1
2 21 0
12 17 1
8 29 1
11 6 1
28 7 1
8 15 0
10 30 1
29 2 1
17 2 1
3 14 0
23 16 0
9 5 1
7 6 0
13 15 0
11 10 0
25 22 1
17 25 0
18 22 1
19 30 0
24 8 0
10 10 0
14 14 0
12 20 1
18 26 1
28 13 1
19 18 1
6 1 0
27 14 0
26 26 1
25 16 1
5 8 1
18 23 0
29 8 1
25 21 0
29 17 0
16 14 1
16 6 1
22 6 0
9 1 1
25 7 0
24 6 1
8 14 1
15 27 0
28 14 0
6 26 0
11 27 0
17 16 0
14 11 1
15 24 0
13 2 1
18 27 1
23 26 0
11 12 0
24 11 0
11 3 1
29 24 0
15 22 1
17 5 1
10 2 0
11 29 0
8 12 0
3 18 1
7 2 1
17 23 0
19 2 1
4 25 0
25 20 0
30 23 0
23 9 0
13 10 1
24 14 0
3 28 1
27 3 1
19 11 1
12 5 1
28 1 0
17 3 1
1 12 0
10 28 1
19 2 1
24 8 1
21 21 0
16 20 0
26 4 0
22 17 0
22 19 0
17 25 1
20 17 0
17 8 0
18 21 1
17 30 1
7 2 1
19 6 1
22 7 0
30 9 0
11 1 1
5 13 1
13 11 1
20 1 0
2 9 0
1 18 0
2 29 0
29 23 1
27 23 1
6 19 0
28 7 1
