30 870 3
29 23 1
14 2 1
5 2 1
15 8 1
26 13 1
25 6 0
11 4 1
23 8 1
16 21 1
3 11 0
28 14 1
24 27 1
7 28 0
29 30 1
1 11 0
8 6 1
30 22 1
23 29 1
4 6 1
26 22 1
17 11 0
2 7 0
5 11 0
9 2 1
24 27 1
13 10 1
27 11 0
28 30 0
9 10 0
17 21 1
7 2 1
10 9 0
19 21 1
7 5 0
5 28 0
30 1 0
28 11 0
18 12 0
18 9 0
3 25 1
29 9 0
28 6 1
28 20 0
20 30 1
6 20 1
23 18 1
12 30 0
24 11 1
30 6 0
25 28 1
14 6 1
16 18 1
23 5 1
1 4 1
16 23 0
25 10 1
18 16 1
29 26 1
15 5 1
27 8 0
26 21 1
17 24 1
15 25 0
12 26 0
16 15 1
2 3 1
21 27 0
19 18 1
17 8 0
4 3 1
12 11 1
23 6 1
28 14 1
29 3 1
20 30 1
22 16 1
15 11 1
24 1 1
9 4 0
30 8 1
18 15 0
7 10 1
25 5 1
27 9 1
29 22 0
5 13 1
1 24 1
20 11 0
18 10 1
12 17 1
20 7 1
13 15 1
21 8 1
30 21 1
11 14 1
2 9 0
6 9 1
17 6 1
8 11 1
12 29 0
7 29 1
1 25 1
14 25 0
16 26 1
14 3 1
18 7 1
12 14 1
16 12 0
1 12 1
20 23 0
13 2 0
9 28 1
10 9 0
23 3 0
5 20 1
23 8 0
6 7 0
3 10 1
28 24 0
22 11 0
24 3 1
16 17 1
6 20 1
8 26 1
9 1 1
26 19 0
4 3 1
26 2 1
28 17 0
24 21 0
22 7 1
17 20 1
28 17 1
27 11 1
10 9 0
30 13 1
3 16 1
22 18 1
29 28 1
25 10 0
24 23 1
23 15 1
19 25 1
3 6 1
20 28 1
3 24 0
5 27 1
12 16 0
7 24 1
26 25 1
7 3 1
30 23 1
7 13 1
6 4 0
30 11 1
4 11 0
29 10 1
10 30 1
30 1 1
14 24 1
19 5 0
11 19 0
27 20 0
25 9 1
5 12 1
13 27 0
10 14 1
25 2 0
28 8 1
4 20 0
30 18 1
16 20 1
14 11 0
21 11 1
19 3 1
29 26 1
18 29 1
22 13 1
13 22 1
3 1 1
18 15 1
29 28 1
13 22 0
12 8 1
15 11 1
1 29 0
3 30 0
20 13 1
15 23 1
19 14 1
16 21 1
26 20 1
17 30 0
6 29 0
21 28 1
28 15 1
19 18 1
15 25 1
26 16 1
22 3 1
24 10 1
11 19 1
30 10 1
9 14 0
17 13 1
3 15 0
6 5 0
22 12 0
6 25 1
27 2 1
15 12 0
7 5 1
13 12 0
10 4 0
29 21 1
14 13 0
21 11 1
1 23 1
24 25 1
7 30 1
5 4 1
16 8 0
3 6 1
6 18 1
14 30 0
23 14 1
20 27 1
24 30 1
13 29 1
15 26 1
25 8 1
28 22 1
9 17 1
29 5 1
27 3 1
11 10 1
22 7 1
17 21 0
23 28 1
13 17 0
21 5 1
16 10 1
30 28 1
17 12 1
2 20 1
3 28 1
8 28 1
2 11 1
25 14 0
14 7 0
10 7 1
18 11 1
8 13 1
30 8 1
21 28 1
14 23 1
19 3 1
2 1 1
2 16 1
3 2 1
28 5 1
15 29 1
26 14 0
4 3 0
14 30 1
10 4 1
11 6 0
15 29 1
27 28 0
8 12 0
18 15 0
12 3 1
2 6 1
4 23 0
9 22 0
13 25 1
24 10 1
20 25 1
10 16 1
30 2 0
15 2 1
2 16 1
18 3 1
8 18 1
20 15 1
7 16 1
6 5 1
10 11 1
30 21 0
23 22 1
16 12 1
26 30 1
5 27 0
27 7 1
21 1 0
28 11 0
26 5 0
21 27 0
9 28 1
14 3 0
30 8 0
21 16 0
5 13 1
19 24 1
22 26 1
30 14 1
4 26 0
5 15 0
20 25 1
13 5 1
25 4 1
26 19 0
17 3 1
24 17 1
15 18 1
25 15 1
7 16 1
16 2 1
14 26 1
15 28 0
8 11 1
20 17 1
2 1 1
16 5 0
23 9 0
8 11 0
14 11 0
5 30 1
17 1 1
24 4 1
14 28 1
23 20 0
9 25 1
17 3 1
2 24 1
14 9 1
28 2 1
20 1 1
19 9 1
1 15 1
18 9 1
24 9 1
14 12 0
3 22 0
28 22 1
2 17 1
25 15 0
6 14 0
30 28 0
18 26 1
26 3 0
11 7 1
8 27 1
20 25 1
20 15 1
5 6 0
24 19 1
5 29 1
2 20 1
26 30 1
23 7 1
14 15 1
10 22 1
6 19 1
5 7 1
4 19 1
27 5 1
16 13 1
2 1 1
16 5 0
13 19 1
20 18 1
29 19 1
27 11 0
1 26 1
16 18 0
16 22 1
30 12 0
25 20 1
4 5 1
29 13 1
30 6 0
3 13 1
25 12 1
14 26 1
19 14 0
18 9 1
26 9 1
16 11 1
19 18 1
8 19 0
7 3 1
5 18 1
5 6 0
1 25 1
6 13 1
24 2 1
16 5 0
5 12 1
2 18 1
30 11 1
11 17 1
6 19 1
1 11 1
2 7 0
15 24 1
12 23 1
29 22 0
13 26 1
25 2 1
19 1 1
2 13 1
21 6 1
25 27 1
19 2 0
5 11 1
25 1 1
28 3 1
6 26 0
12 1 1
28 3 1
19 9 1
19 9 1
18 25 0
5 8 0
16 9 0
11 4 1
9 22 1
20 6 1
7 3 1
24 23 1
24 16 0
21 14 1
12 24 0
15 11 1
29 26 0
19 3 1
23 30 0
2 22 0
1 19 1
24 6 1
22 1 1
3 5 0
2 23 1
1 7 1
30 15 1
14 7 1
21 16 0
10 5 1
25 4 0
30 4 1
26 21 1
1 2 1
5 19 0
11 4 1
19 29 1
9 7 1
1 30 1
26 3 0
19 30 1
2 9 1
20 18 1
25 21 1
12 6 1
19 18 0
28 30 1
12 1 1
19 10 0
7 23 1
19 3 1
9 1 0
21 16 1
30 22 0
24 20 0
19 24 0
5 14 1
14 3 0
12 16 1
21 28 1
28 11 1
6 16 0
4 2 1
30 20 1
19 2 1
20 27 1
23 13 0
16 27 1
28 9 1
16 25 1
19 16 1
2 30 0
6 21 1
22 16 1
28 20 1
25 7 1
3 25 0
17 25 1
23 2 1
15 9 1
23 25 1
18 15 1
13 8 0
12 6 0
7 5 1
21 20 0
19 22 0
14 13 1
1 22 0
26 15 0
22 11 0
17 8 1
27 26 1
24 12 0
16 3 1
7 13 1
6 12 0
30 28 0
1 14 0
11 27 0
11 14 1
7 24 1
1 21 0
29 23 1
23 3 0
18 24 0
17 3 1
10 1 1
18 11 1
4 9 0
8 12 1
10 8 1
28 30 1
27 5 1
4 13 1
26 21 1
17 2 1
9 1 1
14 30 0
6 28 1
22 20 1
28 24 0
11 17 1
5 12 0
1 11 0
24 9 1
18 19 1
2 16 0
7 6 1
21 14 1
29 20 1
1 10 1
16 11 1
17 18 0
29 7 1
28 30 0
4 24 0
9 15 0
7 2 0
4 2 1
4 22 1
28 5 0
15 14 0
8 28 1
15 3 0
26 2 1
16 23 1
4 18 0
6 10 0
13 27 1
21 16 0
18 26 0
20 7 0
14 15 1
23 27 1
21 17 1
10 22 1
22 19 1
30 6 0
9 10 1
22 18 0
4 3 1
25 22 1
2 15 0
8 30 1
27 1 1
6 8 1
25 1 1
24 3 1
7 11 1
29 1 1
3 9 1
10 2 1
18 8 1
16 30 0
25 4 0
13 21 0
3 13 1
12 18 1
13 5 0
18 29 0
13 25 1
11 24 0
29 2 1
24 12 1
8 12 1
21 1 1
3 23 1
17 14 1
25 3 1
25 15 0
24 22 1
1 16 1
23 15 0
2 18 0
18 10 1
14 11 1
8 1 1
4 11 1
28 6 0
7 9 0
2 14 1
7 18 1
25 9 0
26 13 0
29 26 1
16 26 1
5 21 1
23 30 0
11 28 1
21 1 1
1 27 1
6 19 1
1 8 1
3 5 0
5 4 1
3 19 0
7 16 0
12 13 1
15 3 1
30 2 1
29 18 0
18 10 1
19 22 1
19 26 1
19 16 1
18 17 1
3 12 0
3 2 0
13 12 1
7 4 1
13 23 1
7 3 1
20 17 1
17 3 1
5 11 0
14 22 1
12 30 1
3 8 1
21 16 1
15 12 1
17 4 1
5 12 1
14 20 0
3 6 1
24 15 0
9 27 1
9 25 0
29 26 1
3 15 0
13 6 1
23 12 1
30 20 1
13 22 0
9 7 1
19 18 1
19 25 0
25 24 0
2 30 1
16 12 1
5 20 1
17 7 1
25 20 1
6 28 1
16 1 1
14 19 0
24 14 1
21 2 1
1 13 0
4 23 0
30 13 1
24 14 1
28 4 0
8 1 1
5 9 1
21 30 0
9 25 1
11 26 0
15 20 1
11 10 1
13 14 1
8 23 1
3 12 1
27 18 1
23 5 0
18 11 1
11 24 1
19 1 0
13 8 1
5 18 1
23 10 1
28 18 1
1 15 0
14 17 0
27 2 1
21 20 1
24 10 1
22 5 1
22 21 1
27 6 1
17 3 0
30 17 0
13 23 0
19 4 1
4 14 1
1 11 1
9 14 1
6 24 0
30 15 1
5 2 1
12 24 1
8 7 0
2 5 1
20 8 0
29 11 0
30 24 0
28 4 1
18 12 1
9 3 0
2 19 1
30 15 1
29 10 1
1 9 0
14 5 1
6 24 1
24 9 0
9 5 1
24 13 1
22 19 1
3 11 1
22 7 1
8 27 0
14 6 0
16 4 0
15 1 1
10 4 1
21 28 1
3 18 1
5 21 0
7 20 1
1 30 1
6 7 1
18 25 1
5 27 0
5 14 0
4 9 0
15 14 1
19 14 0
5 17 0
5 16 1
6 3 1
1 12 1
17 7 0
22 11 1
18 10 1
24 2 0
9 18 1
18 17 1
15 21 0
27 7 0
21 1 1
16 11 0
13 10 1
24 13 0
11 25 0
21 2 0
19 12 1
4 21 0
19 24 1
5 29 0
20 4 1
15 29 1
27 2 1
19 13 1
3 12 1
29 4 1
3 19 0
27 5 1
2 1 1
9 28 0
27 13 0
1 15 0
2 18 1
19 4 0
29 19 1
18 6 0
14 25 1
28 7 1
18 6 1
13 22 0
6 29 0
2 19 1
4 28 1
7 17 1
14 15 0
1 16 1
24 23 0
14 11 1
22 27 1
16 17 1
15 16 1
4 7 1
15 21 0
9 29 1
21 5 1
12 21 1
17 24 1
9 11 0
15 22 1
22 17 1
15 1 0
29 6 1
19 30 1
11 7 1
26 16 1
22 29 1
30 23 0
28 10 1
15 21 1
17 15 0
30 24 0
29 10 0
9 14 1
17 29 1
23 14 1
6 5 1
18 10 1
8 25 1
10 19 1
22 14 1
8 24 0
26 13 0
22 9 1
24 1 1
20 24 0
24 21 1
1 17 0
20 13 1
6 19 1
15 26 0
18 17 1
2 15 0
27 28 1
6 30 1
27 22 1
16 12 0
18 10 0
10 3 0
13 5 1
24 18 1
10 30 1
