70 4830 13
25 27 1
44 59 1
67 23 0
32 18 0
59 20 0
51 48 1
17 30 0
67 48 0
33 65 1
25 60 0
64 31 0
52 27 0
16 53 1
34 51 1
53 44 0
42 5 1
1 41 1
49 57 1
55 48 0
56 41 0
16 9 0
42 13 1
37 60 1
29 34 0
2 38 1
6 55 1
58 40 0
56 54 1
34 6 1
4 60 1
24 10 0
36 24 1
25 19 1
58 41 1
38 27 1
22 6 1
62 15 0
57 48 0
62 59 1
63 66 0
2 58 1
25 19 0
55 22 1
26 61 0
64 1 1
69 12 0
25 40 0
2 56 1
60 58 1
67 34 0
54 14 0
15 16 1
36 66 0
39 58 0
39 49 1
62 8 0
31 70 1
29 53 1
16 34 1
61 6 0
4 52 1
32 29 0
27 31 0
26 42 0
4 7 0
23 36 0
22 5 1
16 68 1
49 63 1
66 60 0
47 65 1
6 53 0
48 56 1
19 36 1
26 54 0
3 40 0
7 29 0
4 48 0
9 38 1
10 42 0
4 49 1
56 60 0
53 31 1
30 41 0
13 5 1
64 55 0
22 58 0
12 12 0
61 63 1
32 23 1
11 49 0
12 51 1
42 70 1
24 66 1
29 11 1
13 63 1
70 59 1
23 61 0
16 9 1
38 34 1
16 69 1
8 48 1
7 13 0
3 55 1
13 44 1
18 57 1
6 64 1
67 35 1
17 16 1
50 70 0
48 15 0
38 64 1
62 42 1
46 15 1
19 70 1
6 37 0
11 17 1
45 8 0
3 21 0
2 50 0
28 70 0
33 35 1
4 20 0
30 12 0
42 17 1
8 35 0
24 12 1
43 7 1
64 9 0
55 28 0
54 26 1
30 13 0
50 38 0
3 66 1
19 69 0
66 21 1
7 60 1
25 40 0
46 6 1
3 56 0
40 49 0
52 69 1
31 51 0
38 60 1
37 28 1
57 26 0
47 43 1
28 37 1
45 62 0
42 10 1
20 24 1
18 33 0
10 2 1
11 31 0
38 63 1
63 55 1
47 30 0
14 35 0
17 65 1
39 70 1
4 31 0
37 19 1
50 1 0
10 25 1
14 16 1
68 56 0
39 70 1
4 14 1
10 67 0
10 24 1
40 34 1
1 63 0
13 39 0
37 36 1
64 55 1
49 29 0
60 20 0
15 58 0
11 50 1
46 1 1
9 48 0
1 41 1
51 69 1
28 19 1
12 60 1
53 44 1
2 38 1
1 13 1
51 60 1
51 59 0
41 67 1
11 57 0
21 58 0
39 60 1
28 39 0
14 24 0
63 70 0
5 35 1
7 26 0
7 40 0
4 30 0
2 28 0
59 38 0
60 41 1
41 60 1
6 32 1
5 68 0
51 35 0
19 3 1
58 33 1
17 56 1
56 36 0
24 51 1
64 16 0
65 19 1
38 62 1
35 60 1
12 51 1
14 46 0
59 1 0
44 20 1
21 55 0
1 32 1
28 68 0
47 48 0
50 67 0
52 22 0
32 64 0
19 28 1
19 10 1
50 49 1
34 35 0
8 19 0
17 37 1
64 49 0
61 68 0
24 66 0
29 28 1
56 14 0
65 13 0
56 12 0
32 42 1
50 46 1
29 39 0
7 2 0
16 22 0
11 34 0
51 27 1
64 51 0
18 35 1
29 49 0
12 55 1
57 24 0
38 12 0
51 4 0
2 14 0
48 14 0
4 50 0
55 32 0
31 23 1
22 9 0
6 50 0
41 53 1
52 59 0
67 11 1
23 51 1
36 37 0
27 58 1
70 58 1
23 64 1
31 28 1
23 9 0
5 12 1
5 14 1
15 41 0
65 60 1
44 23 1
31 32 0
30 45 1
35 54 0
63 36 0
13 38 1
24 58 1
38 59 1
20 54 1
22 45 1
56 58 1
29 48 0
16 65 0
69 12 0
46 50 0
14 61 0
13 24 0
13 3 0
66 56 1
40 53 0
39 57 1
17 33 0
11 52 1
34 42 0
14 8 0
16 25 0
40 65 1
42 1 1
28 56 1
22 61 1
8 28 0
53 51 1
46 44 1
17 52 1
36 70 1
60 52 0
67 1 1
67 32 0
53 6 0
55 45 1
12 65 0
4 54 0
59 1 0
52 29 1
52 20 1
45 36 0
46 9 0
7 10 0
12 6 0
68 29 0
5 15 0
70 21 0
1 9 1
29 42 0
60 33 1
37 60 0
45 18 1
66 54 0
1 16 0
41 43 0
68 53 1
18 29 1
27 9 1
68 47 1
43 66 1
44 9 0
61 66 0
44 40 0
1 20 0
43 24 0
38 38 1
66 55 0
4 14 1
50 31 1
58 30 1
8 18 1
3 54 0
42 7 0
3 37 1
27 67 1
6 10 0
2 32 1
16 60 0
58 55 0
18 60 1
47 49 0
43 69 1
61 21 1
27 28 0
35 36 1
57 28 1
18 45 0
19 69 1
4 39 0
5 1 0
54 19 1
64 45 1
27 14 1
54 25 1
31 50 1
58 43 0
44 41 0
55 40 1
23 67 0
23 69 1
54 42 1
28 49 0
41 41 0
7 22 0
56 42 1
28 26 0
68 8 1
50 7 1
46 37 1
56 70 1
27 50 0
5 12 1
57 50 0
21 44 0
62 34 1
29 66 0
36 15 0
54 8 1
33 67 0
32 9 1
11 55 0
35 26 0
26 24 1
12 4 1
57 61 1
52 46 0
66 70 0
4 33 1
70 58 1
20 57 1
16 42 0
41 52 1
6 21 1
10 47 0
12 22 1
69 59 1
10 65 0
55 37 0
42 4 1
28 3 0
69 45 0
63 28 1
13 69 0
1 66 1
23 3 0
11 9 0
5 65 0
53 47 0
56 32 0
70 41 1
45 69 0
14 54 1
13 10 1
20 54 1
34 36 0
42 42 0
37 59 0
13 3 0
57 13 1
27 6 0
37 26 0
20 57 0
42 10 1
25 70 1
60 48 0
44 60 0
32 24 1
46 62 1
70 25 0
5 44 0
30 62 0
29 54 0
38 1 1
37 31 0
26 21 0
15 33 0
50 29 1
42 2 0
66 58 1
51 42 0
42 52 0
37 40 1
50 60 1
10 62 1
42 19 1
5 47 1
45 48 1
46 22 1
46 53 0
17 13 1
11 47 0
62 52 1
63 28 0
55 41 1
3 32 0
49 49 1
38 23 1
59 46 1
41 52 1
53 53 0
41 47 0
34 13 0
61 27 0
31 20 0
63 46 0
53 31 0
5 33 0
50 20 1
31 53 1
26 3 1
2 52 1
26 40 1
52 20 1
13 63 1
58 31 0
31 2 0
63 32 0
12 42 1
7 39 0
21 19 1
14 62 0
54 6 1
15 65 1
19 44 0
50 66 1
63 22 0
24 31 0
65 56 0
34 2 0
64 49 0
55 63 0
2 9 0
66 62 1
52 38 1
47 39 0
11 28 1
53 58 1
50 23 0
51 69 1
30 63 0
34 7 1
54 35 1
45 58 1
25 38 0
63 24 1
32 13 0
32 52 0
54 56 0
52 67 1
56 53 1
62 32 0
27 8 0
26 43 1
63 27 0
28 51 0
40 5 0
21 39 0
19 67 1
27 62 0
10 49 1
53 66 0
60 58 1
44 33 1
1 53 1
63 39 1
67 30 1
35 52 0
31 35 1
34 1 1
24 30 1
31 44 0
18 61 1
51 35 0
45 46 0
14 61 0
43 34 0
24 47 0
58 22 0
70 27 0
29 58 1
14 41 0
4 6 1
50 30 0
25 28 0
16 26 1
61 16 0
37 14 0
70 46 1
26 50 0
26 29 1
66 32 1
1 65 0
30 45 1
70 30 1
25 47 1
41 19 0
54 45 1
42 36 1
21 26 1
62 15 0
23 44 1
29 16 0
15 61 0
44 28 0
32 20 1
50 38 1
36 59 1
13 35 1
38 22 0
64 34 0
37 14 1
64 58 1
67 57 1
24 15 0
55 42 1
35 35 1
23 69 0
57 28 0
20 28 0
54 60 0
9 14 1
66 1 0
64 29 1
8 1 1
61 28 1
26 5 1
24 44 1
51 60 0
20 30 0
9 38 0
34 52 1
47 44 1
5 17 0
17 69 0
44 4 1
49 63 0
34 29 1
35 17 0
6 61 0
44 67 1
37 56 1
10 53 1
38 70 1
36 68 1
39 15 1
44 11 0
14 44 0
30 42 1
32 32 1
29 29 1
26 47 0
21 28 0
20 67 1
17 40 0
31 41 0
54 15 0
39 50 1
23 59 0
54 45 1
25 24 1
1 70 1
40 12 0
48 33 0
17 33 1
69 69 1
13 4 0
4 5 1
63 20 1
37 63 1
2 10 1
13 67 1
24 68 1
68 30 0
42 12 1
41 21 1
56 61 1
60 26 1
9 42 1
2 9 1
23 42 1
20 17 0
29 4 0
70 42 1
23 69 0
44 42 1
46 13 1
2 9 0
55 8 0
5 11 0
47 50 1
63 44 0
9 38 1
62 9 1
61 47 0
44 56 1
57 48 0
65 24 1
14 60 0
24 35 0
15 22 1
58 44 1
37 3 1
45 14 1
21 13 1
18 46 1
7 52 0
31 33 0
32 28 0
8 18 1
30 13 0
3 54 0
18 18 1
43 13 1
55 70 1
42 59 1
23 22 1
68 40 1
37 7 1
54 56 1
9 59 0
62 29 1
21 57 0
34 50 1
33 30 1
34 41 0
55 12 1
36 2 0
42 21 1
28 2 1
28 3 0
56 32 0
54 18 0
34 21 0
5 67 1
57 39 0
11 64 1
12 42 1
32 29 0
46 64 0
60 13 1
21 51 0
51 11 1
1 62 1
9 17 0
47 5 0
53 26 0
24 43 0
65 26 1
58 50 1
12 55 0
5 17 1
15 46 1
18 59 1
35 59 0
39 63 0
7 54 1
49 8 1
4 32 0
65 29 0
61 13 0
7 56 1
65 61 1
65 47 0
54 45 1
46 39 1
41 34 0
49 69 0
10 70 0
50 64 0
4 70 0
1 6 1
3 39 1
61 5 1
35 13 0
16 54 1
49 64 0
48 22 1
59 41 1
64 63 0
64 33 1
69 52 0
37 32 0
54 63 0
8 31 1
61 52 1
67 49 0
30 16 1
70 31 0
4 9 0
37 24 1
18 66 0
61 38 0
66 24 1
26 59 0
20 1 1
68 27 1
25 44 1
67 38 1
5 20 0
40 8 0
35 58 0
14 37 1
37 6 0
38 28 1
50 69 0
6 30 1
62 70 0
29 69 0
61 9 0
68 23 0
55 3 1
33 1 1
38 1 0
7 66 1
5 28 0
47 10 1
58 58 0
68 3 1
6 25 0
29 52 0
43 47 1
43 19 1
55 15 0
62 60 1
32 2 0
41 5 0
40 14 0
54 25 1
9 53 0
60 25 0
36 64 0
66 30 0
11 28 1
70 17 1
2 1 1
18 2 0
31 48 0
56 24 1
50 66 1
17 56 1
10 16 0
39 19 1
8 64 1
37 47 1
37 22 0
38 28 1
28 4 1
63 32 1
70 43 0
68 62 0
13 12 0
31 67 1
36 60 0
13 51 1
34 54 1
4 69 0
7 44 1
50 50 0
22 40 0
13 34 0
36 44 1
33 64 1
22 64 0
15 13 1
10 11 1
20 45 1
64 46 0
43 29 0
24 15 0
58 1 1
31 54 0
36 62 1
29 30 1
54 45 1
64 15 1
38 18 0
25 36 1
65 2 0
10 18 0
22 56 0
6 48 1
9 17 1
50 19 1
24 66 1
38 45 0
67 57 1
44 6 0
46 31 1
63 39 1
48 59 0
37 20 0
66 12 1
26 51 1
21 48 0
7 41 1
63 38 1
10 3 1
40 16 1
21 11 0
9 40 0
41 20 0
52 17 0
44 22 1
21 6 0
3 25 0
41 12 0
55 8 0
70 47 0
22 3 1
61 21 1
22 29 0
38 16 0
59 67 1
6 4 0
31 42 0
42 5 1
61 41 1
49 17 1
63 45 0
14 22 1
42 20 0
57 58 1
66 19 1
69 35 1
40 60 1
56 29 1
39 38 0
55 43 1
41 35 1
5 48 0
36 64 1
24 32 0
54 49 1
19 54 0
20 7 0
60 60 1
39 27 1
11 54 1
45 1 1
34 23 0
40 58 0
1 65 1
61 12 0
44 12 0
51 22 0
52 13 1
8 60 0
61 5 0
4 29 0
26 11 0
26 21 1
20 54 0
31 65 0
54 59 0
17 13 0
29 68 0
31 54 1
47 20 1
5 66 1
27 28 0
47 35 0
43 12 1
37 58 0
37 37 0
61 59 1
70 15 1
65 10 1
14 25 1
9 43 0
48 63 0
12 51 1
23 6 1
23 50 1
1 66 1
1 7 1
15 34 1
36 32 0
61 1 0
45 5 1
37 38 1
30 15 0
35 62 0
27 12 0
22 9 0
29 43 0
4 8 0
35 31 0
36 59 0
52 31 0
19 22 0
45 3 0
49 65 1
60 21 0
68 12 0
52 14 1
60 5 1
32 21 1
20 3 1
62 57 0
26 27 0
28 34 0
34 69 1
66 11 1
19 61 0
33 51 1
37 22 1
69 67 0
2 19 1
70 5 0
27 55 0
60 8 1
70 63 0
23 50 1
13 14 0
5 69 1
39 24 1
35 50 1
65 37 1
70 56 0
66 66 0
3 43 0
7 47 1
68 26 0
11 70 0
22 63 1
45 18 1
37 33 1
15 47 0
12 61 0
19 17 1
61 69 1
49 64 1
4 59 0
4 5 1
66 46 0
26 34 1
70 47 1
46 49 1
37 34 0
53 41 1
64 44 0
57 4 0
45 40 1
62 15 0
49 1 1
12 8 1
1 14 0
49 55 1
24 41 1
65 51 1
50 9 1
53 39 0
34 60 1
49 15 1
61 42 0
11 19 1
24 21 0
8 23 0
61 12 1
41 37 0
61 56 0
41 11 0
43 22 0
57 7 0
40 8 0
59 57 0
21 47 0
55 38 1
66 7 1
44 11 1
42 22 1
52 70 1
3 54 1
21 2 1
28 10 1
14 21 1
61 29 1
40 15 1
58 8 0
68 61 1
31 14 1
42 51 0
26 46 1
39 26 1
61 61 1
11 8 1
51 13 0
65 51 0
2 61 1
62 8 0
17 11 0
67 43 0
55 68 0
10 37 1
12 15 1
20 44 1
44 16 1
24 61 0
26 4 0
46 5 0
56 27 1
41 67 0
50 21 0
17 70 0
31 18 1
4 37 1
31 55 0
21 7 1
25 11 1
41 41 0
67 63 1
5 43 1
26 19 1
25 4 0
54 67 0
21 2 0
17 50 1
23 2 0
45 59 0
16 1 0
8 59 0
50 32 0
10 57 1
13 61 0
22 12 0
35 62 0
15 70 0
28 26 0
28 14 0
28 27 0
28 21 1
1 24 0
57 19 1
48 63 1
59 49 1
62 43 0
61 45 1
28 17 1
54 11 0
22 50 1
54 45 0
7 48 0
37 41 0
29 56 1
20 26 0
62 16 0
49 53 1
65 34 0
6 54 1
67 31 0
41 36 1
30 10 1
1 54 1
68 27 0
23 59 0
51 9 1
33 33 1
67 1 1
62 66 1
23 45 0
70 44 0
21 39 1
16 29 0
43 67 0
31 5 0
52 21 0
26 52 0
26 49 1
21 52 1
65 3 0
51 31 0
19 30 1
59 1 1
55 41 1
2 9 1
22 12 1
3 64 0
63 21 1
56 44 0
58 1 1
31 61 1
60 39 1
2 60 0
43 15 0
51 24 1
62 6 0
68 26 1
18 26 1
4 38 1
4 13 0
64 65 0
44 26 0
34 6 1
60 45 1
14 10 1
19 46 1
56 45 1
11 58 0
61 63 1
15 65 0
9 55 1
47 5 1
52 27 0
38 62 1
59 57 1
34 44 0
20 35 0
7 35 1
11 41 0
6 61 0
2 15 0
19 44 1
57 58 1
48 48 0
34 15 0
19 19 0
66 53 0
30 2 1
12 44 0
3 6 0
29 65 1
14 4 1
13 47 1
60 25 1
16 41 0
34 46 1
16 26 1
30 37 0
3 55 0
21 26 1
15 13 1
18 2 1
6 21 0
42 14 1
13 66 0
70 23 0
37 69 1
3 51 1
70 63 0
25 29 0
49 66 0
63 4 0
13 24 1
39 57 0
46 22 0
69 2 0
67 15 1
59 68 1
52 68 1
10 13 0
5 47 0
20 38 1
44 45 1
42 12 1
5 20 1
6 40 1
33 13 1
30 22 1
28 45 1
52 68 0
28 56 1
65 23 0
52 64 1
5 60 0
24 35 0
63 56 0
17 5 0
38 44 0
12 60 1
21 68 0
7 28 1
41 62 1
47 57 1
48 26 0
12 48 0
10 16 1
26 60 1
70 66 1
1 32 0
10 36 0
37 22 0
40 47 0
27 8 1
64 33 1
53 61 0
68 43 1
58 16 0
65 18 0
26 68 1
4 2 1
37 27 0
13 57 1
32 12 0
64 13 0
55 3 1
27 17 1
54 39 1
13 17 0
23 6 0
24 65 0
50 6 1
49 41 1
60 57 1
15 30 0
17 7 0
45 37 0
14 64 0
42 20 1
60 52 0
66 40 0
1 43 1
41 24 1
40 17 1
11 54 0
17 14 0
53 52 1
58 46 1
7 47 0
1 49 0
40 27 1
25 17 0
48 56 1
65 15 1
48 33 0
3 66 0
54 57 1
41 34 1
17 37 1
8 11 1
34 56 1
50 26 1
47 67 1
3 21 0
36 25 0
43 40 1
29 13 1
4 38 0
40 5 0
50 37 1
47 10 0
3 35 1
69 14 1
19 53 1
56 15 0
25 37 1
37 2 1
16 21 1
21 21 0
69 50 0
20 4 1
55 4 0
10 65 0
62 44 0
19 26 1
55 43 0
68 44 0
30 3 0
63 48 1
42 62 1
46 67 1
61 49 1
67 45 1
52 28 0
8 53 0
62 51 0
48 27 0
62 27 1
39 54 1
42 44 1
51 31 0
41 50 1
16 65 1
55 20 1
37 48 1
29 24 0
55 66 1
23 35 0
6 46 0
61 61 0
34 36 0
13 9 0
20 55 0
39 14 1
16 49 1
39 9 1
46 55 1
10 65 1
68 9 1
70 4 1
35 40 1
56 10 0
40 20 1
65 58 0
44 9 0
64 9 1
48 36 1
55 60 0
5 35 1
8 28 0
59 24 0
68 40 0
30 23 1
17 25 0
37 65 1
57 62 0
23 39 1
24 61 1
70 23 1
28 5 1
63 45 1
44 4 1
67 17 1
33 70 0
40 1 0
31 45 0
12 12 1
2 39 1
36 62 0
41 8 1
27 43 0
30 66 0
47 29 0
58 33 0
58 53 0
32 52 1
55 37 0
24 56 1
15 40 0
34 11 0
6 34 0
14 36 0
54 24 0
17 8 0
11 37 1
4 34 0
40 62 1
37 31 1
6 14 0
17 32 1
62 20 0
27 34 0
63 8 1
70 40 0
48 1 0
12 19 1
3 68 0
46 44 0
59 42 0
32 9 0
51 68 0
26 16 1
46 35 1
27 61 1
28 22 1
46 5 0
56 61 1
29 29 0
12 34 1
21 56 1
30 36 0
45 65 0
21 4 1
11 64 0
32 7 1
48 55 0
51 57 1
21 61 0
54 52 0
51 43 0
16 53 0
22 67 1
26 24 1
31 39 1
49 10 1
45 8 1
31 51 0
33 22 0
26 20 1
68 30 0
62 2 1
58 3 0
24 48 0
4 43 1
13 49 1
32 28 1
24 54 1
45 3 0
65 42 0
36 6 0
50 33 1
52 6 1
30 12 0
14 43 1
62 46 0
19 39 0
15 64 1
29 4 1
70 47 1
17 57 1
50 64 1
67 63 0
8 62 1
50 13 0
37 50 0
5 28 1
10 38 0
26 1 0
14 8 0
70 34 1
5 25 1
68 65 0
1 28 0
25 21 1
4 39 0
32 48 0
69 6 0
11 2 0
30 14 1
63 37 0
17 19 1
23 49 1
51 18 0
13 63 0
51 30 1
28 32 0
46 51 1
47 21 1
3 16 1
39 24 1
69 43 1
48 8 0
7 41 0
11 15 0
40 14 0
14 17 0
6 62 0
38 48 1
53 43 1
18 68 1
2 16 0
9 4 0
61 14 1
6 5 1
31 19 0
59 26 1
51 60 0
40 11 1
12 20 0
10 44 0
37 36 1
40 26 0
53 6 1
69 61 1
18 69 0
55 47 1
44 49 1
66 69 1
27 43 0
12 24 0
47 21 1
3 20 1
20 39 0
10 60 0
21 17 1
67 4 0
57 61 0
55 29 1
40 35 0
63 65 0
13 22 0
44 27 0
24 13 0
14 40 1
30 7 1
45 61 1
35 41 1
63 64 1
28 24 0
22 22 1
56 32 1
24 31 1
37 31 1
18 63 0
24 34 1
26 37 0
66 36 0
59 33 1
24 3 1
57 24 0
31 49 0
61 29 1
33 52 0
37 40 0
12 42 1
48 14 0
25 31 1
58 12 0
2 55 0
38 10 1
16 56 0
56 29 0
37 37 0
19 24 0
2 39 1
15 8 0
57 13 0
68 14 0
65 2 1
16 38 1
1 60 0
41 42 1
19 26 1
54 54 1
23 49 1
30 56 0
42 52 1
55 14 1
69 22 1
48 43 1
37 31 0
20 46 0
57 35 0
52 15 0
31 24 0
28 23 0
21 60 1
34 13 0
67 34 1
51 3 1
11 45 0
57 29 0
33 65 1
59 50 1
13 18 0
47 8 0
36 39 1
48 41 1
24 40 1
26 49 1
13 35 0
53 57 0
48 40 0
27 9 1
56 42 1
63 34 1
31 66 1
13 47 0
65 16 0
43 52 1
8 68 0
64 36 0
46 61 1
54 60 0
25 47 0
59 47 1
66 34 1
54 57 1
70 69 1
51 46 1
60 48 0
25 5 1
15 26 0
4 12 1
63 48 1
39 69 1
14 12 1
70 67 0
10 64 0
55 68 1
45 32 1
49 15 0
4 3 0
27 25 1
16 42 0
14 25 0
37 9 0
33 57 0
38 19 1
35 62 1
8 15 1
22 39 1
25 18 1
61 11 0
44 31 0
10 32 1
18 12 0
17 18 0
47 24 0
51 51 0
7 4 0
46 60 0
5 35 1
27 26 1
57 54 1
18 28 0
42 26 0
59 3 1
24 11 1
16 57 0
32 22 0
33 52 0
9 45 1
46 5 1
30 36 1
69 41 0
36 43 1
38 16 0
49 18 1
47 66 0
68 36 0
61 12 1
48 34 1
64 1 1
29 65 1
69 45 0
53 54 0
11 47 1
28 40 1
35 56 1
12 42 1
23 59 1
68 38 1
69 26 0
5 59 1
49 63 0
44 65 0
32 44 1
1 3 1
69 10 0
40 6 0
29 69 1
8 64 1
33 49 1
21 26 1
25 32 1
31 61 1
5 2 0
7 35 0
29 37 0
34 3 0
44 62 0
49 61 0
27 70 1
53 7 0
26 30 0
28 31 1
29 6 1
5 24 1
41 54 0
55 1 0
46 69 1
49 37 0
48 24 0
67 32 1
26 15 1
57 22 0
4 47 0
39 31 0
22 21 1
34 51 1
44 44 0
10 10 1
46 24 1
19 7 1
33 54 1
54 57 0
43 29 0
15 29 1
35 46 1
27 58 1
70 42 0
21 25 0
56 45 1
5 66 0
58 13 1
56 67 1
14 38 1
55 23 1
42 59 1
29 46 1
12 8 1
37 2 0
11 18 0
18 20 1
30 41 1
38 25 1
17 4 0
52 37 0
40 26 0
27 49 1
34 28 0
48 18 1
7 40 1
26 35 1
9 47 0
45 46 1
60 42 1
26 52 1
51 58 0
41 36 1
68 54 1
27 13 1
66 67 0
30 14 0
18 49 1
5 54 1
47 27 1
40 17 0
40 69 1
5 21 1
70 68 1
12 21 0
20 21 0
46 39 1
24 13 1
19 64 0
58 32 1
16 58 1
14 40 0
34 25 1
32 39 1
64 3 0
27 52 0
65 37 1
7 64 0
13 39 1
56 30 0
43 67 1
24 15 0
49 61 1
29 64 1
31 67 0
24 11 1
61 56 1
66 65 0
34 38 0
63 42 0
1 33 1
16 39 0
6 59 1
11 42 1
7 10 1
29 29 0
15 17 1
21 69 1
70 69 1
42 12 0
4 9 1
43 49 1
43 55 0
14 26 1
23 38 0
63 22 0
21 29 1
19 27 1
30 32 1
41 12 0
49 55 1
40 41 1
24 29 1
61 47 1
40 5 0
61 51 0
20 56 0
58 5 1
31 56 1
42 37 0
39 58 0
9 37 1
49 58 0
25 63 1
29 11 1
22 63 1
7 38 1
24 45 0
9 12 1
45 9 1
45 57 1
11 14 1
11 22 1
3 53 1
14 17 0
18 32 0
55 37 1
41 4 0
65 39 1
3 47 1
1 26 0
15 43 0
36 68 0
31 1 0
59 41 1
20 52 0
56 1 1
1 39 0
52 30 0
28 42 0
53 40 0
25 12 1
34 6 1
34 11 0
5 42 0
68 16 0
68 7 1
49 65 1
20 36 1
3 58 0
42 37 1
53 16 1
59 9 1
11 49 0
64 50 0
9 50 0
27 58 1
22 63 0
57 10 0
56 21 0
22 58 0
49 8 0
57 5 0
48 24 0
39 18 0
18 40 1
17 47 1
21 63 0
31 70 1
51 26 1
38 8 0
57 20 0
62 27 0
27 33 1
56 4 0
25 25 0
1 67 1
5 65 0
4 26 0
41 43 0
49 57 0
68 35 0
36 62 0
11 17 1
14 19 1
50 59 0
46 46 0
52 62 0
7 17 1
61 25 0
60 14 1
24 52 1
27 18 0
43 58 0
61 53 0
49 58 1
37 16 0
28 57 0
56 32 1
11 22 0
36 53 0
17 4 1
46 23 1
33 19 1
28 25 0
15 68 0
42 8 1
28 6 1
1 68 0
35 8 0
17 8 0
21 10 1
55 47 1
3 28 0
39 6 1
36 33 0
43 62 0
61 57 1
70 9 1
7 29 1
26 59 1
35 66 0
23 19 0
63 18 0
68 49 0
42 49 0
33 5 1
31 60 1
40 15 1
10 53 0
11 54 0
6 2 0
25 64 0
42 40 1
32 18 1
22 46 0
26 51 0
15 29 0
42 8 1
24 57 0
7 53 1
21 17 1
26 28 1
66 49 1
25 4 0
13 26 1
63 32 0
21 1 1
29 70 1
27 50 0
21 39 1
38 39 0
65 44 0
55 15 1
70 39 0
37 24 1
69 42 1
69 15 1
10 2 0
59 55 0
39 48 0
7 60 0
62 34 1
18 34 1
56 28 1
9 47 0
50 20 1
6 68 1
8 66 1
62 34 0
51 28 0
53 54 0
16 48 1
49 59 0
19 55 0
7 61 1
39 34 0
36 17 1
31 10 1
64 70 0
33 2 1
16 31 1
63 8 1
64 46 1
48 32 1
50 16 1
26 8 0
42 3 0
52 62 1
63 70 1
65 11 0
37 15 0
44 70 1
31 13 0
63 29 1
20 50 0
39 8 1
41 16 0
33 47 0
44 62 1
67 58 1
11 28 1
22 14 1
47 4 0
5 57 1
66 29 1
4 50 0
19 27 0
8 57 0
69 10 0
69 37 0
38 1 0
63 70 0
8 43 1
64 46 1
34 65 1
26 21 1
52 27 0
50 3 0
1 24 1
49 18 0
49 8 0
49 8 1
33 53 0
20 63 1
14 30 1
46 51 0
14 17 1
28 14 0
51 29 1
10 55 1
17 21 0
36 25 0
19 33 0
23 36 0
52 57 1
33 42 0
61 63 1
16 66 0
57 59 0
41 53 0
4 37 0
28 11 0
60 34 0
37 18 0
36 34 0
7 62 1
11 66 1
6 24 0
65 10 1
59 59 1
37 35 0
47 39 1
10 21 0
40 9 1
3 31 1
6 47 0
13 24 0
37 4 1
58 70 0
46 63 0
10 39 0
61 18 0
11 36 1
32 43 0
4 17 1
50 37 1
16 6 1
19 43 1
30 27 1
23 18 1
3 66 0
21 11 0
56 2 0
29 14 0
57 66 1
35 61 1
40 4 0
24 18 1
63 9 0
10 70 1
5 37 1
27 13 0
40 3 0
54 3 1
61 47 1
63 48 1
67 28 0
26 24 1
46 50 1
46 35 1
12 55 0
36 65 0
38 49 1
40 18 0
28 28 1
5 35 1
45 7 0
68 19 0
59 66 1
23 35 0
7 25 1
13 31 0
61 64 1
21 67 0
48 64 0
24 52 1
31 44 0
61 32 0
68 57 1
44 57 1
68 33 1
28 19 0
34 53 0
30 53 1
23 35 1
4 57 0
59 25 1
20 37 1
18 46 1
5 55 0
37 16 1
67 54 0
49 47 0
44 42 1
8 57 0
6 49 0
30 6 0
66 64 0
53 41 0
37 28 1
65 57 1
48 26 1
36 22 0
7 63 0
63 5 1
53 27 1
59 7 0
64 46 0
46 46 1
3 63 0
2 15 0
27 14 0
60 22 0
64 9 1
68 38 0
36 29 0
55 26 1
30 52 1
17 27 0
9 55 1
35 62 0
61 4 1
12 64 1
32 32 0
70 18 1
28 66 0
53 39 1
46 12 1
3 48 0
69 60 0
60 16 1
6 55 1
69 62 1
42 58 1
59 59 0
67 11 1
47 56 1
59 28 1
36 40 1
25 11 1
52 60 1
48 15 1
39 31 0
38 70 0
38 12 0
48 24 0
34 5 0
3 50 1
54 1 1
64 48 0
65 12 1
10 59 0
52 29 0
63 9 0
4 31 0
27 66 1
31 14 1
23 21 0
35 16 0
13 47 1
24 56 1
12 46 1
52 14 0
60 33 1
33 7 1
28 30 1
53 19 1
4 53 0
31 31 0
19 5 0
4 54 0
62 27 1
5 22 0
37 55 1
55 23 1
15 6 1
45 15 0
28 67 0
70 1 1
16 40 0
69 20 0
38 36 0
59 4 1
55 24 1
19 33 0
24 16 0
39 38 0
35 54 1
48 4 0
17 54 1
48 64 1
13 20 1
17 37 0
52 59 0
14 1 1
41 67 1
20 8 1
3 5 1
18 29 1
13 64 0
19 57 0
38 49 0
5 19 0
5 48 0
5 61 1
1 22 0
20 7 0
24 54 1
52 66 0
58 54 1
44 1 0
34 65 0
53 13 1
30 48 1
20 5 1
41 58 1
60 10 0
43 64 1
50 62 1
46 19 0
58 59 1
64 47 1
6 3 0
65 44 0
12 20 1
69 69 0
8 61 1
13 61 0
16 26 0
35 42 0
35 58 1
12 59 0
26 23 1
11 52 0
42 39 1
41 58 0
31 59 0
33 49 1
58 23 0
42 59 1
41 12 1
41 10 0
63 13 1
56 34 0
25 49 0
12 5 0
12 41 0
60 26 0
24 24 1
25 50 0
36 39 1
58 17 1
12 64 1
45 20 0
35 57 1
39 7 1
21 67 0
47 17 1
12 24 0
61 19 0
42 54 0
58 2 1
64 59 0
13 51 0
11 29 0
17 42 1
25 67 1
42 44 0
65 11 0
13 1 1
9 27 0
22 30 1
22 9 0
3 11 1
43 57 0
14 10 0
22 2 1
66 26 1
6 38 0
18 49 1
56 63 1
15 48 1
35 21 0
57 56 0
56 46 0
65 47 0
8 18 1
45 1 1
12 50 0
61 23 1
65 32 0
43 50 1
63 18 1
48 20 0
24 24 0
12 12 1
29 26 0
41 3 1
32 45 0
66 46 1
28 64 1
7 9 0
36 38 0
56 56 0
21 61 1
45 50 0
12 34 1
26 38 1
70 28 0
57 17 1
50 21 1
58 19 0
37 59 0
23 33 1
13 54 0
62 41 1
38 38 1
17 64 0
44 14 1
2 53 0
22 30 0
40 22 1
40 44 0
2 44 0
68 28 0
38 45 0
5 36 0
10 50 1
23 31 1
6 11 0
35 59 1
69 4 1
54 18 0
27 69 0
55 13 1
41 40 0
7 70 1
68 67 0
41 10 1
51 8 0
40 65 1
55 16 1
15 31 1
25 3 1
37 70 1
18 65 1
29 26 0
25 4 0
46 50 1
53 60 1
60 17 0
17 8 1
47 22 1
61 19 1
61 54 1
55 4 0
22 6 1
26 14 0
17 43 0
18 31 0
34 23 0
53 54 1
16 11 0
34 53 0
18 60 1
33 34 1
50 38 1
5 70 0
47 56 1
19 30 1
41 69 0
24 14 1
35 58 0
29 9 1
18 20 1
64 33 0
31 30 0
30 60 1
27 58 1
69 1 1
67 44 0
22 49 0
10 49 0
18 53 0
49 44 0
11 52 1
40 34 0
41 65 0
40 30 1
41 53 0
26 25 0
4 26 0
53 62 1
47 4 0
20 44 1
1 43 1
34 24 1
40 46 0
11 40 1
63 60 0
18 20 0
55 46 1
58 23 1
3 22 1
46 49 1
30 55 0
53 12 0
41 9 1
22 70 0
11 18 0
42 19 0
29 44 1
63 15 1
26 50 0
5 61 0
1 21 1
12 63 1
32 10 1
31 66 1
49 4 0
9 17 0
52 46 1
9 2 1
58 26 0
49 65 1
11 8 1
4 51 1
13 19 1
21 38 0
24 9 1
40 1 1
28 35 1
41 38 0
8 22 0
2 44 0
10 11 0
2 37 0
20 16 1
70 38 0
8 21 0
8 52 1
54 33 1
22 66 0
55 48 0
28 30 1
39 60 1
17 31 0
44 4 1
11 2 1
44 32 0
25 4 1
70 39 0
7 31 0
54 5 1
26 44 1
15 39 1
45 43 1
61 49 1
4 16 0
36 64 0
51 49 1
19 53 0
61 41 1
65 50 1
50 44 0
19 7 1
61 8 0
51 49 0
66 63 0
59 29 0
49 39 1
32 3 1
2 60 1
52 41 1
25 17 1
31 31 0
50 59 0
28 61 1
20 66 1
48 16 1
16 1 1
30 36 0
19 31 1
1 28 0
18 19 1
48 59 1
48 60 1
38 63 0
45 46 1
2 37 0
2 17 0
49 57 1
21 46 1
60 48 1
8 32 0
9 51 1
10 31 0
2 59 1
59 57 0
26 15 1
54 21 0
40 55 0
27 60 0
4 13 1
47 37 0
28 32 0
70 4 0
58 23 1
56 22 0
1 65 0
33 51 1
17 51 0
6 42 1
31 65 1
9 7 1
41 27 1
44 67 0
67 58 1
18 50 1
24 43 0
16 48 0
67 49 1
50 18 1
44 26 1
50 37 1
19 36 1
27 63 1
15 30 1
64 67 1
36 20 0
26 54 1
16 51 0
45 7 0
70 50 1
48 53 0
14 64 0
18 58 0
47 37 0
44 12 0
5 16 0
58 43 1
39 15 0
57 66 1
36 25 0
18 40 1
23 22 1
22 46 0
58 14 1
11 9 1
26 9 0
10 44 0
25 59 0
32 18 0
68 34 0
37 62 1
58 67 0
45 27 0
59 4 0
67 27 1
5 36 0
60 36 1
48 48 1
8 28 1
53 6 0
56 7 1
64 49 0
20 32 1
35 48 0
62 63 0
27 19 0
4 13 0
52 16 1
21 55 1
27 55 0
45 52 0
24 28 0
55 62 1
44 12 1
48 20 1
9 24 0
33 56 0
48 7 0
44 6 1
40 36 1
33 49 1
61 59 0
64 62 1
5 27 1
24 27 0
59 29 1
56 46 1
62 8 1
68 33 0
45 8 1
35 10 0
23 56 1
27 55 1
65 50 0
21 42 0
50 69 1
37 59 1
56 10 0
18 9 1
25 62 0
46 27 1
31 12 1
27 69 0
18 49 0
59 45 0
58 64 1
58 25 0
67 41 0
5 48 1
9 53 0
47 56 0
58 11 0
56 1 0
46 29 1
20 40 0
25 25 1
49 1 0
19 13 1
66 10 1
60 48 0
57 40 0
68 8 0
10 19 1
39 56 0
20 40 1
56 1 0
56 43 0
68 2 0
19 28 0
8 70 1
47 50 1
67 18 1
27 55 0
12 7 0
51 16 0
64 44 1
48 38 0
50 10 1
7 70 0
6 9 0
67 8 1
26 6 1
10 70 1
28 4 1
55 58 0
40 3 1
7 3 0
16 70 1
27 64 0
35 18 0
55 37 1
60 57 1
59 2 0
5 44 1
4 26 0
7 1 0
21 51 1
33 67 1
26 3 0
44 28 0
22 69 1
8 49 1
22 53 0
65 9 0
32 3 0
33 64 0
13 11 0
21 59 0
36 39 0
5 70 0
15 65 1
5 56 0
58 48 0
8 28 1
22 25 1
15 37 0
38 55 0
26 47 1
6 60 1
5 40 0
11 5 0
66 61 1
43 67 1
13 24 0
49 57 1
15 52 1
11 20 1
57 1 0
58 15 1
27 5 1
31 12 1
34 33 0
30 70 1
66 25 0
64 10 0
45 5 0
65 39 0
7 39 0
33 65 0
50 38 0
61 27 0
35 15 1
46 23 0
12 3 1
22 65 0
38 47 0
6 43 0
45 61 0
51 65 1
30 69 1
56 42 0
13 45 0
35 23 0
37 42 0
43 57 1
31 65 0
3 59 0
5 48 1
69 67 1
10 36 1
51 67 0
37 29 0
1 38 0
42 22 0
28 17 0
34 46 0
23 30 0
12 31 0
8 19 0
55 68 0
63 7 1
22 1 1
1 7 1
22 59 1
50 7 1
25 9 0
66 41 0
39 17 0
57 67 1
66 45 0
2 57 0
14 48 1
20 6 0
20 45 0
26 56 1
46 37 0
16 63 1
44 41 0
40 42 0
27 62 0
13 66 0
60 63 1
65 23 1
40 65 0
37 58 0
3 43 1
65 64 1
35 10 0
18 65 0
9 47 1
5 25 1
9 5 1
44 10 1
38 34 1
26 20 0
10 32 1
3 31 1
12 57 0
18 57 0
65 27 0
19 22 0
35 30 0
44 39 1
20 42 0
39 27 1
70 48 0
42 13 1
29 55 1
15 62 1
41 28 0
63 2 0
34 63 1
2 4 1
55 58 1
23 9 0
12 68 0
25 65 0
21 7 1
12 42 1
51 24 0
65 1 0
69 8 0
2 49 1
59 6 0
9 52 1
6 67 1
13 23 1
19 32 1
2 70 1
25 64 1
25 40 1
44 9 1
23 34 1
40 61 0
34 2 0
42 47 1
64 34 0
37 57 0
48 31 0
41 28 1
11 17 0
31 1 0
64 52 0
66 59 0
9 53 1
56 68 0
31 19 1
18 51 0
60 56 1
17 49 0
33 9 1
45 64 1
39 22 1
27 26 0
21 57 0
19 64 0
37 53 1
29 36 0
14 55 1
5 63 0
13 42 0
6 43 0
39 4 1
64 53 1
63 27 1
68 9 1
50 59 1
15 69 1
69 26 0
62 54 1
45 40 1
18 70 0
33 5 1
15 48 0
53 59 1
62 21 1
50 70 0
48 28 0
15 14 0
10 13 1
61 29 0
60 57 0
7 20 1
66 34 0
67 30 0
17 41 1
28 38 0
55 26 1
10 28 0
23 41 0
63 57 1
49 48 1
68 55 0
32 25 0
3 22 0
55 1 0
22 53 0
47 14 1
17 34 0
57 10 1
44 65 1
21 40 1
17 28 1
54 23 1
17 13 0
17 23 0
11 49 0
24 44 0
69 24 0
8 26 0
2 49 1
53 7 0
10 12 0
32 27 0
56 15 1
8 17 1
56 4 1
30 24 1
65 32 0
20 45 0
11 56 1
17 52 0
28 68 0
67 42 0
11 70 1
40 43 1
55 45 0
20 68 0
51 45 1
37 19 1
34 13 1
15 7 1
24 54 1
66 52 0
7 11 0
61 26 1
47 61 0
45 23 0
19 26 1
49 23 1
61 52 0
68 21 1
63 6 0
44 31 1
54 51 0
10 24 0
12 48 1
34 56 1
59 25 1
23 45 1
17 43 0
37 16 0
55 62 1
15 16 1
7 34 0
43 1 0
20 40 1
6 55 0
42 57 1
28 18 1
70 40 1
16 41 1
19 62 0
34 64 0
10 50 0
10 20 0
49 69 0
33 59 0
31 24 1
61 47 0
30 35 0
12 38 1
4 20 0
9 56 1
58 60 0
20 1 1
18 41 0
19 55 0
42 4 1
31 7 1
7 25 1
56 66 1
18 53 0
3 70 1
5 62 1
5 64 1
57 16 0
42 5 1
57 50 1
63 55 1
29 51 1
25 6 1
19 54 0
30 36 1
21 25 0
26 26 0
42 46 0
58 14 0
49 69 1
33 26 0
13 37 0
30 42 1
14 45 1
49 64 1
15 28 0
41 66 0
16 38 0
41 67 1
40 8 0
7 6 0
44 67 0
27 16 1
1 1 0
7 62 1
34 24 1
30 18 0
9 38 0
17 41 1
37 43 0
42 23 1
50 48 1
65 15 0
7 11 1
68 21 1
33 20 1
51 34 1
18 30 0
1 42 0
55 36 1
20 69 1
67 50 0
23 63 0
33 44 0
65 37 1
27 37 0
60 12 1
20 28 1
3 52 0
50 35 0
60 54 1
39 57 0
31 39 0
16 27 0
65 22 0
43 27 1
66 64 1
23 11 0
16 57 1
63 34 1
58 7 0
44 69 1
24 57 0
51 67 0
14 51 0
40 42 0
45 59 0
55 8 1
54 45 1
17 27 0
35 69 0
33 19 0
19 19 1
27 49 1
7 37 1
61 31 0
49 67 0
68 40 0
43 35 1
11 70 0
9 26 0
39 40 0
57 52 0
48 5 0
26 20 0
69 60 0
7 70 0
47 67 1
23 48 0
22 12 0
60 4 0
41 30 1
22 30 1
26 60 0
57 34 1
59 38 0
58 33 0
54 18 1
31 70 1
42 37 1
57 13 1
28 10 0
57 46 0
46 10 0
21 21 1
59 69 0
21 34 0
50 17 1
49 46 1
27 39 1
52 66 1
61 70 1
48 57 1
69 7 1
31 52 1
30 14 1
5 46 1
21 8 1
8 23 0
58 10 1
54 39 1
53 67 0
51 64 1
57 35 0
51 64 1
6 56 1
52 35 0
1 47 0
23 37 0
32 18 1
13 38 1
21 26 0
14 17 0
60 68 1
54 47 1
51 56 1
15 37 1
61 21 0
40 50 0
69 3 0
36 26 1
4 32 1
32 33 1
29 26 0
17 17 0
15 59 1
51 36 1
13 6 1
62 46 0
7 50 1
44 15 1
18 5 1
62 14 0
17 49 1
45 3 0
33 10 0
10 21 0
15 34 0
2 62 1
63 59 0
8 67 0
12 40 0
37 28 1
15 35 0
17 25 0
38 32 0
58 52 1
34 65 0
25 32 1
26 60 0
22 49 1
61 11 0
18 2 1
64 54 1
19 64 0
62 60 0
43 19 0
37 70 1
68 7 0
70 15 1
60 16 0
70 36 1
13 9 1
66 19 0
1 43 1
60 25 1
21 33 0
32 41 1
38 23 1
52 18 1
10 50 0
57 21 1
8 6 0
26 8 0
10 16 1
34 53 1
9 12 0
61 25 0
13 4 1
31 5 0
10 5 0
43 64 1
60 6 1
68 18 0
25 49 1
19 10 0
30 55 0
66 49 0
12 5 0
16 67 0
21 41 0
26 36 0
32 30 0
49 30 1
40 56 0
49 20 0
33 18 1
12 24 0
16 32 0
12 41 1
65 21 0
42 23 0
13 9 0
43 55 1
28 39 1
47 60 0
65 17 1
30 27 1
62 33 0
44 50 1
6 13 1
41 7 1
49 15 0
45 66 1
14 26 1
3 24 0
31 25 0
69 47 0
32 33 0
23 47 1
47 2 0
54 45 1
68 59 1
6 16 0
31 27 0
66 65 1
21 22 1
9 42 1
53 46 0
29 41 1
42 9 1
16 53 0
5 8 1
32 24 0
59 15 1
65 30 1
16 48 1
70 49 1
45 49 1
16 10 1
36 6 0
30 48 1
50 3 1
3 37 1
17 7 0
47 18 0
36 49 1
26 30 0
5 31 1
14 15 0
31 51 1
8 58 0
10 11 0
59 62 1
65 63 1
24 5 0
3 70 0
44 35 1
5 10 0
31 42 0
11 31 0
10 56 0
33 52 0
24 15 1
16 62 1
21 68 1
32 62 1
8 21 1
30 6 0
13 6 0
44 20 0
41 7 0
22 1 0
36 4 0
39 8 1
49 5 1
40 38 1
61 15 0
8 24 0
13 48 1
45 45 1
51 51 0
63 67 0
66 45 1
3 59 0
20 18 1
57 9 1
2 43 0
37 15 0
26 40 1
70 66 0
51 6 0
47 57 0
34 58 0
22 25 1
39 54 0
59 61 1
31 37 1
58 4 0
27 59 0
34 69 0
40 65 1
26 41 1
13 21 0
49 67 1
32 57 0
34 66 0
1 3 0
16 24 0
16 10 1
27 34 0
21 58 1
4 3 0
24 7 1
32 44 0
18 44 0
25 24 0
40 62 1
5 3 1
26 12 0
60 48 0
59 60 0
61 52 0
68 58 1
41 18 1
27 38 0
50 32 0
42 60 0
56 17 1
67 2 1
57 2 1
58 28 0
39 4 0
38 66 0
67 11 1
35 57 0
8 63 0
67 24 1
26 47 0
27 63 1
28 34 0
55 6 0
70 36 1
65 56 1
17 16 1
4 16 1
8 54 1
43 59 1
20 48 1
12 33 0
57 15 0
4 65 1
51 44 1
48 62 1
63 47 1
20 28 0
3 68 1
4 33 0
63 6 1
25 17 0
52 41 1
58 47 1
32 36 0
23 37 0
11 45 1
50 69 0
47 26 1
21 2 0
27 9 1
55 47 1
37 26 1
13 3 0
61 65 0
39 25 1
25 45 1
23 69 1
60 42 0
4 30 1
12 21 1
1 4 1
38 24 1
53 24 0
47 12 0
14 43 0
70 38 1
68 43 1
39 40 0
11 13 1
31 6 0
47 38 0
70 53 0
23 35 1
35 42 1
19 50 0
57 27 1
29 29 0
68 65 1
10 32 1
16 3 1
65 67 0
47 61 0
24 22 1
7 48 1
56 50 1
13 65 0
53 21 0
47 32 0
20 35 0
22 49 1
18 23 0
8 55 0
42 4 1
19 57 0
10 5 0
16 41 1
36 5 1
9 9 1
43 11 1
21 35 1
55 15 0
39 60 0
54 23 1
41 9 0
57 1 0
39 60 1
43 62 0
51 45 1
4 17 1
38 8 0
52 32 0
53 4 1
5 66 1
13 40 1
25 33 1
15 34 1
18 63 1
4 56 1
20 58 1
39 32 0
1 38 1
16 41 1
11 25 1
51 62 0
25 11 0
70 4 1
62 47 1
60 4 0
47 11 1
8 34 1
57 11 1
40 64 1
64 18 1
67 46 1
7 40 1
22 47 1
10 22 1
13 14 0
35 10 1
68 37 1
21 32 0
14 28 1
31 39 0
18 14 1
58 40 1
46 31 1
68 22 0
23 17 1
32 70 1
10 30 1
42 8 1
69 43 1
49 59 0
62 10 1
43 27 0
4 62 1
37 48 1
53 43 0
53 62 0
24 46 0
43 27 1
28 40 0
16 66 0
38 53 0
64 58 0
56 61 0
45 40 1
18 16 0
21 27 0
66 69 0
34 50 1
15 15 0
11 47 1
63 70 0
62 26 1
53 24 1
22 38 0
50 30 0
6 4 1
16 43 0
7 34 1
21 10 1
10 13 1
21 32 1
46 29 0
11 20 1
48 8 1
7 41 1
11 32 0
53 56 1
28 6 0
38 1 0
50 22 1
23 54 0
52 20 0
13 59 1
21 11 1
3 66 1
34 30 1
32 11 1
37 19 1
49 21 1
12 56 0
65 42 1
26 48 0
15 29 1
37 21 1
32 2 1
3 1 1
13 23 1
43 38 0
63 11 0
61 21 0
32 35 1
10 59 0
50 6 1
12 47 1
25 27 1
38 20 0
60 59 0
27 59 0
38 37 0
70 63 1
34 31 1
22 5 0
39 16 1
28 42 1
54 45 0
15 10 1
16 46 0
16 37 1
65 69 1
57 24 0
17 51 0
33 40 1
49 61 1
32 62 1
6 5 0
27 54 1
3 70 0
39 5 1
37 48 0
3 59 0
53 69 1
34 54 1
25 61 0
28 61 0
44 5 1
27 15 0
38 51 1
42 44 1
32 64 1
20 9 1
30 10 1
13 39 0
16 31 1
6 13 1
10 26 1
36 57 0
28 44 1
1 33 0
7 2 0
15 19 1
24 27 0
4 41 1
35 6 1
59 20 0
27 61 1
13 5 1
68 58 0
30 67 0
43 1 0
61 36 0
29 20 0
69 33 1
17 70 1
36 53 1
38 52 1
42 49 1
30 24 1
38 26 0
38 52 1
3 3 1
22 49 0
66 61 0
7 18 1
1 9 1
53 70 0
31 6 1
66 35 0
33 4 1
15 1 0
29 41 1
7 1 1
9 1 0
38 70 1
46 15 0
46 7 0
63 36 0
39 37 1
42 66 0
43 5 1
13 50 1
25 40 1
37 62 1
49 10 0
63 46 1
12 12 1
47 19 0
13 10 0
21 66 0
37 27 0
28 2 0
67 17 0
1 39 0
10 11 0
67 32 0
8 17 1
38 1 0
47 47 0
55 62 1
11 48 1
25 18 1
41 12 0
9 30 1
31 26 1
63 1 0
21 38 0
22 40 1
10 18 1
1 9 1
60 44 1
19 45 0
30 4 0
1 41 0
27 66 1
27 54 1
6 38 1
45 41 0
62 70 1
13 30 0
68 31 1
43 55 0
58 33 1
28 52 0
35 21 1
30 32 1
67 36 1
37 60 0
49 47 0
20 43 1
50 52 1
47 63 1
21 10 1
14 10 0
34 11 1
8 26 1
43 21 0
32 9 0
20 53 0
62 31 0
56 20 1
48 7 1
69 48 1
20 18 1
31 15 1
68 58 0
19 60 1
39 70 1
34 59 0
6 37 1
25 35 1
44 24 0
21 59 1
51 56 1
65 55 0
53 42 0
54 35 0
66 13 0
54 21 0
32 49 1
66 10 0
19 26 1
19 43 0
5 58 0
59 34 0
42 41 1
19 45 1
31 9 0
63 11 1
41 59 0
50 41 0
17 48 1
1 40 0
58 65 0
34 69 0
4 68 1
48 3 0
56 50 0
8 33 0
66 12 1
37 22 1
26 39 1
66 5 1
2 2 0
70 60 1
10 61 0
12 34 1
3 36 0
48 11 1
59 48 1
22 55 0
60 54 0
7 12 0
8 28 1
9 55 0
70 34 1
33 27 0
10 10 0
20 59 0
9 34 1
6 17 1
1 47 0
12 21 0
51 14 0
36 66 1
11 60 1
49 4 0
58 18 0
47 47 0
22 52 1
50 46 0
27 2 1
59 18 1
15 40 1
22 69 1
23 49 0
27 27 0
56 50 1
32 12 0
26 5 0
1 7 0
14 26 1
32 46 1
1 7 0
12 30 0
2 7 1
28 5 0
19 52 0
30 29 1
47 63 1
53 49 0
21 27 0
66 42 1
14 58 0
43 18 1
61 12 0
8 16 1
1 46 0
41 3 1
34 62 0
24 6 0
50 32 1
34 2 1
33 14 0
63 39 1
4 5 1
31 54 0
6 3 1
20 28 1
12 36 0
29 21 1
3 70 0
16 69 0
41 5 1
10 36 1
14 51 1
10 69 0
12 24 0
51 62 1
16 58 1
48 29 0
47 23 0
57 9 0
3 40 1
50 46 0
31 43 1
41 56 0
65 28 1
56 18 0
55 27 0
25 59 0
47 61 1
68 66 0
49 15 0
36 17 1
9 16 0
6 53 0
33 16 1
62 3 1
30 39 0
18 33 0
21 5 0
16 35 0
42 51 1
59 58 0
16 57 1
68 27 1
26 38 0
40 43 1
20 45 0
53 43 0
69 65 1
33 64 1
13 13 0
13 11 0
11 45 0
37 40 1
17 29 1
59 4 0
46 40 1
30 48 0
25 62 0
18 49 0
30 52 0
53 26 1
27 12 1
66 13 1
36 12 1
51 48 1
33 65 0
10 20 1
13 38 0
62 55 0
55 45 1
10 60 1
33 17 1
45 66 1
69 12 0
58 43 0
53 5 0
14 24 0
63 61 0
47 63 0
34 25 1
35 16 1
52 59 0
47 70 0
70 18 1
55 14 1
59 61 0
25 11 0
15 41 1
19 26 0
43 13 0
58 55 1
58 35 0
57 60 1
5 1 1
30 10 1
20 6 1
43 67 1
25 12 1
50 8 1
5 5 0
59 34 0
35 40 0
24 27 1
24 3 0
33 60 0
51 31 1
47 60 1
70 44 1
20 53 1
24 23 1
69 48 1
51 60 1
7 1 1
21 11 1
22 25 0
52 69 1
42 4 1
15 63 1
9 64 0
44 57 1
21 66 0
22 5 1
34 37 1
45 34 1
69 54 0
9 49 1
24 24 1
16 69 0
10 32 0
8 25 0
16 54 1
20 11 1
56 30 0
19 55 0
15 43 0
63 53 0
29 56 1
27 30 0
70 18 0
25 38 1
8 32 0
30 57 1
59 46 1
55 68 0
40 64 1
34 12 1
19 27 1
48 8 1
7 16 0
44 33 1
5 57 1
4 51 0
49 64 1
46 4 1
51 33 0
62 18 1
31 8 0
50 25 0
65 23 1
27 9 1
13 30 0
5 59 1
68 70 0
2 70 0
46 54 1
64 19 1
13 17 0
49 45 0
2 38 1
10 49 1
39 45 1
39 46 0
51 62 0
50 44 0
45 25 1
5 44 0
21 67 1
65 61 1
44 23 0
34 48 1
8 42 0
66 48 0
57 58 1
43 8 1
67 29 0
53 38 0
61 39 0
51 53 0
3 57 0
63 62 1
34 18 0
23 12 1
10 69 0
30 24 1
70 40 1
37 30 1
18 24 1
70 50 1
68 12 0
1 17 0
18 67 0
41 67 1
40 3 1
5 66 1
45 43 0
16 29 1
40 8 0
31 48 1
43 68 0
1 44 1
68 13 1
6 26 0
8 62 0
16 37 1
58 65 0
28 10 0
36 16 1
13 27 0
22 49 1
65 10 1
7 41 1
33 19 0
36 38 1
14 37 1
8 53 0
29 43 1
45 49 1
13 35 0
4 64 0
13 65 1
66 9 1
14 19 0
63 35 0
42 70 1
24 50 0
67 29 1
45 36 1
21 8 1
27 4 0
21 21 1
29 45 1
60 5 0
24 9 0
23 48 0
14 30 1
42 19 1
20 48 1
27 40 1
43 56 1
5 5 1
61 48 0
65 5 0
3 69 1
50 43 0
9 1 0
39 64 1
17 53 1
68 28 0
53 23 0
69 57 0
46 41 1
62 65 1
60 9 0
33 57 0
45 70 0
50 25 0
32 22 1
59 50 1
23 35 0
9 15 0
61 70 0
56 46 1
6 28 1
4 12 0
3 46 0
28 31 0
61 54 1
53 23 0
17 1 0
43 43 1
43 1 1
30 16 0
57 23 1
68 32 0
44 2 1
4 17 0
69 22 1
33 59 1
33 25 1
5 14 1
17 24 0
44 24 0
9 21 1
40 23 1
41 28 0
69 48 1
21 37 0
21 29 0
57 2 0
13 4 0
48 36 0
1 52 0
21 39 0
55 12 0
24 64 1
2 32 1
50 14 0
20 65 0
34 7 0
37 64 0
2 8 0
65 27 1
45 31 1
68 43 1
3 24 1
34 57 1
60 7 0
54 1 1
2 15 1
7 16 0
15 40 0
53 54 1
13 55 1
67 31 1
32 60 0
18 43 0
37 39 0
37 27 1
64 34 0
9 16 1
60 34 0
43 53 0
40 20 0
12 19 0
13 39 0
56 49 1
24 35 0
50 10 0
25 50 1
40 22 0
3 12 0
67 16 1
16 14 0
46 24 1
14 42 0
63 9 0
39 17 1
49 50 1
28 3 0
61 7 1
2 43 0
29 68 1
54 8 1
7 11 1
48 13 0
68 40 0
15 51 0
6 16 0
8 55 0
26 48 0
68 10 0
7 57 0
27 43 0
37 56 0
50 44 0
31 58 0
11 64 1
27 51 1
23 15 0
70 7 1
9 2 0
8 10 1
62 46 0
47 8 0
32 47 0
20 5 1
13 42 1
63 24 0
8 22 0
26 40 0
39 12 1
48 52 1
36 40 0
55 54 1
43 46 1
47 18 1
31 19 0
66 31 0
29 23 1
68 25 0
10 38 1
3 2 0
42 42 1
37 16 0
12 35 1
29 28 1
60 28 0
32 65 0
55 24 1
21 60 1
1 5 1
2 47 0
55 21 0
70 29 1
47 34 1
4 12 0
44 48 1
38 44 0
3 35 1
62 66 1
8 13 0
55 63 0
17 33 1
57 56 1
21 57 1
44 70 1
21 53 0
6 37 1
40 52 0
47 64 0
2 38 1
64 12 1
27 69 1
24 40 1
11 23 1
10 52 1
4 27 0
40 44 0
33 53 1
26 51 0
5 65 1
16 16 0
14 21 1
54 54 1
6 3 1
58 43 1
26 67 0
11 42 1
63 33 0
56 64 0
50 13 0
7 21 0
27 34 0
22 16 1
24 9 0
66 36 0
5 2 1
58 41 0
20 3 0
25 55 1
49 17 0
69 54 1
45 36 1
60 31 1
10 22 0
45 30 1
46 37 1
28 69 1
30 41 0
26 6 1
43 38 0
38 61 0
3 20 1
45 5 1
8 23 0
49 53 1
15 32 1
13 15 0
54 67 1
1 68 0
39 36 1
29 65 1
49 22 0
65 35 0
18 37 1
12 60 0
55 57 1
69 53 1
7 64 0
4 46 1
52 53 1
46 45 1
9 3 0
43 58 0
9 17 0
10 65 1
8 22 0
60 6 0
53 2 0
28 63 0
22 66 0
66 38 1
11 50 0
68 64 0
14 60 0
20 28 0
42 6 1
47 39 0
60 69 1
52 48 1
59 42 0
26 17 1
17 61 1
10 43 1
12 67 0
51 29 1
56 12 0
24 2 1
35 51 1
12 24 0
65 36 1
23 69 0
13 40 1
55 21 0
51 11 1
21 26 0
32 61 0
45 66 0
37 60 1
60 30 1
37 6 0
47 40 0
17 41 0
49 59 0
60 41 0
27 33 0
17 18 0
13 46 1
2 39 1
43 67 1
60 47 0
29 22 0
70 18 1
70 39 1
40 43 1
15 40 0
32 56 1
19 46 1
57 21 1
65 21 0
42 33 1
5 12 0
22 37 1
60 8 0
45 39 1
14 2 1
11 49 1
68 54 0
19 2 0
39 32 0
13 47 1
24 64 0
60 39 0
9 25 1
60 22 1
61 59 1
39 52 0
34 18 0
35 60 0
9 43 0
67 8 0
2 38 0
40 60 0
64 57 1
16 44 0
16 5 1
68 3 1
15 12 1
17 18 0
59 54 1
8 58 1
57 4 1
58 56 1
44 40 0
18 32 0
34 13 1
37 66 0
60 29 1
19 25 0
2 68 0
59 49 0
4 51 1
2 42 1
41 14 0
2 62 1
26 67 0
21 18 0
61 47 0
15 45 1
13 59 1
3 61 0
53 24 0
24 31 1
50 37 0
41 17 0
50 13 1
67 55 0
55 63 0
30 2 0
18 29 1
21 69 1
44 27 1
17 1 0
65 45 1
11 60 0
36 17 1
20 70 0
13 14 0
26 19 0
55 50 1
53 23 1
22 10 1
22 38 0
8 32 0
9 16 1
38 41 1
37 45 0
62 57 0
22 66 0
13 33 1
35 30 1
45 59 0
24 4 1
67 34 0
13 59 1
65 49 0
52 3 1
50 47 1
45 45 0
20 11 0
61 30 0
62 44 1
65 9 1
28 19 0
29 37 1
7 63 1
9 56 1
56 27 0
42 1 0
52 9 0
12 18 1
67 15 0
18 56 1
36 62 1
2 65 0
6 22 0
61 56 0
29 70 1
42 6 0
50 57 1
9 56 1
23 58 0
20 63 0
12 50 1
18 65 1
40 49 0
37 40 0
36 51 0
42 47 1
40 26 0
37 57 1
37 53 0
29 34 0
9 55 0
15 30 1
63 31 0
44 25 1
24 21 1
70 58 1
38 8 0
24 8 1
19 16 1
52 58 1
36 62 0
8 7 0
38 40 0
4 53 0
36 45 0
36 2 1
43 12 1
50 3 0
7 18 1
7 12 1
68 34 0
17 64 0
56 38 1
50 16 0
24 38 1
25 14 0
48 13 1
50 37 0
10 38 1
33 46 0
66 58 0
59 36 1
26 45 1
53 21 0
21 70 0
46 27 1
58 18 0
36 64 1
3 20 1
60 52 0
48 32 0
25 9 1
70 3 1
20 63 0
32 33 0
70 27 0
17 57 1
23 6 0
42 5 1
35 13 0
8 65 1
16 42 0
30 19 1
35 21 0
67 18 1
35 34 0
33 26 1
39 4 0
43 30 0
68 58 1
4 17 1
58 24 0
6 67 1
39 63 1
56 8 1
19 67 1
56 54 0
60 58 0
31 26 0
18 47 1
34 32 0
69 24 1
7 44 0
69 23 0
7 36 0
3 57 1
68 55 1
56 16 1
23 26 0
70 21 0
31 25 1
67 33 0
40 39 1
62 51 1
39 43 0
37 20 0
22 28 0
49 9 1
16 3 0
49 27 1
3 22 0
47 50 0
16 7 0
8 53 1
63 27 0
12 19 0
39 13 1
59 16 0
3 17 0
41 40 1
62 62 1
42 68 0
60 1 0
42 42 1
10 17 1
28 29 1
52 20 0
68 44 1
14 46 1
53 6 0
56 13 0
53 35 0
65 34 1
37 59 0
65 34 0
35 1 1
55 50 1
40 9 0
28 50 1
33 12 0
57 39 0
34 45 1
9 46 0
67 36 0
31 68 0
31 52 0
22 63 1
42 55 1
22 57 0
45 1 1
13 68 1
69 61 0
44 49 1
22 32 1
19 50 1
12 5 1
16 64 0
13 49 1
69 15 1
69 67 0
8 22 0
69 46 1
59 33 1
20 40 1
12 44 0
16 19 0
21 25 0
11 65 1
25 6 1
33 38 1
55 56 0
30 17 1
5 59 1
44 4 0
29 52 1
48 48 0
14 68 1
8 34 1
13 11 1
62 69 0
60 67 0
18 2 0
6 18 0
21 22 0
2 57 1
50 22 0
47 25 1
10 49 0
33 24 0
43 24 0
39 69 0
40 27 1
69 15 0
20 31 0
19 21 0
52 39 0
6 46 1
54 8 1
20 36 1
43 19 1
41 17 1
68 62 1
24 66 0
55 6 1
5 37 0
55 11 0
42 34 1
49 45 1
27 8 0
57 15 1
3 64 0
64 11 0
1 10 1
7 7 1
55 35 1
65 12 1
40 51 1
26 26 0
46 55 0
2 44 0
66 6 0
18 33 0
27 44 1
45 33 0
22 6 0
45 53 0
25 38 0
51 6 1
47 23 0
32 7 1
50 48 1
12 32 0
67 22 1
30 12 0
35 8 0
30 70 1
67 56 1
3 23 0
37 27 0
43 19 0
32 12 1
6 12 0
39 29 1
50 15 0
69 58 1
10 51 1
65 19 0
29 23 1
67 7 1
27 61 1
50 64 1
3 59 1
44 64 0
70 66 0
69 27 1
50 35 1
68 1 0
32 46 0
38 35 0
28 60 0
33 70 1
21 53 0
15 53 1
10 21 0
49 50 1
13 7 0
25 55 1
13 39 0
47 63 1
37 13 0
48 2 1
30 53 1
12 48 0
32 4 0
23 41 1
29 19 1
25 34 1
5 70 0
67 55 0
21 31 0
35 46 0
29 24 1
6 22 0
21 58 1
61 33 0
22 69 0
55 58 0
55 2 0
51 40 0
24 43 0
69 35 1
22 5 1
55 3 1
42 37 0
17 31 0
27 48 0
26 34 1
28 57 0
9 13 0
63 48 0
28 33 1
32 52 0
46 41 1
12 35 0
43 37 1
32 53 1
7 21 1
63 43 1
18 3 0
7 1 0
39 35 1
32 9 0
14 62 1
48 42 0
26 6 0
20 67 0
40 27 1
24 70 1
26 24 0
39 44 1
15 69 1
23 51 1
14 6 0
68 65 1
15 19 0
23 3 1
49 30 0
60 63 0
13 31 1
57 28 1
67 31 1
48 14 1
65 28 1
1 67 0
19 25 1
21 8 1
62 11 0
67 53 0
27 60 0
67 35 0
27 36 0
53 63 1
22 30 0
31 35 0
55 36 1
63 52 1
15 32 0
9 2 1
10 20 1
45 63 0
10 21 0
