90 1000 20
5 63 0
52 20 0
83 46 0
89 26 0
35 37 0
43 4 0
58 86 0
83 87 0
81 75 0
62 12 0
53 57 0
26 45 0
14 33 0
75 46 0
79 81 0
15 58 0
39 83 0
1 66 0
1 31 0
30 89 0
54 87 0
83 72 0
68 21 0
5 75 0
49 20 0
38 29 0
73 63 0
5 63 0
71 86 0
38 41 0
60 21 0
65 52 0
79 60 0
52 65 0
25 80 0
38 81 0
24 78 0
60 82 0
29 53 0
72 65 0
55 77 0
49 71 0
6 89 0
46 15 0
17 76 0
58 83 0
6 38 0
7 32 0
59 84 0
35 58 0
11 83 0
33 73 0
64 86 0
49 54 0
80 54 0
40 82 0
63 44 0
42 50 0
26 68 0
15 87 0
41 4 0
3 72 0
65 46 0
40 61 0
81 85 0
40 74 0
18 1 0
86 34 0
87 44 0
7 6 0
88 77 0
30 9 0
20 22 0
89 34 0
82 8 0
11 65 0
8 85 0
40 66 0
36 34 0
29 41 0
25 26 0
78 68 0
11 4 0
47 36 0
41 7 0
45 54 0
62 38 0
21 75 0
70 81 0
88 71 0
45 23 0
17 61 0
36 14 0
48 57 0
59 71 0
7 76 0
15 83 0
49 46 0
81 77 0
83 5 0
58 32 0
31 38 0
74 81 0
72 52 0
32 15 0
37 31 0
1 77 0
90 54 0
72 36 0
69 9 0
84 40 0
85 37 0
82 60 0
46 43 0
9 73 0
14 1 0
90 67 0
57 6 0
57 73 0
49 90 0
31 89 0
37 85 0
10 83 0
29 88 0
7 81 0
83 59 0
57 52 0
22 77 0
81 48 0
82 67 0
29 89 0
27 57 0
63 28 0
62 46 0
45 29 0
79 20 0
15 37 0
30 77 0
37 24 0
67 20 0
78 5 0
56 59 0
7 6 0
53 39 0
68 87 0
47 45 0
11 6 0
86 74 0
29 35 0
26 57 0
77 35 0
72 14 0
53 53 0
38 63 0
82 89 0
3 14 0
34 31 0
36 20 0
21 40 0
36 50 0
56 50 0
55 45 0
28 29 0
63 50 0
69 18 0
52 88 0
64 55 0
17 85 0
19 26 0
76 54 0
30 10 0
2 78 0
59 63 0
13 89 0
11 79 0
38 10 0
54 66 0
4 55 0
66 43 0
60 67 0
26 44 0
60 22 0
68 89 0
76 38 0
54 87 0
58 61 0
48 83 0
17 22 0
20 69 0
19 81 0
53 82 0
58 57 0
73 16 0
21 23 0
51 10 0
16 80 0
63 77 0
37 75 0
23 3 0
89 23 0
83 76 0
30 18 0
39 3 0
71 46 0
37 21 0
12 89 0
17 89 0
66 31 0
54 51 0
61 48 0
38 14 0
90 76 0
60 62 0
64 37 0
59 44 0
81 24 0
42 13 0
15 20 0
28 42 0
62 85 0
46 26 0
76 36 0
66 62 0
23 13 0
61 81 0
5 45 0
30 8 0
31 56 0
54 51 0
5 5 0
28 74 0
87 85 0
67 31 0
73 11 0
58 56 0
81 6 0
3 65 0
36 66 0
40 31 0
21 20 0
64 10 0
69 77 0
43 55 0
16 10 0
14 6 0
80 20 0
66 3 0
86 76 0
48 4 0
59 30 0
35 67 0
41 11 0
38 90 0
30 39 0
20 78 0
87 50 0
89 84 0
10 28 0
37 41 0
46 25 0
6 12 0
66 87 0
34 34 0
37 61 0
90 44 0
20 58 0
30 87 0
86 23 0
61 68 0
17 77 0
88 80 0
35 65 0
2 86 0
36 45 0
69 38 0
11 44 0
40 37 0
70 77 0
9 36 0
79 68 0
35 61 0
57 8 0
30 27 0
4 14 0
90 52 0
42 20 0
46 87 0
83 38 0
82 48 0
47 80 0
33 23 0
59 58 0
44 35 0
70 38 0
67 52 0
22 20 0
27 12 0
38 40 0
53 19 0
32 3 0
74 14 0
63 35 0
73 29 0
38 17 0
6 64 0
48 85 0
52 1 0
35 16 0
15 57 0
18 66 0
85 82 0
55 2 0
3 73 0
53 54 0
56 18 0
31 85 0
29 1 0
29 55 0
71 11 0
37 67 0
61 77 0
39 84 0
62 74 0
40 73 0
10 76 0
67 19 0
20 4 0
76 31 0
84 75 0
2 1 0
85 11 0
11 84 0
49 75 0
48 2 0
68 29 0
67 84 0
39 90 0
35 15 0
49 10 0
86 74 0
2 20 0
23 24 0
17 74 0
58 61 0
61 62 0
73 59 0
52 17 0
1 83 0
46 62 0
53 48 0
3 75 0
74 81 0
58 4 0
13 18 0
53 16 0
88 60 0
46 55 0
38 20 0
42 62 0
33 57 0
77 64 0
80 67 0
22 38 0
62 43 0
52 67 0
52 24 0
14 17 0
20 87 0
67 71 0
49 84 0
16 29 0
45 46 0
27 61 0
84 44 0
10 69 0
4 78 0
55 86 0
86 84 0
88 76 0
52 57 0
42 49 0
27 13 0
62 17 0
50 46 0
2 38 0
66 8 0
15 17 0
39 21 0
64 3 0
33 84 0
71 74 0
31 37 0
82 87 0
72 26 0
44 79 0
89 86 0
60 85 0
64 26 0
33 31 0
68 23 0
82 34 0
12 6 0
26 6 0
8 50 0
5 89 0
34 3 0
39 76 0
72 65 0
52 30 0
70 16 0
63 6 0
52 68 0
55 32 0
25 25 0
47 88 0
31 2 0
7 38 0
5 43 0
54 84 0
45 65 0
67 59 0
6 78 0
14 67 0
6 39 0
54 28 0
85 37 0
66 78 0
20 46 0
33 31 0
28 44 0
7 41 0
41 58 0
62 66 0
59 7 0
71 26 0
46 13 0
53 9 0
75 13 0
51 28 0
55 42 0
40 67 0
54 49 0
57 16 0
46 35 0
78 51 0
53 73 0
2 47 0
22 3 0
62 64 0
51 42 0
17 4 0
13 6 0
70 69 0
6 49 0
53 30 0
6 23 0
33 2 0
17 22 0
56 89 0
11 24 0
6 6 0
52 64 0
28 8 0
33 35 0
38 89 0
55 83 0
50 54 0
32 29 0
77 29 0
58 90 0
22 1 0
55 26 0
9 54 0
15 71 0
57 64 0
69 25 0
50 62 0
31 82 0
78 78 0
38 63 0
55 26 0
79 2 0
30 66 0
4 73 0
72 69 0
69 24 0
11 55 0
18 33 0
66 19 0
82 84 0
19 32 0
55 23 0
14 30 0
17 86 0
58 54 0
79 17 0
18 75 0
50 67 0
11 10 0
40 16 0
39 82 0
46 70 0
65 49 0
29 26 0
19 40 0
33 20 0
4 89 0
29 49 0
44 70 0
33 7 0
23 64 0
10 21 0
49 3 0
64 59 0
36 60 0
13 13 0
82 74 0
84 21 0
46 56 0
57 22 0
4 26 0
77 51 0
10 7 0
38 67 0
73 15 0
40 70 0
52 58 0
22 49 0
70 63 0
84 85 0
59 15 0
51 6 0
26 50 0
68 44 0
28 33 0
21 86 0
47 31 0
89 7 0
73 18 0
84 37 0
68 17 0
36 34 0
44 30 0
2 57 0
13 23 0
90 85 0
52 71 0
83 50 0
3 40 0
34 60 0
55 82 0
74 54 0
22 63 0
42 73 0
71 56 0
73 36 0
31 48 0
77 70 0
89 74 0
59 40 0
86 11 0
82 58 0
17 10 0
49 74 0
5 71 0
63 82 0
8 21 0
84 46 0
80 29 0
47 87 0
32 60 0
18 29 0
60 24 0
8 56 0
6 58 0
69 28 0
85 53 0
62 22 0
57 63 0
43 20 0
64 61 0
81 67 0
75 33 0
23 36 0
33 64 0
34 69 0
59 26 0
50 13 0
68 29 0
86 19 0
46 35 0
88 26 0
9 2 0
64 59 0
41 65 0
35 68 0
45 66 0
8 26 0
61 29 0
54 30 0
61 55 0
81 49 0
61 29 0
57 40 0
20 1 0
87 15 0
2 27 0
28 84 0
15 11 0
75 53 0
82 17 0
82 20 0
7 88 0
78 51 0
42 29 0
84 42 0
90 12 0
41 74 0
75 23 0
75 59 0
73 56 0
82 71 0
27 37 0
47 71 0
85 3 0
19 83 0
12 76 0
36 62 0
22 70 0
9 23 0
64 63 0
75 54 0
37 26 0
10 25 0
83 73 0
38 84 0
26 28 0
64 81 0
61 52 0
54 72 0
64 17 0
2 34 0
5 38 0
17 37 0
22 78 0
51 77 0
40 47 0
72 87 0
73 38 0
20 43 0
36 27 0
54 57 0
9 62 0
75 79 0
60 69 0
47 1 0
86 86 0
33 49 0
47 1 0
40 11 0
88 30 0
77 52 0
48 89 0
37 20 0
63 30 0
57 18 0
37 60 0
31 72 0
23 45 0
76 68 0
68 82 0
39 32 0
42 25 0
25 71 0
44 51 0
80 27 0
78 3 0
1 66 0
86 36 0
27 89 0
17 20 0
79 45 0
27 53 0
59 72 0
49 49 0
2 44 0
76 78 0
12 3 0
73 27 0
77 89 0
25 78 0
80 67 0
4 12 0
9 43 0
3 89 0
70 36 0
42 19 0
33 59 0
40 68 0
78 2 0
7 50 0
37 42 0
44 82 0
71 10 0
60 78 0
66 57 0
85 46 0
20 17 0
21 89 0
49 28 0
25 24 0
42 29 0
49 67 0
6 37 0
90 88 0
47 84 0
87 6 0
50 45 0
16 2 0
79 30 0
48 76 0
31 16 0
85 5 0
55 50 0
40 15 0
38 65 0
55 64 0
2 42 0
78 13 0
62 8 0
53 39 0
44 70 0
76 49 0
50 55 0
46 2 0
39 90 0
16 56 0
60 69 0
81 10 0
24 24 0
88 82 0
55 24 0
65 15 0
27 19 0
26 52 0
52 89 0
68 78 0
88 57 0
22 54 0
17 9 0
8 67 0
32 55 0
85 75 0
46 53 0
38 37 0
28 70 0
55 36 0
12 45 0
63 29 0
42 38 0
88 88 0
37 3 0
59 28 0
81 86 0
4 80 0
19 59 0
23 11 0
86 12 0
27 69 0
16 3 0
72 64 0
61 43 0
49 36 0
26 72 0
20 21 0
70 67 0
69 17 0
44 16 0
63 90 0
41 86 0
54 66 0
77 59 0
33 38 0
17 34 0
36 59 0
84 32 0
36 70 0
67 55 0
36 85 0
67 55 0
31 55 0
34 47 0
24 62 0
61 39 0
35 87 0
62 11 0
32 50 0
50 10 0
5 26 0
46 66 0
59 3 0
34 39 0
3 56 0
50 62 0
26 39 0
55 79 0
35 19 0
80 88 0
37 20 0
68 50 0
22 33 0
44 2 0
63 53 0
78 3 0
30 68 0
32 33 0
72 88 0
54 27 0
50 36 0
74 65 0
53 76 0
56 39 0
36 49 0
31 45 0
56 34 0
28 8 0
9 39 0
2 34 0
36 72 0
11 41 0
36 66 0
25 4 0
30 69 0
14 78 0
15 79 0
26 88 0
88 29 0
40 81 0
87 85 0
81 70 0
77 14 0
53 18 0
51 86 0
67 54 0
56 49 0
76 39 0
42 53 0
31 10 0
50 33 0
21 7 0
56 64 0
54 9 0
51 53 0
47 3 0
72 48 0
23 37 0
17 59 0
16 75 0
90 29 0
39 44 0
82 56 0
70 24 0
34 33 0
27 63 0
69 83 0
18 47 0
17 34 0
48 33 0
36 68 0
77 56 0
55 69 0
89 9 0
46 71 0
61 14 0
57 45 0
62 10 0
33 10 0
4 42 0
14 28 0
72 30 0
39 44 0
77 51 0
84 55 0
84 86 0
51 81 0
59 32 0
41 15 0
47 58 0
33 48 0
2 18 0
79 90 0
9 26 0
67 21 0
49 65 0
4 42 0
85 82 0
43 42 0
7 33 0
80 36 0
26 52 0
84 40 0
17 46 0
13 86 0
43 63 0
42 46 0
7 6 0
31 30 0
13 67 0
41 7 0
10 23 0
14 45 0
86 4 0
88 56 0
53 54 0
16 77 0
79 78 0
86 61 0
56 5 0
29 8 0
15 8 0
13 71 0
62 21 0
50 44 0
12 36 0
58 90 0
6 22 0
77 34 0
51 54 0
17 37 0
23 14 0
53 84 0
54 11 0
67 48 0
18 19 0
78 6 0
76 32 0
15 53 0
6 9 0
45 64 0
25 69 0
52 64 0
7 31 0
84 39 0
37 20 0
33 62 0
56 21 0
84 47 0
5 71 0
52 60 0
65 74 0
15 1 0
53 12 0
21 81 0
54 20 0
89 27 0
90 79 0
19 50 0
50 59 0
78 64 0
35 86 0
17 72 0
80 52 0
33 62 0
31 84 0
29 46 0
46 6 0
69 44 0
86 9 0
28 51 0
77 50 0
90 78 0
38 39 0
59 70 0
43 49 0
7 46 0
79 39 0
1 75 0
46 68 0
24 85 0
40 76 0
43 52 0
57 47 0
55 74 0
34 53 0
64 45 0
32 73 0
21 63 0
4 31 0
80 41 0
48 46 0
84 86 0
32 36 0
65 46 0
40 77 0
24 50 0
12 41 0
88 67 0
12 30 0
44 52 0
58 45 0
