30 870 16
4 12 0
1 25 1
2 14 1
11 10 1
14 23 1
6 4 1
13 4 1
8 24 1
30 26 0
23 11 1
15 14 1
9 13 0
20 16 1
7 15 1
10 4 1
22 21 1
13 23 1
10 17 1
25 22 0
9 3 1
21 19 1
8 21 1
1 13 1
1 7 1
11 6 1
30 11 0
10 25 1
26 17 1
2 10 0
23 16 1
16 13 1
28 9 1
28 15 1
10 18 0
8 29 1
2 11 1
14 22 1
27 10 1
6 18 1
30 27 0
14 15 0
20 3 1
3 12 1
21 23 1
2 19 0
25 27 1
27 24 1
30 5 1
3 27 0
15 2 1
16 12 1
11 16 1
24 21 1
10 8 1
21 12 1
28 7 1
27 1 0
10 29 1
11 17 1
16 21 1
2 8 1
28 14 1
20 4 0
28 18 1
30 22 1
10 13 1
15 11 1
28 2 1
14 4 1
10 9 1
20 6 1
17 30 1
16 15 1
27 2 0
21 18 1
6 3 1
7 5 1
17 28 1
27 5 1
17 16 1
6 10 1
30 3 1
28 4 0
3 21 0
17 20 1
10 30 1
13 30 1
26 25 1
16 14 1
29 28 0
25 3 1
4 30 1
26 11 1
22 9 1
4 25 1
5 20 1
18 29 1
11 8 1
25 13 1
5 15 1
28 7 0
15 2 0
18 27 1
23 10 1
2 4 1
12 14 1
24 4 1
5 10 0
6 21 0
16 8 1
6 8 0
1 24 1
23 20 0
1 11 1
21 8 1
26 22 1
19 21 1
26 4 1
1 5 1
30 13 1
12 11 1
24 3 1
24 17 1
13 26 1
24 4 1
5 22 0
14 27 0
11 17 1
7 27 1
15 4 1
19 7 1
18 13 1
13 1 1
14 30 1
3 26 1
26 9 0
12 16 1
30 22 1
26 5 1
11 28 1
16 27 1
2 6 1
4 10 1
27 4 0
17 27 1
30 28 1
30 9 1
2 13 0
21 27 0
25 5 1
15 27 1
16 14 1
30 22 1
8 26 1
22 17 1
25 22 1
12 10 1
22 16 1
9 23 1
10 9 1
22 20 1
25 2 1
26 22 1
24 12 0
7 4 1
6 23 1
27 24 1
9 16 1
28 2 1
11 28 0
17 1 0
8 24 1
26 24 1
9 30 1
20 30 1
15 24 1
19 24 1
30 27 1
3 29 1
5 26 1
2 23 1
16 20 1
19 13 1
15 14 1
30 29 1
21 2 1
17 7 0
9 1 1
25 21 1
30 11 0
7 18 1
22 21 1
19 17 1
18 1 1
16 30 1
6 23 1
13 5 0
19 12 1
20 8 1
24 2 1
16 28 1
9 12 1
7 23 1
6 26 1
20 28 0
3 2 1
28 5 1
23 13 1
25 8 1
11 6 0
8 6 0
10 28 1
3 16 0
16 27 1
28 3 1
12 28 0
8 1 1
10 15 1
23 14 0
25 6 0
30 7 0
29 9 1
29 4 1
29 11 1
18 15 1
26 27 1
16 18 1
23 21 1
28 15 1
15 13 1
8 7 1
7 12 1
23 10 1
18 7 0
19 18 1
23 21 1
8 11 0
30 19 1
7 21 1
22 15 1
22 10 1
8 27 1
10 2 1
7 21 1
10 5 0
17 24 1
15 6 1
4 19 1
18 11 1
25 12 0
4 3 1
3 1 0
8 1 0
21 17 1
26 4 1
14 15 1
8 13 1
6 29 1
17 20 1
28 19 1
2 25 1
25 4 1
8 26 1
30 19 1
27 2 1
29 5 1
12 2 1
6 23 1
12 19 1
22 29 1
12 22 1
8 7 1
29 7 0
13 12 1
23 20 1
7 6 1
26 25 1
3 10 1
5 27 1
17 14 1
1 23 1
8 21 0
9 8 1
3 2 1
1 15 1
24 26 1
26 27 1
19 29 1
16 24 0
27 24 0
18 15 1
30 12 1
29 21 1
24 23 1
27 24 1
28 16 0
19 13 1
18 13 1
1 11 1
13 7 1
25 4 1
3 27 0
27 28 1
7 4 1
9 12 0
9 22 1
12 15 1
7 9 1
7 26 1
6 8 1
20 2 1
1 30 1
25 19 0
19 7 1
15 30 1
2 29 1
28 3 1
8 16 0
24 26 1
19 17 1
17 16 1
8 16 1
7 5 0
22 13 1
11 3 1
17 16 1
30 1 0
29 28 0
2 26 1
17 21 1
7 25 1
28 4 1
1 12 1
9 1 1
8 7 1
18 3 1
29 26 1
26 28 0
28 6 1
29 6 1
12 17 1
20 11 1
27 25 1
19 5 1
5 3 1
14 7 1
24 28 1
14 3 1
9 3 1
20 27 1
11 21 1
11 15 1
17 7 1
2 1 0
30 11 1
7 18 1
11 28 0
22 5 1
24 23 1
30 8 0
14 23 1
28 6 1
4 6 1
15 22 1
22 27 1
25 26 1
15 8 1
27 19 1
2 10 0
4 2 0
22 10 1
21 15 1
7 12 0
1 18 1
3 2 1
9 16 1
14 19 1
28 1 1
6 4 1
8 17 1
12 20 1
16 19 0
10 2 0
16 29 1
23 4 0
3 18 1
15 26 1
6 8 0
7 15 1
30 5 0
27 14 1
28 25 0
18 16 1
10 30 1
16 24 1
19 22 1
14 3 1
3 14 1
7 20 1
15 22 1
20 9 1
7 21 0
4 30 1
10 27 1
13 19 1
18 29 1
13 25 1
8 10 1
17 27 1
30 20 1
17 13 1
13 15 1
13 12 1
5 9 1
10 11 0
30 1 1
28 21 0
10 30 1
8 7 0
14 27 1
13 2 1
30 13 1
7 20 1
26 6 1
24 8 1
8 26 1
26 19 1
7 29 1
5 15 1
11 30 1
10 16 1
7 26 1
5 11 1
15 27 1
3 26 1
15 6 1
30 9 1
27 1 1
6 23 1
21 9 1
19 1 0
9 26 1
30 16 1
13 2 1
30 20 1
30 1 1
9 21 1
19 18 1
29 3 0
18 20 1
28 5 1
27 12 1
23 13 0
16 6 1
19 18 0
27 8 1
14 16 1
13 15 1
11 23 1
20 25 1
7 3 1
26 18 0
19 13 1
14 24 0
9 15 0
7 19 1
13 14 0
5 25 1
19 2 0
21 19 1
2 20 1
24 13 1
8 7 1
10 15 1
12 14 1
6 3 0
25 9 1
21 14 1
16 3 1
13 27 1
11 30 0
13 4 1
24 2 0
12 23 1
3 2 1
11 28 1
8 6 1
2 20 0
24 22 0
17 1 1
29 9 1
21 6 1
9 18 1
12 6 0
28 20 1
13 3 1
29 7 0
1 17 0
11 1 0
5 10 1
16 19 0
26 21 1
28 18 0
26 13 0
12 11 1
11 15 1
13 12 0
8 18 1
2 30 1
17 28 1
1 13 1
30 22 1
29 24 0
28 12 1
26 4 1
20 9 1
5 4 0
4 21 1
9 4 1
21 26 1
24 28 1
6 18 1
16 3 1
1 28 1
15 11 1
14 10 1
16 2 1
2 28 1
16 7 1
19 9 1
5 4 0
15 6 1
24 2 1
12 11 1
2 30 0
10 2 1
24 15 1
10 13 1
30 23 0
20 1 1
12 15 1
6 24 1
11 20 1
30 28 0
12 25 0
21 18 0
24 11 1
10 9 1
26 29 1
12 13 1
2 1 1
17 1 1
16 14 1
17 2 1
3 25 0
10 12 1
3 7 1
30 18 0
11 22 1
17 15 1
6 23 1
3 25 0
6 20 1
13 6 1
11 20 1
12 4 1
15 1 0
11 27 1
28 30 1
10 8 1
2 29 1
20 3 1
13 3 1
6 23 0
12 5 0
19 18 1
17 15 1
30 21 1
14 28 1
1 3 1
6 30 0
27 26 1
4 16 1
27 24 1
10 14 1
20 25 0
15 5 1
11 24 1
25 27 1
4 25 0
8 29 1
29 25 1
30 13 1
16 17 1
28 13 1
23 24 1
18 10 1
29 24 1
3 21 1
14 4 1
25 12 1
30 16 1
7 26 1
30 4 0
26 25 1
12 6 1
1 12 1
21 23 1
12 13 1
30 17 1
22 30 1
4 6 0
18 17 1
21 16 1
10 13 1
17 7 1
4 19 1
12 7 1
4 19 1
30 21 1
28 20 1
27 19 1
19 23 1
17 9 1
18 5 1
5 22 1
7 17 1
7 6 1
30 12 1
4 22 1
25 10 1
12 18 1
1 2 1
27 5 0
23 10 0
4 19 1
21 7 1
25 23 1
2 22 1
27 26 1
22 19 1
16 22 0
22 1 1
9 23 1
29 11 1
7 13 1
15 1 1
28 10 1
2 9 1
6 1 1
19 14 1
23 30 1
15 26 1
24 30 1
1 14 1
19 30 1
12 24 0
4 25 0
20 22 1
1 19 0
11 16 0
18 12 0
28 5 1
18 22 1
22 11 1
30 19 0
28 20 1
8 6 1
16 22 0
2 3 1
30 29 1
24 26 1
4 17 0
16 20 1
11 17 1
23 22 0
17 29 1
11 22 1
22 12 1
13 3 1
12 17 1
26 29 1
30 24 1
25 8 1
10 28 0
9 18 1
21 11 1
13 20 1
26 13 1
6 18 1
28 22 1
1 21 1
22 9 1
10 6 0
3 22 0
23 7 0
16 21 1
16 17 1
10 30 1
18 12 1
1 27 1
24 10 1
23 28 1
30 4 1
25 7 1
22 30 1
10 16 0
29 13 1
21 25 1
24 28 1
21 25 1
28 1 1
25 18 1
9 5 1
10 8 0
9 16 0
2 5 1
2 8 1
29 26 1
28 14 1
7 28 1
17 16 1
4 1 1
17 16 1
2 20 1
23 15 1
19 23 1
27 11 1
13 10 1
13 20 1
24 3 1
18 4 1
23 17 1
6 16 0
30 25 0
7 5 1
17 5 0
5 12 1
5 3 0
13 24 0
10 17 1
15 4 1
19 21 1
14 26 1
12 8 1
24 25 1
26 6 0
9 13 1
11 10 1
30 29 1
18 9 1
22 18 1
18 9 1
1 2 1
11 13 0
12 18 1
10 7 1
3 2 1
1 6 1
3 29 0
6 23 1
22 9 1
29 16 0
16 26 1
18 19 1
24 10 0
28 4 1
25 19 1
20 19 1
27 14 1
30 29 1
3 7 1
27 21 1
12 1 0
18 15 1
27 6 1
21 20 1
8 17 1
6 16 1
13 24 1
17 1 1
24 28 1
22 3 1
17 21 1
12 11 0
16 26 1
21 11 1
17 6 1
6 13 1
15 26 0
11 21 1
23 25 1
8 24 1
6 8 1
12 19 1
26 3 1
4 2 0
25 24 1
29 28 0
22 10 1
15 29 1
23 22 1
23 5 1
23 3 1
20 3 1
2 15 1
1 16 1
13 26 1
15 9 1
17 29 1
3 2 1
5 18 1
10 23 1
18 16 1
4 26 0
23 27 1
28 2 0
12 18 1
20 14 1
2 23 1
2 27 1
5 30 0
27 23 1
2 3 1
28 4 1
19 18 1
7 16 1
25 22 1
27 14 1
22 25 1
25 23 1
6 28 0
24 5 1
12 21 1
28 24 1
8 2 1
25 19 0
2 1 1
23 14 1
7 27 1
24 10 1
5 14 1
24 19 1
21 18 1
21 18 0
1 28 1
15 25 1
13 3 1
20 17 1
4 2 1
4 10 1
4 25 1
1 29 1
15 5 1
6 18 1
21 16 1
25 20 1
23 15 1
14 25 0
13 12 1
16 14 1
21 26 1
5 13 1
26 8 0
25 5 1
27 20 1
24 1 1
19 16 0
19 14 0
5 12 0
