30 870 20
17 6 1
13 7 1
13 23 1
17 12 0
23 3 1
8 14 1
18 8 1
28 10 1
2 5 0
3 2 1
6 1 1
17 22 1
22 6 1
2 21 0
10 14 0
23 26 1
5 1 0
26 4 0
14 26 0
12 6 1
29 22 1
29 7 1
7 27 1
18 8 1
27 20 1
23 12 1
3 6 0
5 16 0
23 21 1
26 25 1
25 14 1
26 2 1
17 30 1
11 25 1
18 3 0
18 5 1
25 29 1
10 14 0
5 1 1
24 7 1
15 21 1
5 8 0
14 26 1
3 4 1
28 25 0
12 6 1
14 1 1
4 26 1
30 17 1
19 3 1
10 3 0
22 15 1
24 28 0
23 2 0
16 8 1
30 15 1
15 13 1
23 1 1
30 29 1
17 14 1
7 20 0
26 23 1
28 5 1
11 10 1
19 10 1
10 9 1
2 9 1
5 18 0
14 5 1
25 21 1
19 25 1
18 17 1
24 17 1
20 26 1
16 18 1
13 5 1
20 10 1
9 8 1
25 23 0
18 27 0
11 18 1
7 17 1
4 13 0
14 15 1
28 21 1
30 26 1
13 23 1
4 14 0
3 26 0
5 22 0
17 30 1
8 6 0
1 10 0
9 17 1
29 1 1
2 27 1
10 16 1
2 19 1
3 18 1
21 27 0
17 6 1
23 24 1
5 25 0
18 17 0
20 15 0
19 11 1
21 17 1
2 20 1
5 11 0
28 8 1
2 23 1
16 28 1
18 22 1
29 28 1
22 25 1
8 13 1
19 20 0
7 26 1
17 16 1
11 16 1
14 11 0
23 20 1
8 17 0
23 29 1
3 12 1
27 16 0
20 6 0
9 8 0
16 10 1
17 16 1
17 19 1
5 3 0
7 2 1
5 22 1
17 26 0
28 10 1
26 30 1
13 16 0
7 22 1
14 5 0
6 3 1
3 1 1
22 25 1
1 30 1
9 16 1
20 28 1
4 8 1
22 13 1
10 16 0
2 11 1
25 28 1
26 10 0
25 9 1
30 14 0
10 28 1
5 24 1
21 14 1
2 6 1
19 25 1
7 1 1
7 20 1
6 10 1
6 17 1
4 14 1
3 2 1
19 2 1
24 14 1
20 22 1
30 12 0
23 27 0
16 9 1
3 18 1
26 8 1
25 1 0
26 14 1
19 7 0
20 18 1
8 2 1
6 21 1
23 6 1
2 4 1
20 15 1
19 15 1
9 13 1
11 17 1
4 1 0
3 10 1
15 22 0
17 26 0
28 25 0
23 22 0
3 28 1
4 2 1
20 4 1
19 29 1
6 21 1
2 9 1
14 13 1
24 4 1
25 30 1
19 17 1
14 15 1
6 7 1
12 10 1
29 30 1
3 7 1
20 22 1
28 27 0
18 22 1
1 21 1
30 29 0
16 21 0
23 19 1
13 18 1
29 11 1
22 5 1
2 30 0
15 26 1
26 20 0
10 25 0
22 3 1
26 14 1
6 24 1
13 20 1
5 14 1
18 12 0
3 2 1
24 16 1
17 19 1
10 3 1
17 14 1
10 2 1
4 22 1
2 12 1
7 29 1
3 11 1
3 7 1
26 20 1
13 12 1
22 15 0
7 14 1
30 29 1
26 3 1
4 7 1
12 7 1
7 18 1
18 15 0
10 29 0
18 24 0
19 30 1
28 24 1
30 20 1
21 9 1
3 24 1
27 5 1
2 9 1
17 23 1
1 17 1
21 19 1
5 16 1
17 5 1
14 5 1
1 5 0
7 14 1
7 14 1
28 27 1
7 13 1
2 22 1
15 14 1
14 20 1
1 17 0
29 24 0
30 16 0
26 4 1
4 5 0
3 4 1
30 2 1
22 28 1
9 13 1
18 2 1
22 13 1
10 15 0
30 24 1
18 24 1
20 27 1
11 20 1
28 13 1
9 14 1
28 18 1
7 27 1
8 24 0
19 10 1
4 14 1
3 21 1
2 30 1
14 13 1
1 15 1
28 7 1
29 12 1
24 15 1
15 19 0
11 22 0
6 30 1
14 23 1
2 5 1
22 17 1
18 26 0
3 27 1
30 7 1
11 10 1
3 24 1
15 21 1
25 7 1
8 22 1
9 8 1
27 29 1
7 12 1
30 16 1
25 11 1
27 2 1
16 29 1
9 21 1
25 22 0
8 1 0
19 15 1
26 6 1
14 26 1
18 27 1
19 23 0
25 21 0
24 13 0
29 3 1
8 4 1
10 2 1
5 27 1
20 11 0
13 7 1
29 18 1
16 29 1
28 29 0
18 13 1
28 8 1
19 5 1
1 28 1
6 30 1
26 21 1
4 30 1
17 11 0
9 4 0
12 27 0
7 23 1
23 4 1
24 27 0
15 7 1
10 13 0
2 28 1
26 21 1
17 7 0
22 11 1
19 16 1
25 9 1
23 5 1
30 9 1
27 13 1
7 2 1
5 19 1
4 16 0
21 29 1
3 26 1
2 20 1
20 19 1
18 19 1
11 3 1
25 29 1
12 29 1
9 2 1
3 14 1
11 10 1
24 12 1
21 11 1
23 10 0
5 29 1
3 28 1
28 11 1
19 27 0
19 17 1
4 18 1
6 29 1
24 30 0
5 16 1
14 12 1
23 24 0
20 25 0
9 1 1
11 2 1
16 30 1
17 29 0
7 16 1
29 8 1
9 3 1
18 20 0
4 28 1
14 17 0
2 16 1
8 6 1
11 5 1
29 1 1
22 21 1
19 24 1
19 21 1
18 17 0
1 28 0
28 22 1
3 29 0
12 28 1
14 13 0
1 21 1
23 2 1
30 2 0
9 30 1
13 14 0
23 9 1
14 16 1
22 18 1
23 13 1
30 22 1
29 24 0
20 19 1
26 2 1
13 24 0
27 26 1
7 2 1
19 20 0
28 25 1
23 29 1
19 27 1
11 20 0
16 27 1
6 22 1
4 26 0
1 30 1
6 4 0
24 3 1
9 8 1
7 4 1
25 12 1
13 16 1
8 24 1
6 13 1
5 27 0
4 16 1
18 5 0
12 19 1
5 19 0
7 27 0
3 14 1
9 19 1
15 14 1
3 20 0
20 17 1
20 12 1
11 28 1
24 23 0
10 29 1
18 10 0
14 17 1
17 30 1
7 17 1
10 16 1
15 1 1
18 24 1
11 10 1
26 5 1
18 30 1
8 14 0
30 2 1
17 16 1
20 15 0
17 4 1
3 2 1
10 30 1
29 13 1
11 15 1
20 13 1
28 7 1
6 24 0
8 7 1
28 6 0
27 26 1
13 3 1
26 17 0
3 29 1
28 25 1
30 29 1
3 24 1
3 27 0
19 27 1
20 17 1
16 12 1
10 13 1
22 4 1
24 12 0
15 7 1
3 18 1
28 5 1
1 2 1
29 3 1
9 16 1
2 8 0
7 6 1
5 14 1
5 7 1
3 4 1
1 14 0
19 5 1
10 23 1
15 6 1
2 12 1
7 19 0
12 29 1
25 3 1
12 6 1
2 30 1
22 13 1
14 27 1
1 20 0
29 25 1
29 24 1
28 8 1
19 17 0
9 23 1
8 17 0
5 7 1
11 20 0
13 4 1
23 13 1
23 21 0
17 20 1
23 24 0
8 20 1
28 30 1
12 19 1
23 6 1
5 18 1
30 10 1
20 27 1
14 11 1
23 15 0
28 30 1
21 9 1
5 19 1
18 27 1
6 22 1
18 10 0
28 17 1
7 26 1
9 5 0
29 9 1
8 27 1
23 21 1
8 6 1
20 3 0
3 8 1
12 7 1
10 13 1
2 21 1
30 26 0
7 12 1
1 27 1
21 16 1
1 28 1
5 8 1
6 19 1
19 21 1
24 13 0
16 9 1
23 29 1
6 27 0
5 21 0
18 19 0
15 14 1
2 18 1
12 29 1
7 18 1
1 12 1
10 7 1
22 20 0
10 9 1
19 18 1
16 2 0
2 4 1
14 27 0
16 27 0
6 1 1
26 24 1
1 16 0
3 2 0
25 22 1
4 24 1
23 22 1
28 29 1
1 29 1
30 11 0
13 4 1
15 14 1
15 30 0
14 17 1
25 15 1
5 27 1
16 23 1
10 13 1
5 8 1
20 16 1
18 19 1
3 2 0
18 24 1
8 16 1
11 20 0
11 2 0
28 5 1
17 3 1
7 4 0
22 10 1
4 22 0
14 29 1
5 14 1
11 3 0
9 7 1
21 24 0
27 7 0
5 24 0
13 2 0
12 26 0
8 23 1
6 16 0
23 22 1
23 22 1
15 4 1
2 16 1
2 29 1
22 18 1
6 26 1
20 11 1
4 19 1
10 16 1
15 19 1
7 3 0
22 18 1
16 25 1
10 15 1
1 3 1
12 11 1
11 8 1
21 5 0
1 28 1
17 6 1
24 11 1
27 23 1
9 29 1
20 26 1
23 13 1
5 13 1
14 11 1
14 16 0
12 3 1
25 24 1
16 25 1
3 13 0
4 3 1
25 16 0
6 5 1
22 27 0
19 7 1
3 4 0
8 13 1
4 27 1
14 23 1
28 20 1
10 11 1
6 19 0
23 14 1
30 19 0
20 12 1
26 13 0
24 2 1
10 9 0
8 7 0
11 30 0
28 27 1
22 29 1
24 8 1
4 5 1
19 30 1
27 10 0
6 25 1
16 7 1
2 17 1
22 6 0
20 5 0
21 15 1
22 27 1
5 10 1
19 16 1
19 21 0
12 11 1
28 9 1
2 10 1
26 23 1
19 11 1
23 22 1
16 27 0
25 1 1
15 14 1
7 28 1
16 2 1
17 1 1
18 13 1
19 2 1
3 15 0
13 27 1
12 27 0
22 6 1
23 20 1
6 25 0
11 27 1
2 12 1
24 19 1
8 26 0
23 17 0
7 17 1
19 13 1
14 22 0
3 7 1
18 4 1
14 22 1
3 10 1
21 25 0
26 12 0
6 10 1
9 7 1
9 30 1
21 24 1
11 19 1
22 29 0
2 20 1
28 30 1
19 20 1
3 30 1
2 18 0
6 7 1
5 4 1
11 14 1
30 18 1
24 7 1
9 6 1
29 10 0
19 27 1
9 2 1
20 16 0
27 29 1
29 27 1
27 3 1
2 21 0
23 22 1
17 19 1
13 2 0
27 11 1
17 21 1
17 2 1
15 25 0
4 3 0
3 17 1
16 6 1
10 28 1
29 3 0
29 10 1
22 19 1
23 27 1
1 6 1
1 4 1
11 21 1
2 21 1
1 3 1
25 6 0
13 17 1
28 5 1
2 12 1
15 13 1
8 11 1
13 14 0
23 7 1
19 4 1
25 10 1
22 30 0
25 24 0
3 18 1
1 30 1
21 24 0
11 2 0
7 28 0
18 10 1
2 11 1
20 19 1
9 7 1
11 21 1
11 20 1
24 23 1
30 4 1
26 4 1
5 26 1
29 20 1
19 30 1
7 30 1
13 16 1
28 20 0
10 1 0
22 21 0
11 3 0
30 28 1
27 1 1
24 27 0
16 8 1
22 3 1
2 17 1
7 25 1
26 30 1
27 12 0
7 9 1
13 21 0
24 4 1
21 15 1
22 14 1
11 20 1
7 29 1
9 4 1
24 25 1
14 2 1
3 27 0
10 30 0
28 11 1
27 23 0
12 20 0
26 24 0
4 18 1
19 2 1
17 7 1
8 13 1
4 29 1
20 21 0
17 22 0
5 27 1
20 18 1
3 27 0
26 25 1
7 5 0
12 25 1
8 1 0
20 25 1
21 23 0
9 23 1
6 28 1
24 4 1
30 10 1
20 26 1
28 9 1
29 18 1
4 2 1
9 18 0
5 22 1
11 16 0
