70 4830 20
69 65 1
25 9 1
32 34 1
50 61 0
53 21 1
51 69 1
9 16 0
51 27 1
27 40 1
5 8 1
29 21 0
26 14 1
24 35 1
32 37 1
10 32 0
44 18 0
42 32 1
16 18 1
27 53 0
5 28 1
24 10 1
58 29 1
64 67 0
4 47 1
47 51 0
65 55 0
27 57 1
18 9 0
18 18 0
27 69 0
59 66 1
19 21 1
69 39 0
70 67 0
23 17 0
16 49 0
64 59 1
27 21 0
8 58 0
21 38 1
55 20 0
48 44 1
10 22 1
55 52 0
52 42 1
15 53 0
63 47 1
45 30 0
5 25 0
1 33 0
1 46 0
56 13 1
38 18 1
42 40 0
29 17 0
10 17 1
63 54 1
62 32 1
65 29 0
70 41 0
6 31 0
33 10 1
62 21 1
32 6 1
4 9 0
15 50 1
70 40 0
36 25 1
54 43 0
69 36 0
62 40 0
17 7 1
45 34 0
33 34 1
38 28 1
57 5 0
53 26 0
45 45 1
8 24 1
38 30 0
45 23 1
59 36 1
70 11 1
26 17 0
40 64 1
47 26 1
25 45 1
56 63 0
22 32 0
2 65 1
5 26 0
47 39 0
42 49 0
25 37 1
48 69 0
32 38 0
4 40 1
51 60 1
56 59 0
43 9 0
39 60 1
59 36 0
5 27 1
52 7 0
66 43 0
52 55 1
21 23 0
64 33 1
13 35 0
41 25 1
67 49 1
39 30 1
66 14 1
36 9 1
24 50 1
66 63 1
64 41 1
49 63 0
56 52 1
31 16 0
47 65 1
40 65 0
38 31 0
34 44 1
11 25 0
45 69 0
59 42 0
57 28 1
50 33 1
2 12 1
24 43 0
47 31 0
64 32 0
50 64 0
64 29 0
4 58 0
8 70 0
56 36 0
69 43 0
47 38 1
54 16 1
28 31 1
18 54 0
55 33 0
70 4 0
47 66 0
65 41 0
54 34 1
70 20 1
14 14 0
54 50 1
34 20 0
68 30 1
14 60 0
19 20 0
50 61 0
12 66 0
21 62 0
55 35 0
42 42 0
23 29 1
20 31 1
60 5 0
44 47 1
47 40 1
58 47 0
30 62 1
66 60 1
19 42 0
33 68 0
62 62 1
22 39 1
55 4 1
2 44 0
69 24 0
41 12 1
30 44 1
50 54 1
30 17 1
42 52 0
6 69 0
60 29 0
6 66 0
43 33 1
17 15 1
45 59 1
20 57 0
32 62 1
6 18 0
47 22 1
68 25 1
39 49 1
8 9 1
66 18 1
54 38 1
5 3 0
36 44 1
49 28 0
19 56 1
30 70 1
21 25 0
13 69 0
43 33 0
17 40 0
15 43 0
18 61 0
13 33 1
5 58 1
17 65 1
29 26 1
52 5 0
7 46 0
32 55 0
18 64 1
60 17 0
45 60 0
6 57 0
58 53 1
18 12 0
47 64 0
30 60 1
35 28 0
50 54 0
37 56 0
27 30 0
37 34 1
2 25 0
61 8 0
12 51 0
11 22 1
27 27 1
49 35 1
49 2 1
43 28 1
29 24 0
65 3 1
8 28 1
52 56 1
9 19 0
15 47 0
47 11 0
39 43 1
6 19 0
6 32 1
60 36 0
41 23 1
45 53 1
53 22 1
11 22 1
46 64 1
61 53 1
34 13 1
48 60 0
63 67 1
13 2 1
17 2 0
34 16 0
68 36 1
44 55 0
9 56 1
5 7 0
33 22 0
21 11 1
51 40 0
21 27 1
66 24 1
56 3 1
63 62 0
19 3 1
21 18 1
21 31 0
39 42 1
4 43 0
21 64 0
4 14 0
9 45 1
48 58 0
27 14 1
7 13 1
22 70 0
2 34 0
33 59 1
4 68 0
13 63 0
27 24 0
51 22 0
39 62 1
9 7 1
30 63 0
56 10 1
27 4 1
55 7 0
5 29 0
61 49 0
23 25 0
36 28 0
52 37 1
27 3 0
12 4 0
19 23 1
5 9 1
14 55 0
18 64 0
61 59 0
15 30 0
69 65 1
23 39 0
28 33 1
48 17 0
62 47 1
65 1 1
65 54 1
60 6 0
63 32 0
56 46 1
27 34 0
53 26 0
10 54 1
48 66 1
36 63 1
62 57 0
55 32 0
35 67 0
3 42 0
48 24 0
17 41 0
20 66 0
66 44 1
60 4 1
24 17 1
46 28 0
59 28 1
49 59 0
46 4 0
39 12 0
18 21 0
18 56 0
56 28 0
20 34 0
35 22 0
69 33 1
11 30 0
56 18 0
47 26 1
57 65 1
67 13 0
35 35 0
54 44 1
20 49 0
5 1 0
51 41 1
59 11 1
42 32 1
24 50 0
11 15 0
37 4 1
2 63 0
15 49 0
17 8 1
9 15 0
47 10 0
70 54 0
51 35 0
5 42 0
56 58 0
48 11 1
37 60 0
39 10 1
18 34 0
12 47 0
64 25 0
18 26 0
16 32 1
25 3 0
22 63 0
31 69 1
30 66 0
31 59 1
13 63 0
24 31 0
20 35 1
6 5 1
9 57 1
11 13 0
52 21 0
43 36 1
55 29 0
31 62 1
59 69 0
40 26 1
18 45 0
51 55 0
68 15 0
29 50 0
42 30 0
58 22 1
17 65 0
63 8 1
29 41 0
70 66 1
12 7 0
12 2 0
30 46 0
44 14 0
31 15 1
39 6 0
62 54 1
24 3 0
68 51 0
30 52 0
43 41 0
41 61 1
17 13 1
50 69 0
31 68 1
4 40 1
27 8 1
11 48 1
23 66 1
66 33 1
70 9 1
22 55 1
65 23 0
70 15 1
56 6 0
14 65 1
53 39 1
18 32 1
32 21 0
21 44 0
70 15 0
58 45 0
34 65 0
56 56 0
24 58 1
61 65 0
19 12 0
2 23 0
4 27 1
5 1 0
33 64 1
13 16 1
10 60 1
12 19 0
22 14 0
54 7 1
31 8 0
3 38 1
22 59 1
3 3 0
17 26 0
35 60 0
66 9 1
68 15 0
17 61 0
23 33 1
67 51 0
37 18 1
22 40 1
36 52 0
44 33 0
5 14 0
21 15 1
69 33 0
21 52 1
9 57 0
10 66 1
6 62 1
47 24 0
63 26 0
13 29 1
59 22 1
41 24 1
30 46 1
32 36 0
36 14 1
26 44 0
22 51 0
7 47 0
64 58 1
23 22 1
8 45 1
64 23 1
29 42 1
53 28 1
29 58 0
60 61 0
23 30 0
2 25 1
32 1 1
70 36 0
31 12 0
42 63 1
39 5 1
70 47 1
21 66 0
30 32 1
21 67 0
5 65 0
53 65 0
70 26 1
28 5 1
63 6 0
44 31 0
37 48 0
70 48 0
64 19 1
53 62 0
1 69 0
63 4 0
32 8 0
41 68 0
47 18 0
47 46 1
25 69 1
60 46 1
32 42 1
41 60 1
18 40 0
31 10 0
46 3 1
43 50 1
65 9 0
32 14 0
3 67 1
7 37 1
59 15 1
54 24 1
6 46 0
59 41 0
58 2 1
48 20 1
34 14 1
45 22 1
68 68 0
9 30 1
5 8 0
48 24 0
26 32 0
30 25 0
36 61 1
9 44 1
15 42 1
26 66 0
23 28 0
65 21 0
17 1 1
41 67 1
67 56 1
46 55 0
7 70 0
4 63 0
44 10 1
49 60 1
41 29 1
26 42 1
2 56 1
44 18 1
42 39 0
60 15 1
19 18 1
35 6 0
40 10 1
69 62 0
7 37 1
1 4 0
14 60 0
65 56 0
32 11 0
60 21 0
45 55 1
42 55 1
24 17 0
56 7 1
36 29 1
20 44 1
65 37 1
7 11 1
47 35 0
25 50 0
51 55 1
7 37 1
32 42 0
37 60 1
66 43 0
31 35 1
63 61 0
4 5 1
28 3 0
29 27 1
45 29 1
48 3 0
7 2 1
2 40 1
62 21 1
1 2 0
27 43 1
10 24 0
3 52 1
69 48 0
10 3 0
13 32 0
40 52 1
15 59 0
30 33 1
48 50 1
47 47 0
17 35 0
49 31 0
23 11 0
60 55 1
32 13 1
46 57 0
17 41 1
55 43 0
34 16 1
41 12 1
13 33 0
32 18 1
14 69 0
33 9 1
26 9 0
28 55 0
57 53 0
11 58 0
52 29 0
27 53 0
44 27 0
43 66 1
50 39 1
11 67 1
8 38 1
10 19 1
65 40 1
64 24 0
52 60 1
37 46 1
60 27 0
10 27 1
18 33 0
47 12 1
23 21 0
53 37 0
65 50 1
8 35 1
68 41 1
29 45 0
1 57 1
3 14 1
22 12 1
47 5 0
5 67 0
65 1 0
52 25 0
30 1 1
25 54 1
38 7 1
52 21 1
35 31 0
56 31 0
60 9 0
17 27 0
1 61 1
42 39 0
59 10 1
51 44 0
44 23 0
38 67 1
68 44 0
23 22 0
26 5 0
17 44 1
29 35 0
52 20 1
63 50 0
27 4 1
43 20 0
67 36 0
36 33 0
37 11 1
16 16 1
50 36 1
45 16 1
47 39 1
14 38 1
27 37 0
64 70 0
62 45 1
20 11 1
17 22 0
24 28 1
8 23 1
24 58 0
35 45 0
18 65 1
57 1 1
61 55 1
26 32 0
37 34 1
57 63 1
53 48 0
65 8 1
8 7 0
6 44 1
54 1 1
7 19 1
7 16 1
3 54 0
26 48 0
66 21 0
21 15 0
39 14 1
62 43 0
37 57 0
13 68 1
7 31 1
18 67 0
56 32 1
14 41 0
12 8 0
5 28 1
27 64 0
20 32 1
56 68 1
19 41 1
4 44 1
24 43 1
15 67 1
50 65 0
16 65 0
45 65 1
31 38 0
50 35 0
20 55 0
53 8 1
67 38 0
48 15 0
60 9 1
68 6 1
54 17 1
47 69 1
23 50 1
15 18 1
46 56 1
44 40 1
13 59 0
33 52 0
15 61 0
26 21 0
70 14 1
40 46 1
18 29 0
27 67 0
13 44 0
56 12 1
21 26 1
55 59 1
54 59 1
52 18 1
10 4 1
10 20 1
46 13 0
47 21 0
13 57 1
24 33 0
57 35 0
6 38 1
12 4 1
67 18 0
4 18 1
53 19 0
57 55 1
17 51 0
2 24 0
47 68 1
66 40 0
49 49 1
27 4 1
63 28 1
36 46 0
32 40 0
10 9 1
37 29 0
19 28 1
66 24 1
52 51 0
36 34 0
67 23 0
46 7 0
67 13 0
57 23 0
40 56 0
70 41 0
40 32 0
30 5 1
34 28 1
69 44 0
3 12 1
13 70 1
54 44 0
27 42 1
8 26 0
14 9 0
10 42 1
61 7 0
17 24 1
16 34 0
40 56 1
12 15 1
10 23 0
19 26 0
6 26 0
48 17 0
24 7 0
56 5 1
53 5 0
28 12 1
9 7 1
55 59 0
31 20 1
43 47 0
49 45 1
7 47 0
67 68 1
2 20 1
46 14 0
9 1 1
61 8 1
67 53 0
14 32 0
4 10 1
3 8 0
49 11 1
16 32 1
29 54 0
68 66 0
9 13 0
36 56 0
8 4 0
37 4 1
57 66 1
2 9 1
31 16 1
17 47 1
68 42 0
20 62 0
42 5 1
18 22 1
30 16 0
59 56 0
56 35 0
51 26 0
21 49 0
9 8 0
12 30 0
10 34 1
70 6 0
56 63 1
62 62 0
38 42 1
51 41 1
26 61 0
68 28 0
25 2 1
17 65 1
21 16 1
41 16 0
64 64 1
48 9 1
55 9 0
15 24 1
8 51 1
69 37 1
17 13 0
6 39 1
33 36 1
38 7 1
30 56 1
55 59 1
58 64 0
2 62 1
53 16 1
54 7 1
54 5 1
34 22 1
70 33 0
17 47 0
47 64 0
3 34 0
13 7 0
22 15 1
9 14 0
18 52 1
27 46 0
6 58 1
27 16 1
33 22 0
40 4 0
66 57 0
39 67 1
14 25 0
57 1 1
67 48 1
16 69 1
43 4 0
39 57 1
26 28 0
45 64 1
36 27 0
56 18 0
22 52 1
33 52 0
65 34 1
51 56 1
33 36 1
52 61 0
66 70 0
37 48 1
66 8 0
7 21 0
35 53 1
24 22 0
32 31 1
65 20 1
34 30 1
29 9 1
35 42 1
16 55 0
49 35 0
9 44 1
31 36 0
11 43 1
68 66 1
38 25 0
18 16 1
29 41 1
49 29 0
20 7 1
33 19 0
47 63 0
12 31 1
70 7 1
4 20 0
15 70 1
24 4 1
68 58 1
20 8 0
67 57 1
60 40 1
20 64 1
67 58 1
59 2 0
58 10 0
70 34 0
45 33 1
50 44 0
23 3 0
27 25 0
4 64 1
67 47 0
18 48 1
2 59 1
36 58 1
13 49 0
70 24 0
62 6 1
2 44 0
43 20 1
1 33 1
9 43 1
47 68 0
58 63 0
42 14 1
31 70 0
36 63 0
17 59 1
19 56 0
65 23 0
32 14 0
7 9 1
11 36 0
67 55 1
33 70 0
32 44 0
56 54 0
56 49 0
52 68 1
48 33 1
40 8 0
45 16 0
20 31 1
46 42 1
64 61 1
29 15 0
36 21 0
22 69 0
61 59 1
16 19 0
40 61 1
15 13 1
59 28 0
31 25 0
51 36 1
55 38 0
47 70 0
25 57 0
14 10 0
25 68 0
2 69 1
8 37 1
49 57 1
37 47 0
55 52 0
4 24 0
32 9 1
16 52 1
26 46 1
5 28 0
46 47 1
11 45 0
48 52 1
48 22 1
46 57 1
9 53 1
39 28 1
40 20 1
18 25 0
52 29 1
29 4 1
9 62 1
21 59 1
64 31 0
2 36 1
39 47 0
35 47 1
38 29 1
2 24 1
28 63 1
25 8 0
58 49 1
32 10 1
23 3 0
50 5 1
9 15 1
60 41 1
40 38 0
10 6 0
14 36 0
34 31 0
20 36 0
49 44 0
2 69 0
48 7 0
42 65 1
50 24 1
13 35 1
27 51 0
51 32 1
5 67 1
23 63 1
20 54 0
38 38 1
46 30 1
52 2 1
21 68 1
9 34 1
13 57 1
39 34 0
49 7 0
1 49 1
51 50 1
17 17 0
25 11 0
24 3 0
52 38 0
17 38 1
59 54 0
61 58 1
42 36 0
69 56 1
6 36 0
67 67 1
68 49 0
52 49 0
13 47 0
27 24 1
51 70 0
59 42 1
4 68 0
11 24 1
2 69 1
13 51 0
43 67 0
56 13 1
42 47 0
31 49 0
5 22 1
63 5 0
37 30 0
70 51 0
33 19 0
54 68 1
29 43 0
23 40 0
26 70 0
52 24 0
20 61 1
35 31 1
28 32 1
22 22 0
27 49 1
11 25 1
12 58 0
30 42 0
6 9 0
70 1 0
6 34 0
38 60 1
16 44 1
60 42 0
57 62 0
29 25 1
62 30 1
58 36 1
70 29 0
65 38 0
13 21 1
24 21 0
38 15 1
43 55 0
68 69 0
42 4 0
43 30 0
47 68 1
56 28 1
60 9 0
11 53 0
24 40 1
23 52 1
54 35 1
11 45 1
67 49 0
5 6 0
33 28 0
7 1 0
2 17 1
26 69 1
29 42 0
67 27 0
49 15 1
5 39 0
1 22 1
58 7 0
56 2 1
43 19 1
31 66 0
46 69 1
15 8 0
67 9 1
8 20 0
8 56 0
19 33 1
9 5 1
21 10 1
33 25 1
18 8 1
1 14 1
55 28 0
46 35 0
69 56 1
18 67 1
53 41 0
3 63 0
6 21 1
13 60 1
39 45 0
49 64 1
40 19 0
57 32 0
62 33 1
28 36 1
22 67 1
57 50 0
1 57 1
34 22 0
4 22 0
11 17 1
46 19 1
31 59 0
56 50 1
45 21 0
4 41 1
70 65 1
55 18 0
23 43 0
23 63 1
66 12 1
24 47 1
64 3 0
54 64 1
16 8 1
9 43 1
47 56 0
65 17 0
46 16 0
21 63 0
4 12 0
45 4 0
12 7 1
38 3 0
53 6 1
1 41 1
10 57 0
45 25 1
2 43 0
63 53 1
28 42 0
7 32 1
52 35 1
52 13 0
61 51 1
70 29 1
62 55 0
8 17 0
68 43 0
51 39 0
6 42 1
29 35 1
66 60 0
37 25 1
39 56 0
43 8 0
59 7 1
23 61 1
8 18 0
55 57 0
50 19 0
30 29 1
12 17 0
69 11 1
9 27 0
46 15 0
43 65 0
63 2 1
13 14 0
7 4 1
53 4 1
57 17 0
8 21 1
31 33 0
68 40 1
51 46 0
32 55 0
17 28 1
45 16 1
55 21 0
28 65 1
6 10 1
37 63 1
20 4 0
37 16 1
2 52 0
65 52 0
68 65 1
52 66 0
66 67 1
58 67 1
48 25 1
23 6 1
27 33 0
32 11 0
37 20 1
3 35 0
50 18 0
23 51 1
20 5 0
32 70 0
33 61 1
9 39 0
30 59 0
36 44 0
65 6 1
38 1 0
14 11 0
34 53 0
30 3 1
32 52 1
59 46 0
39 46 0
66 25 1
21 5 0
54 11 0
20 21 0
7 28 0
16 70 1
16 15 0
13 59 0
40 56 1
42 17 0
47 28 1
48 9 0
2 48 0
69 12 1
18 5 1
33 22 1
32 24 1
10 55 0
24 19 0
4 26 1
54 49 1
55 47 1
55 31 1
30 29 1
35 30 1
36 31 0
30 15 0
55 15 1
29 46 1
59 46 1
66 30 0
48 21 1
21 43 1
42 68 0
32 39 1
70 30 0
9 42 0
36 31 0
51 11 1
58 27 1
19 11 0
10 21 1
59 18 1
15 7 0
52 58 1
67 13 0
33 9 0
30 46 1
30 14 0
50 19 0
28 44 0
64 45 1
16 32 0
13 17 0
20 57 0
38 21 1
31 23 1
32 32 0
61 9 1
22 6 1
68 54 1
31 65 0
32 36 0
47 21 0
35 33 1
43 63 0
20 41 0
58 34 1
11 50 0
11 64 0
28 23 1
7 44 1
24 19 1
39 33 1
69 22 1
52 54 0
68 9 0
40 41 1
9 44 1
66 8 1
1 10 0
15 38 0
12 57 1
43 25 1
42 62 1
33 64 1
1 59 1
10 20 0
41 9 1
3 50 1
69 43 1
5 5 1
24 12 1
37 7 0
3 31 1
11 5 1
11 54 0
22 41 1
62 2 0
62 60 1
45 61 1
41 1 0
16 17 0
18 5 0
33 66 1
44 51 0
33 13 1
23 23 0
9 29 1
9 8 0
31 23 1
42 19 1
36 14 0
14 41 0
47 34 0
51 11 1
64 17 1
56 59 1
62 45 1
67 53 1
25 34 0
54 57 1
59 8 1
52 47 0
10 26 1
47 70 1
39 5 0
12 70 0
52 55 1
43 51 1
63 8 1
43 67 1
49 39 1
57 4 0
25 29 1
65 44 0
13 27 1
52 63 0
4 63 0
58 64 1
61 47 1
63 36 0
16 28 1
41 68 1
16 1 1
34 13 0
1 12 1
24 55 0
70 50 0
53 65 1
44 55 0
43 44 0
3 39 1
22 42 1
53 46 1
45 47 0
19 33 1
7 43 1
69 16 1
40 17 1
51 6 0
60 60 0
29 11 0
8 28 1
20 9 1
10 69 0
2 23 0
49 42 0
69 62 1
12 7 1
4 35 0
8 21 0
45 47 1
57 36 0
29 31 0
51 49 0
53 15 1
28 40 0
37 54 0
8 57 0
11 39 1
19 51 1
36 51 0
45 67 1
3 33 1
15 50 0
45 34 0
30 20 0
29 21 0
22 38 1
66 63 1
30 48 0
16 12 0
13 20 1
40 40 1
12 65 0
51 7 1
14 26 1
24 34 1
56 25 1
20 18 1
65 53 1
63 15 1
41 24 0
26 8 1
35 6 0
13 42 0
36 70 1
23 47 0
28 9 0
51 27 1
61 32 1
55 40 1
57 18 1
45 70 1
4 5 1
7 70 0
31 12 1
52 34 0
63 67 0
25 30 0
20 48 0
5 37 0
62 17 0
60 61 1
30 57 0
22 2 1
7 14 0
30 21 0
29 1 1
27 37 0
27 4 1
43 52 0
66 16 0
12 9 1
15 59 1
23 49 1
66 67 1
39 46 1
29 61 0
63 67 1
2 53 1
30 70 0
19 69 0
33 2 1
31 45 0
7 52 1
54 27 1
8 3 1
10 27 0
68 13 0
20 13 1
53 61 1
31 59 1
46 54 1
41 65 0
35 46 0
70 25 0
53 3 1
6 34 1
19 28 0
65 67 1
18 47 1
43 57 0
34 15 0
61 67 0
69 37 1
11 32 0
32 2 0
50 34 0
22 57 1
20 55 1
45 49 0
20 54 1
8 5 1
23 37 1
1 25 0
49 28 1
40 51 1
1 5 0
47 34 1
70 17 0
24 65 1
34 12 1
42 29 0
13 23 1
17 26 0
26 65 0
53 22 0
41 12 1
35 3 0
43 11 0
16 55 1
9 50 0
42 14 1
66 28 1
4 55 0
38 7 1
32 37 1
36 64 1
31 26 1
45 18 0
65 63 1
46 59 0
28 24 0
49 61 1
12 27 1
65 46 1
41 19 0
28 45 0
59 1 1
54 21 0
47 48 0
29 59 0
30 7 1
8 58 1
43 34 0
65 14 1
29 62 1
59 46 1
16 26 1
46 36 1
23 18 0
4 14 0
4 31 0
2 6 1
58 24 1
36 62 0
50 8 0
14 50 1
46 44 0
70 48 0
19 2 1
37 4 1
51 6 0
44 32 1
8 22 1
36 18 1
64 22 0
63 9 0
30 55 0
70 17 1
7 12 0
65 39 0
5 17 1
9 24 0
20 16 1
62 32 1
68 25 0
15 57 1
44 3 0
62 33 1
9 12 0
70 11 1
41 12 0
38 54 1
63 43 1
65 48 1
42 18 1
52 32 0
9 19 0
24 26 0
11 24 0
40 43 0
69 15 0
68 23 1
63 49 1
1 18 0
17 2 0
68 41 1
39 44 0
57 21 1
40 70 1
2 11 1
39 42 1
37 9 1
64 63 0
43 5 1
34 39 1
30 59 1
14 37 1
6 19 1
37 64 0
12 42 0
62 33 1
37 18 0
12 68 1
35 61 0
31 51 0
47 24 1
4 53 1
55 3 1
12 4 1
45 32 0
49 54 1
62 65 1
7 20 1
21 1 1
7 21 1
47 54 1
38 50 0
3 24 0
19 46 1
7 70 0
55 56 0
47 15 0
11 38 0
23 2 1
55 20 0
19 7 0
1 52 1
21 49 1
49 70 0
51 19 0
61 36 0
67 41 0
66 31 0
39 57 1
56 58 0
8 70 1
19 61 1
64 14 0
64 42 1
48 36 1
11 64 1
58 41 0
50 12 0
14 40 0
13 18 0
11 3 0
58 42 1
32 38 1
55 25 0
3 66 1
63 50 1
58 25 1
8 1 1
20 11 0
52 22 1
49 18 1
31 42 0
59 27 0
37 52 0
15 24 0
60 48 1
44 66 1
33 49 1
69 41 0
52 29 1
30 47 1
48 52 1
19 16 1
54 32 1
50 62 0
34 36 0
62 33 1
54 27 0
17 29 0
15 13 0
35 25 1
46 63 1
64 66 0
2 22 0
58 4 1
46 43 0
17 47 0
21 33 0
64 48 0
51 5 1
49 13 1
61 17 0
58 65 1
45 18 1
62 51 0
54 70 0
59 67 0
50 6 0
59 30 1
65 43 0
20 48 1
19 51 1
44 37 1
69 52 0
39 13 0
47 7 1
53 68 0
17 54 0
57 44 0
15 43 1
8 26 1
21 26 0
70 21 0
61 66 1
67 50 1
31 32 0
51 39 0
7 40 0
67 7 0
39 17 0
9 34 0
70 41 0
9 45 0
49 34 1
20 65 0
3 41 1
63 8 0
26 9 1
25 67 1
65 4 1
2 60 1
55 53 1
17 11 0
47 64 1
23 43 0
32 49 1
37 65 1
70 30 0
12 19 0
26 51 1
20 70 1
61 24 0
62 3 0
21 14 1
5 3 1
64 54 0
56 43 1
6 38 0
41 65 0
11 2 0
24 8 1
58 9 0
44 49 1
62 32 0
69 5 1
6 30 0
31 45 1
29 3 1
37 58 1
65 36 1
42 6 0
55 35 0
2 51 1
29 2 0
49 40 0
58 42 1
56 43 1
56 47 1
28 31 1
10 15 0
36 52 0
64 45 1
20 36 1
44 70 0
48 14 0
6 7 0
27 21 1
15 27 0
57 2 0
53 14 1
44 16 1
28 60 1
10 15 1
17 38 0
44 32 1
46 69 1
57 1 1
65 58 1
3 48 1
9 8 1
54 60 0
37 25 1
48 39 0
12 9 0
6 17 1
38 12 1
47 63 0
56 65 0
62 33 1
18 52 0
2 44 1
64 14 1
62 3 0
33 45 1
11 64 1
62 18 0
64 30 0
37 53 0
15 33 0
22 13 0
42 51 1
12 19 0
18 58 0
31 49 0
22 48 1
20 21 1
40 7 1
55 18 1
51 65 1
69 66 1
40 8 0
49 7 1
52 37 0
69 17 0
6 52 1
30 27 0
33 19 0
9 67 0
27 63 1
3 65 0
69 30 0
47 18 0
40 8 0
64 70 0
47 16 1
66 43 1
60 22 0
7 38 0
54 31 1
22 28 0
1 5 1
1 67 0
26 47 1
17 61 1
62 55 0
1 34 0
26 21 0
35 13 0
62 42 0
9 37 1
5 67 0
36 56 1
52 35 0
60 14 1
54 33 0
36 29 1
39 48 0
16 6 1
39 64 0
23 59 0
7 32 0
9 57 1
42 57 0
15 39 0
48 40 0
1 46 0
43 57 1
48 23 1
2 10 0
44 47 1
70 69 0
57 70 1
7 59 1
4 25 1
15 31 1
33 19 1
15 12 1
6 67 1
40 24 0
6 20 0
11 11 1
33 10 1
49 33 0
51 17 0
43 48 1
46 60 0
46 13 0
27 7 0
57 7 0
15 37 0
43 37 1
26 26 1
70 64 0
26 34 1
56 10 1
25 8 0
62 56 0
58 45 0
21 46 0
1 44 0
37 52 0
70 11 0
30 47 1
17 8 1
40 49 0
20 9 1
53 4 0
3 61 0
15 13 0
7 19 1
22 59 0
70 10 0
38 40 0
24 14 1
32 51 1
44 52 0
60 9 1
31 40 1
58 5 1
12 53 1
44 17 1
48 43 1
17 38 0
39 42 0
37 21 0
40 42 1
36 26 0
32 6 0
2 48 1
24 68 0
64 8 0
68 48 0
5 62 0
18 69 0
51 35 0
39 53 1
18 66 1
6 21 1
13 34 0
36 67 0
24 55 1
38 64 0
69 25 0
14 17 1
20 11 0
45 31 0
27 32 0
22 17 1
10 5 0
30 54 1
33 53 1
11 20 0
28 11 0
59 2 0
68 3 0
17 7 0
31 19 0
14 61 1
1 56 1
5 27 1
54 4 0
69 9 0
64 64 1
56 49 1
51 55 1
5 12 0
17 39 1
16 33 1
44 54 1
24 64 0
70 42 0
28 5 1
37 66 1
39 59 0
26 18 1
56 31 1
22 54 1
41 68 0
14 38 1
49 4 1
43 36 1
25 55 0
8 28 1
11 21 0
62 27 1
24 10 1
22 69 1
62 26 1
54 5 0
57 20 1
15 8 0
1 60 1
3 37 0
32 54 0
54 47 0
23 51 0
59 19 0
25 58 0
23 54 1
59 38 1
68 70 0
10 28 0
4 1 0
6 52 0
70 62 0
47 44 1
13 23 1
64 16 1
35 21 0
47 42 0
23 42 0
23 35 0
11 11 1
48 54 1
67 15 0
7 17 1
44 69 1
17 65 1
65 67 0
13 58 1
43 29 1
41 32 0
27 30 0
8 55 1
65 47 1
23 10 1
13 13 1
8 33 1
53 34 0
40 28 0
5 56 0
19 20 1
4 17 1
62 36 0
52 11 0
55 9 0
56 25 0
30 23 1
29 41 1
55 69 0
70 52 1
68 49 1
7 37 1
27 37 0
29 28 0
51 19 1
32 38 1
50 59 0
51 22 1
21 7 1
70 6 1
68 32 0
43 53 1
67 64 1
22 1 1
63 50 1
10 35 1
52 10 0
51 27 0
33 17 1
25 6 1
55 11 1
67 56 1
31 64 1
52 64 1
44 24 1
3 1 1
67 54 0
1 63 0
18 44 0
45 62 0
47 31 1
32 7 0
57 45 0
26 62 1
25 38 1
50 17 1
49 8 0
53 69 1
7 68 1
29 7 0
6 57 1
61 33 0
36 24 0
35 51 0
18 1 1
36 42 1
48 22 1
25 61 0
32 51 0
65 5 1
14 38 1
37 47 0
69 34 1
70 42 0
66 53 0
8 22 1
16 19 1
42 19 1
36 59 0
47 18 0
20 62 1
39 2 1
53 4 0
55 48 0
63 61 1
54 25 0
6 34 1
23 27 0
18 49 1
49 53 0
47 53 1
56 24 0
39 40 1
53 15 1
47 42 0
5 40 0
19 52 1
58 10 1
3 34 0
49 17 1
44 53 0
58 6 0
50 47 0
53 58 1
48 29 0
3 39 0
68 56 0
45 64 0
17 25 0
29 51 0
44 70 1
30 60 0
44 59 1
33 12 0
35 2 0
48 31 1
25 31 1
38 28 0
22 63 0
7 8 0
37 20 0
10 38 1
2 6 0
60 58 1
8 44 1
32 15 1
18 22 1
44 37 0
56 53 0
21 25 1
54 33 0
54 53 1
59 11 1
65 67 0
58 48 0
64 8 1
13 7 1
49 5 0
62 45 1
13 4 1
70 67 0
7 20 1
58 12 0
69 5 1
18 20 0
14 13 0
60 37 1
2 46 1
23 68 1
45 2 1
64 65 0
58 62 0
11 21 1
49 41 0
26 59 0
25 64 0
54 46 1
41 36 1
44 53 0
26 37 0
20 25 1
17 39 0
48 7 1
58 63 1
27 65 0
16 39 1
25 36 0
3 25 0
32 1 1
33 46 1
2 7 1
63 51 1
64 61 1
30 3 1
47 39 1
29 48 0
64 65 0
59 59 0
50 68 0
33 30 1
48 42 1
8 52 1
15 5 1
7 51 0
54 59 0
69 32 1
67 57 1
23 13 0
4 23 1
45 58 0
53 9 0
41 7 1
19 23 1
19 42 1
16 25 0
48 69 1
6 44 1
26 14 1
37 17 0
52 67 1
10 20 0
67 55 1
30 2 0
63 64 1
51 60 1
50 38 0
33 21 0
42 55 0
35 55 1
63 27 1
10 60 0
58 27 0
39 11 1
34 31 1
4 62 1
47 31 0
12 50 1
70 14 1
37 7 0
22 25 1
43 32 1
68 25 1
19 29 0
52 4 1
56 13 0
56 7 0
57 6 1
57 20 1
33 46 1
4 40 0
14 54 0
68 42 1
12 20 1
9 20 1
67 5 0
46 37 0
21 10 1
6 9 1
30 39 1
22 29 0
21 58 1
56 35 0
50 20 1
12 21 0
2 62 0
5 51 1
64 36 1
30 45 1
65 46 1
35 15 0
25 70 1
70 17 0
22 9 1
22 40 1
68 28 1
3 9 1
35 60 0
2 60 0
59 7 0
7 47 1
4 49 1
55 44 1
27 25 1
9 52 1
23 53 0
10 11 1
10 57 1
33 40 1
15 52 0
66 64 0
25 52 1
5 26 1
25 50 1
46 60 1
9 14 0
67 17 1
65 54 0
25 37 1
58 3 1
54 52 1
66 43 0
59 38 0
59 23 0
39 12 0
27 4 1
6 67 1
32 26 1
4 42 1
65 26 1
49 37 0
39 2 1
3 23 1
69 62 1
52 54 1
6 31 0
57 21 1
45 36 1
4 47 0
12 9 0
13 27 1
60 10 0
8 70 1
29 58 0
41 58 1
50 54 0
33 45 0
18 8 0
52 24 0
56 50 0
5 64 0
36 45 0
19 52 0
5 67 0
5 3 1
23 56 1
59 66 0
66 18 0
52 48 0
51 38 0
31 18 0
12 65 0
39 31 1
60 70 0
66 47 1
5 34 1
67 23 0
14 49 1
48 13 1
30 6 1
34 69 1
47 40 1
8 21 1
24 49 0
8 25 0
65 69 1
21 63 0
25 1 1
14 49 1
48 59 0
21 51 1
27 34 0
42 1 0
44 66 1
15 51 1
28 9 1
65 49 1
14 43 0
31 64 1
13 61 0
39 22 0
52 48 0
5 30 1
7 12 1
26 56 1
14 16 1
32 26 0
49 10 0
29 39 1
69 39 0
56 32 0
31 21 0
60 67 1
63 39 0
66 31 0
69 46 1
22 40 0
17 68 1
27 15 0
37 36 0
36 28 0
3 27 0
50 19 0
51 19 0
20 50 0
20 17 0
28 31 1
11 34 1
48 46 0
18 4 0
46 37 0
29 51 1
36 46 0
63 26 1
36 48 0
9 50 1
40 63 0
6 49 1
37 32 1
34 54 0
38 5 0
66 52 1
46 69 0
32 38 1
37 18 1
60 9 1
15 37 1
47 26 1
50 26 1
22 47 1
1 19 1
4 36 1
13 6 1
3 66 0
47 12 1
23 1 1
50 14 0
28 50 1
60 56 1
48 32 0
18 30 1
51 43 1
23 56 1
24 56 0
26 19 1
23 23 1
4 55 1
48 2 0
5 33 1
53 19 0
51 13 0
4 2 1
47 36 1
13 62 0
32 30 0
58 28 1
25 44 0
70 15 1
2 29 0
9 48 1
50 50 1
57 45 0
12 61 0
15 15 0
27 4 0
59 30 0
65 23 1
12 30 0
67 35 1
20 49 1
1 67 0
55 21 1
9 4 1
56 51 1
12 55 0
32 38 0
6 63 1
45 56 1
28 32 1
33 3 1
33 15 1
23 9 1
15 29 0
70 45 1
5 62 1
36 65 1
5 25 1
21 21 1
11 19 0
50 69 0
66 48 1
65 13 0
33 38 1
26 23 0
35 47 1
70 4 0
47 43 0
18 52 1
15 57 0
56 68 0
24 34 1
59 35 1
6 66 0
6 43 0
65 11 0
60 31 1
69 62 1
28 7 0
69 17 0
21 62 1
32 52 0
14 48 1
60 39 1
3 46 1
46 30 0
55 33 1
51 61 0
24 7 0
62 12 0
28 48 1
14 19 1
23 48 1
40 4 1
20 47 0
9 30 1
67 30 1
28 21 1
64 12 0
12 33 0
58 32 0
22 67 1
57 7 1
26 25 0
41 48 1
11 68 0
5 45 1
31 67 0
40 21 0
42 35 1
63 10 0
30 14 0
2 17 1
2 20 0
44 4 0
54 63 1
38 25 0
34 68 0
30 57 0
37 69 0
28 61 1
13 59 0
56 22 0
17 21 1
23 26 1
25 9 1
42 50 0
20 64 1
16 60 0
53 51 1
57 40 0
59 53 0
45 2 0
19 33 1
60 24 1
67 10 1
2 59 0
50 33 0
46 44 0
58 21 0
70 62 0
30 28 0
7 22 1
63 57 0
14 59 1
58 61 0
60 65 0
34 18 1
37 2 1
70 6 0
48 66 1
39 35 1
42 54 1
10 47 1
43 9 1
45 63 1
60 4 0
37 60 1
48 35 1
14 57 0
1 19 1
32 45 0
3 32 0
3 41 1
52 32 1
14 1 0
10 45 1
9 32 0
29 61 0
63 4 1
70 22 0
33 23 0
17 13 1
51 61 1
70 8 1
49 6 0
26 62 1
49 49 1
58 49 0
9 35 0
24 60 1
46 24 0
59 22 0
9 68 0
16 43 1
11 66 1
2 56 1
28 40 1
54 10 0
54 63 0
53 68 0
23 55 1
4 54 1
22 11 1
62 32 1
61 38 1
52 61 1
21 30 0
51 67 1
34 66 0
10 66 0
9 66 0
64 33 1
7 66 0
8 57 1
45 27 1
57 13 1
43 17 1
30 14 0
14 25 1
40 51 1
54 18 0
55 49 0
54 25 1
16 57 0
21 14 1
68 50 0
10 39 0
50 29 0
57 25 0
30 66 0
40 24 1
22 3 1
22 46 0
41 44 1
52 2 1
46 2 1
23 14 1
52 53 0
13 42 0
30 10 1
5 42 0
68 57 0
15 52 1
55 29 0
42 62 0
6 4 0
47 57 1
20 2 0
29 45 1
57 13 0
25 1 1
60 59 1
26 58 0
46 43 0
55 60 1
39 24 0
61 29 0
24 49 0
53 1 1
60 24 1
24 63 0
50 5 1
56 28 0
44 10 1
3 61 0
38 17 1
16 9 0
33 58 1
44 50 1
56 34 0
16 37 0
15 46 0
66 18 0
46 7 1
16 69 1
16 26 1
44 67 1
29 7 1
38 14 1
16 8 1
4 28 0
48 35 1
68 3 0
26 58 0
40 69 1
20 52 1
59 37 1
61 2 1
68 22 1
66 56 0
68 20 1
34 20 0
19 62 1
39 65 1
69 58 1
55 17 0
20 69 0
56 3 1
64 4 1
7 52 0
32 44 0
7 59 1
48 3 0
41 32 1
35 23 0
42 59 0
59 37 0
45 58 0
23 54 1
1 43 1
9 57 1
60 23 1
25 66 1
19 17 0
39 64 1
55 20 0
34 57 1
2 46 0
29 23 1
51 58 0
31 42 0
11 11 1
5 7 0
67 33 1
64 35 0
54 5 0
1 18 0
30 37 1
25 60 1
5 53 0
51 67 1
67 18 1
57 20 0
36 52 1
54 49 1
12 9 1
26 46 0
47 48 0
64 63 1
32 15 1
2 51 0
46 28 0
18 8 1
30 1 1
67 8 0
47 51 0
20 7 0
28 40 0
66 67 0
1 22 0
65 43 0
17 62 1
5 19 0
9 51 1
50 62 0
39 11 0
52 46 1
19 39 0
4 51 1
26 60 1
17 69 0
6 62 0
25 27 1
62 36 1
39 2 1
3 51 1
5 2 0
16 14 1
62 17 0
29 17 1
17 43 0
67 5 0
32 69 0
49 28 1
59 51 1
8 70 0
51 68 0
65 14 1
57 31 0
47 50 0
67 21 1
66 35 0
31 18 1
38 69 1
36 56 1
8 61 0
23 28 0
44 4 1
23 35 0
43 53 0
18 69 0
61 43 0
2 32 1
12 14 1
22 51 1
14 30 1
22 36 0
68 30 1
10 33 1
44 30 1
47 26 0
65 44 0
70 38 0
11 56 1
4 22 1
48 51 0
14 7 1
50 24 1
6 26 1
8 62 0
6 2 1
50 61 1
13 10 0
35 54 1
70 43 0
13 26 0
51 34 1
22 46 1
49 7 0
11 44 0
69 15 1
66 31 0
55 11 0
70 4 0
30 63 1
17 35 0
8 21 1
22 55 0
6 10 1
17 63 1
70 12 0
46 52 0
6 12 0
30 70 1
22 2 1
47 42 1
63 44 0
17 28 1
46 29 0
4 12 0
13 67 0
17 6 0
21 10 0
32 43 1
65 47 1
54 63 1
52 61 0
6 70 1
3 37 1
46 61 0
17 9 0
64 56 0
47 70 0
13 11 0
20 53 0
27 70 1
60 8 0
61 54 1
55 18 1
58 57 1
41 5 0
35 21 0
14 41 0
19 38 1
18 69 0
36 28 0
22 2 1
23 42 1
25 28 1
22 38 1
32 52 1
39 4 1
69 63 1
35 18 0
64 30 1
11 60 1
6 27 0
36 16 1
63 58 0
13 5 0
62 3 0
69 17 1
2 57 0
67 59 1
39 64 0
22 49 1
10 25 0
56 7 1
66 10 0
60 39 1
49 64 1
37 42 0
70 69 1
30 17 1
42 46 1
37 33 0
36 61 1
42 14 0
48 4 1
34 5 0
66 66 1
29 51 1
34 43 0
63 34 0
62 53 0
8 9 0
7 48 0
39 10 1
30 37 1
53 45 0
57 69 0
44 21 1
24 52 0
28 12 0
54 23 0
42 51 1
58 56 1
57 56 0
12 2 0
27 12 1
21 7 0
15 29 0
1 51 1
2 68 0
65 51 0
67 49 0
12 49 0
26 67 0
13 69 1
42 46 1
37 51 0
12 20 0
61 57 1
18 8 0
39 26 1
50 7 1
53 18 1
67 8 1
2 37 1
43 10 1
57 39 1
69 68 0
67 51 0
12 63 1
26 31 0
6 65 1
51 63 1
2 56 1
49 54 1
25 11 0
22 37 1
55 26 0
5 35 0
70 4 0
29 12 1
56 36 1
7 59 0
10 3 0
4 46 0
56 69 1
52 6 1
12 17 0
6 63 1
43 55 0
35 41 1
34 14 0
67 27 0
44 68 0
2 22 0
51 26 1
69 7 0
26 55 1
61 4 1
57 10 0
26 65 0
68 26 0
67 62 1
36 47 0
13 19 1
25 65 1
22 25 0
26 35 1
39 63 0
46 41 0
59 21 0
33 70 1
29 54 0
30 57 0
58 35 0
30 18 1
38 28 1
32 40 1
9 70 0
27 63 1
39 60 1
49 68 0
67 24 1
7 16 1
2 1 0
63 22 1
10 65 0
33 50 1
14 38 1
64 56 1
32 25 0
23 64 0
55 46 0
3 57 1
36 2 0
4 4 1
44 54 1
35 44 1
47 9 1
65 57 0
53 42 0
19 47 0
61 50 0
29 21 0
34 36 1
52 63 0
62 54 0
34 40 1
40 66 1
9 8 1
46 35 1
14 23 1
58 55 1
10 7 1
21 36 0
23 2 1
50 62 0
1 23 0
45 24 0
33 37 0
9 37 0
34 10 0
56 37 1
17 19 1
50 33 0
50 9 0
25 25 1
42 69 0
1 30 1
60 36 1
8 44 1
63 32 1
32 16 0
52 42 0
8 69 1
10 8 0
15 24 0
30 61 1
50 18 1
70 30 1
33 25 1
17 47 0
70 21 0
22 32 0
15 50 0
31 44 0
39 5 0
29 70 1
32 19 1
54 20 0
61 48 0
69 70 1
10 35 1
62 52 0
13 61 0
46 7 0
26 63 1
25 39 0
52 30 1
68 34 1
5 7 1
62 48 1
57 37 0
57 26 1
34 37 1
36 69 0
69 38 1
39 10 0
34 15 1
65 32 1
27 53 1
50 6 0
33 65 1
67 55 1
39 34 1
43 66 1
23 43 1
39 25 0
42 59 1
58 37 1
5 27 0
6 24 1
32 50 1
29 51 0
23 40 0
30 39 0
57 3 0
54 35 0
48 70 0
16 3 1
68 13 1
60 5 1
39 67 1
35 19 1
3 62 1
13 3 0
47 46 1
21 11 0
4 56 0
30 30 0
60 69 0
29 58 1
19 16 1
67 60 0
41 59 0
43 69 0
36 62 1
14 38 0
14 1 1
46 30 0
36 12 0
6 4 0
56 32 1
65 24 0
22 55 1
4 18 1
8 7 1
15 63 0
60 31 1
55 15 1
26 51 0
68 13 0
67 24 1
33 40 0
37 16 1
57 53 0
16 67 1
68 69 1
39 28 1
67 35 0
43 62 1
66 46 0
18 59 1
18 7 1
11 68 1
69 43 1
13 28 0
20 30 0
55 34 1
59 24 1
8 38 0
26 70 1
69 41 1
20 58 0
2 56 0
19 23 0
13 50 1
44 51 0
12 50 1
34 55 1
38 63 1
27 18 0
43 40 1
50 26 1
25 69 1
7 44 0
51 35 0
43 53 1
48 42 1
49 16 1
57 52 1
66 25 1
39 44 1
22 31 0
1 30 1
45 28 0
35 49 1
44 15 1
21 65 1
68 64 0
41 38 0
47 63 1
40 25 0
18 69 0
11 36 1
1 48 0
4 5 1
30 64 0
35 49 1
2 20 1
37 22 0
25 6 0
27 16 0
65 61 1
4 60 1
33 17 0
46 16 1
37 56 0
15 43 1
42 26 0
66 6 0
44 30 1
31 11 1
39 55 1
46 49 0
63 10 0
3 55 0
68 42 0
4 20 0
45 58 0
27 14 1
10 53 1
39 67 0
7 63 1
18 20 0
58 51 0
69 6 1
6 5 1
36 13 0
51 37 0
29 13 0
44 31 0
8 1 0
9 11 0
27 9 1
14 54 0
60 51 1
62 5 0
54 20 0
47 16 0
43 59 1
19 45 0
13 43 1
20 27 1
21 33 1
40 28 0
66 18 0
48 63 0
40 38 1
61 66 1
22 31 1
2 24 1
45 62 0
26 33 1
24 11 0
19 8 1
30 47 1
22 49 0
7 6 0
36 19 1
14 12 0
33 64 1
16 39 0
10 20 0
28 34 0
60 36 0
9 23 0
42 55 1
22 15 0
17 8 0
19 55 1
3 8 0
4 51 0
67 29 0
46 33 1
64 21 0
53 31 1
45 11 1
56 14 1
16 29 1
31 53 1
15 42 0
13 5 0
43 52 1
53 44 0
16 10 0
56 18 0
25 4 0
23 29 0
50 40 1
4 26 1
48 65 1
47 59 0
7 31 1
60 68 1
48 49 1
67 30 0
59 27 1
4 51 0
6 20 1
60 46 0
20 11 0
23 33 1
17 27 0
52 8 1
8 43 0
31 52 0
64 45 0
59 16 1
11 14 1
57 61 1
30 53 0
30 24 0
3 2 1
6 47 0
22 50 1
18 15 0
13 63 0
37 21 0
23 65 0
31 34 0
67 4 1
19 28 1
9 16 1
18 56 1
39 55 1
29 32 1
65 39 1
48 17 0
32 11 1
68 20 0
39 2 0
34 57 1
15 57 1
66 27 1
50 17 0
65 17 0
1 54 0
59 57 1
40 20 1
42 35 0
67 2 1
10 68 0
41 44 0
37 39 1
67 25 0
53 14 1
39 69 0
5 18 0
46 62 0
33 22 0
61 52 1
37 53 1
33 58 1
2 68 0
16 29 1
63 66 0
14 21 0
36 70 1
7 39 1
24 12 0
56 60 1
69 61 0
18 7 1
21 50 1
68 51 1
1 26 1
24 17 0
49 65 1
48 23 1
35 26 0
21 7 1
49 51 1
54 57 0
2 37 1
18 51 1
15 64 0
47 18 0
46 12 1
64 57 0
44 13 0
53 21 1
26 8 0
55 61 0
35 68 0
5 41 0
33 54 0
4 60 0
24 19 0
62 69 1
1 34 0
59 1 1
2 69 1
66 16 0
67 33 0
24 28 0
43 45 1
26 10 0
58 16 0
27 39 1
41 10 1
32 42 0
52 58 1
5 6 1
17 30 1
17 43 1
10 7 1
34 62 1
40 1 0
46 2 1
3 23 1
17 3 0
13 54 1
29 35 1
38 47 1
14 16 0
59 34 0
29 31 1
60 53 0
18 31 0
47 49 0
52 46 0
15 17 0
58 4 0
54 35 1
18 70 0
5 9 1
43 50 0
11 10 1
50 35 1
31 62 0
43 49 0
25 29 1
11 8 0
27 8 1
69 41 0
61 42 0
59 14 0
40 52 1
33 15 1
45 43 1
13 1 1
42 66 0
24 12 1
63 40 0
42 54 0
64 56 1
34 57 0
64 60 0
67 6 1
61 26 0
52 45 0
30 19 0
1 70 1
39 11 0
14 17 1
30 26 0
34 33 0
21 44 1
28 6 1
2 61 1
56 3 1
29 26 1
59 3 1
61 44 0
5 14 0
66 23 0
45 63 1
16 12 1
32 15 1
28 56 0
68 26 0
64 29 1
42 3 1
21 30 1
65 38 1
29 24 0
27 59 0
56 16 0
66 8 1
18 48 0
66 38 1
59 16 0
36 70 1
12 45 1
30 33 1
50 44 0
5 10 1
23 41 0
23 30 0
58 58 1
68 46 0
56 28 1
44 3 0
48 70 1
58 3 0
35 54 0
5 1 0
39 18 1
22 65 1
36 9 0
38 59 1
22 4 0
46 1 1
32 70 1
1 38 1
50 67 0
48 58 1
61 49 0
38 51 0
66 25 1
62 45 1
56 26 1
45 7 0
45 66 1
8 25 1
48 28 1
45 4 0
62 7 1
44 1 0
62 35 0
50 57 1
29 13 1
49 43 0
31 65 0
6 36 1
64 31 0
57 1 0
21 22 0
5 40 1
34 3 1
49 48 0
64 33 1
38 52 0
6 43 1
56 26 1
39 38 0
29 53 0
63 57 0
44 7 0
57 69 0
36 9 0
40 48 1
29 37 0
33 33 1
57 60 0
54 64 1
38 14 0
26 39 0
11 68 0
47 5 0
7 26 0
1 11 1
55 2 1
31 27 1
47 27 1
6 27 1
50 53 1
50 67 1
70 6 1
37 36 1
65 16 0
52 38 0
4 13 0
69 66 1
13 44 1
64 3 1
66 41 0
38 65 1
60 5 1
10 16 1
66 19 0
10 39 1
37 24 1
53 50 1
25 53 0
57 27 1
31 43 0
24 1 0
56 46 1
38 6 1
49 30 0
9 18 0
39 12 1
11 68 1
12 57 1
64 31 0
8 2 0
61 59 1
29 40 1
64 46 1
23 64 1
56 2 0
55 50 0
57 15 1
31 16 1
4 67 1
19 30 0
40 44 0
70 48 1
7 66 0
56 27 1
50 41 0
39 14 0
18 59 0
52 70 1
24 20 0
33 27 0
2 10 1
17 21 0
70 53 0
66 25 1
57 1 1
29 30 1
54 27 1
67 17 1
53 57 0
62 17 1
33 32 1
2 39 0
33 21 0
44 6 0
2 67 0
4 37 1
60 23 0
40 69 0
66 39 1
58 10 0
15 31 1
60 12 1
31 53 0
63 34 0
15 19 1
43 13 0
14 35 0
25 5 1
62 21 0
1 63 1
63 35 1
56 68 0
57 41 1
44 21 0
3 26 1
63 69 1
55 50 0
25 67 1
59 68 0
26 8 1
20 45 1
49 21 0
16 59 0
61 31 0
13 37 1
14 70 1
16 15 0
21 15 0
35 44 0
66 22 0
17 60 1
47 66 1
58 30 0
25 13 1
53 12 1
55 9 0
58 22 1
35 7 1
56 68 1
27 19 1
26 23 1
69 50 0
1 30 1
17 6 1
37 30 0
13 39 1
61 54 1
59 16 0
44 56 0
35 7 1
22 34 0
31 12 0
59 62 1
39 27 0
52 49 1
34 25 1
67 26 0
39 30 1
42 46 0
8 62 1
12 49 0
17 56 0
69 4 1
33 56 0
56 59 0
37 14 1
56 56 1
48 21 0
30 61 1
46 70 1
9 63 0
26 5 0
22 57 0
13 30 0
29 45 1
45 40 1
28 3 0
10 59 1
43 13 0
27 1 1
51 24 0
43 43 0
70 21 0
4 69 1
5 63 0
11 43 0
38 29 1
27 2 0
23 1 1
39 17 0
67 53 1
26 46 1
16 19 1
48 33 0
55 40 0
58 46 1
61 65 0
27 48 0
43 39 1
26 4 1
3 43 1
8 53 1
21 17 1
62 49 1
10 42 1
31 64 1
15 12 0
26 10 1
19 29 0
8 34 1
43 9 1
13 48 0
22 39 0
3 38 0
12 5 0
49 49 0
30 43 1
24 69 1
16 38 1
8 31 1
23 45 0
51 14 0
29 9 1
55 29 0
48 65 0
33 69 1
42 69 0
45 13 1
18 15 0
46 33 0
5 46 1
10 34 0
59 54 0
57 66 1
27 48 1
24 65 0
17 65 0
52 8 1
41 45 1
8 20 0
34 4 1
48 62 1
24 35 0
31 67 1
54 61 1
47 44 1
23 49 1
45 17 1
43 20 1
5 4 0
7 29 0
22 42 0
21 70 0
31 29 0
48 15 1
3 19 0
69 67 1
17 46 1
9 52 1
40 63 1
24 68 0
50 33 0
69 43 0
63 10 1
64 65 0
36 64 1
40 37 1
8 49 0
67 39 0
5 11 0
9 25 0
62 14 1
14 45 0
24 3 1
6 58 0
15 20 0
42 55 1
29 36 1
29 5 1
31 32 0
46 19 1
12 64 0
22 43 0
63 64 1
68 62 0
68 43 0
47 34 1
13 47 1
40 22 1
47 31 0
27 56 0
24 60 0
63 57 1
23 30 1
41 37 0
64 14 1
11 11 1
62 49 1
28 2 1
70 22 0
30 15 1
55 53 1
10 16 0
53 49 1
18 47 0
54 4 0
59 53 1
40 11 1
8 61 1
29 57 0
2 7 1
11 36 1
44 6 0
70 6 0
51 18 0
39 33 0
28 37 1
27 11 1
49 15 0
58 41 1
64 46 1
29 41 1
65 55 0
46 57 1
19 48 1
64 25 1
23 10 1
63 4 1
22 52 0
7 10 1
14 36 1
9 69 0
59 53 1
39 31 1
58 37 0
53 31 1
65 23 1
30 13 1
22 12 1
9 36 0
66 24 1
65 5 0
22 67 0
10 45 0
39 8 1
24 1 1
59 58 0
68 44 1
63 64 1
4 67 1
60 41 1
9 9 0
59 58 0
43 47 0
36 27 1
17 37 0
17 24 1
70 64 0
13 14 0
69 20 0
34 11 1
14 49 1
33 51 1
25 4 1
10 4 0
27 28 1
43 69 0
66 67 1
29 40 0
60 63 0
15 52 1
27 33 1
59 49 1
6 63 0
55 40 0
33 10 0
25 15 1
16 43 1
31 53 1
55 64 1
26 43 0
16 65 0
25 15 1
36 65 0
11 2 0
29 2 1
51 42 0
52 59 0
69 6 0
52 60 1
59 16 1
68 37 0
33 61 1
17 69 1
14 70 0
16 28 0
3 32 0
56 21 0
49 67 1
20 20 1
19 7 1
18 55 0
5 65 1
52 55 1
4 9 0
9 64 0
55 67 1
56 45 0
22 15 1
9 37 1
43 49 0
46 23 0
16 37 1
35 57 0
57 32 0
62 13 1
50 17 0
30 53 1
15 5 0
9 27 0
50 65 0
15 31 1
11 54 0
64 13 1
59 64 0
68 7 1
29 25 0
70 12 0
42 12 1
69 55 1
62 22 1
9 10 1
10 55 1
6 39 0
40 67 1
63 12 1
61 29 1
16 35 0
17 8 1
12 36 0
12 51 1
44 7 0
6 33 1
35 38 0
15 33 1
40 31 0
23 40 0
16 66 0
49 46 0
15 21 0
50 29 0
44 49 0
63 56 0
56 30 1
24 30 0
35 42 0
60 56 0
4 47 1
66 32 0
69 60 0
61 33 0
25 15 0
36 54 0
53 70 1
9 65 1
14 33 0
51 21 1
62 68 1
48 23 0
31 47 1
64 23 1
52 53 0
37 45 0
59 35 1
70 57 0
37 44 0
9 55 1
10 42 0
35 9 1
21 39 1
28 21 0
36 67 1
56 21 1
69 4 0
56 50 0
3 26 0
57 57 1
30 11 0
35 54 0
37 29 1
36 24 0
21 36 1
12 31 0
38 16 0
28 27 0
50 4 1
57 45 1
65 21 1
27 52 0
47 20 1
23 4 0
18 57 0
37 57 0
58 17 1
49 62 0
13 16 1
17 42 0
36 52 0
44 1 1
47 15 0
16 10 0
53 17 1
51 12 1
54 37 0
47 56 0
50 26 1
31 10 1
67 38 0
3 66 1
18 27 0
52 24 1
69 63 0
46 53 1
40 16 0
19 21 0
64 50 1
25 7 1
52 37 0
13 27 1
50 5 0
10 27 1
21 42 0
19 61 0
27 60 1
52 51 0
41 24 0
8 43 1
2 40 1
4 23 1
54 45 0
59 15 0
40 59 1
49 17 0
36 19 0
6 53 0
6 43 1
29 50 1
55 6 1
31 43 0
34 37 0
19 45 1
69 55 0
15 41 0
55 67 1
12 25 0
23 68 0
58 38 0
8 25 0
20 13 1
2 28 1
46 64 0
1 57 1
70 69 0
11 38 1
2 36 0
2 11 1
31 49 1
18 25 1
29 33 1
68 7 0
66 63 0
14 1 1
67 28 0
15 27 1
44 6 1
6 55 1
69 40 1
58 35 0
6 40 0
2 20 0
70 59 0
55 7 1
68 5 0
58 15 1
9 3 0
3 45 1
26 22 0
41 37 1
12 34 0
31 23 0
69 7 0
57 19 0
66 13 1
56 21 0
30 11 0
29 12 1
46 26 1
15 66 1
13 45 1
59 51 1
15 19 0
15 62 0
66 38 1
66 39 1
68 35 1
69 8 0
27 3 0
28 59 0
63 53 0
2 33 0
49 35 0
50 3 0
58 15 1
13 65 1
68 66 1
14 22 1
28 13 0
51 44 0
57 61 0
13 39 1
63 67 0
13 31 0
64 58 0
37 36 1
61 47 0
12 43 1
52 19 1
49 56 1
28 64 0
64 33 1
59 20 0
69 3 0
9 46 1
29 10 0
33 26 1
55 5 1
68 23 0
63 18 1
62 19 0
29 60 0
64 42 1
64 20 0
6 28 0
34 29 0
66 15 1
12 43 1
37 25 1
17 33 0
35 27 1
15 24 0
45 23 0
23 44 1
2 17 0
23 61 0
51 50 0
15 41 1
70 3 1
66 25 1
34 50 0
16 60 1
51 19 1
10 29 0
21 59 0
58 66 1
50 30 1
64 32 1
68 37 0
56 30 1
26 28 1
3 48 1
27 12 0
18 26 1
29 64 0
45 40 0
36 69 0
37 57 0
24 16 0
12 38 1
45 70 0
64 34 0
16 49 1
63 25 0
34 54 1
9 55 0
42 66 0
16 33 1
68 22 0
6 9 1
9 48 1
30 1 0
1 14 0
41 33 0
46 12 0
11 15 0
60 43 0
11 1 0
66 64 0
4 35 1
45 61 0
12 56 1
29 17 1
61 24 0
37 31 1
13 11 1
57 38 0
51 44 0
65 11 1
62 3 1
3 63 1
38 66 0
3 12 1
28 27 0
39 59 1
64 4 0
27 70 0
26 39 0
14 47 1
4 34 1
38 18 0
55 10 1
47 66 0
66 10 0
66 3 1
17 17 1
44 42 1
14 32 1
14 66 1
65 15 1
23 53 0
70 15 1
31 40 1
48 15 1
29 34 1
6 46 0
61 11 0
57 57 1
8 27 0
62 30 1
21 68 1
57 16 1
35 9 0
27 25 0
45 48 0
52 70 0
48 53 1
21 8 0
31 53 1
11 38 0
24 34 1
27 1 0
59 6 0
14 53 0
50 30 1
36 67 1
34 48 1
69 35 1
67 54 0
24 59 1
63 35 0
11 29 0
63 43 1
36 31 0
8 13 1
54 18 1
55 57 0
4 42 1
10 22 1
45 54 1
69 63 1
29 17 1
2 70 1
42 9 1
1 41 0
50 22 0
48 31 1
22 17 1
50 68 1
46 41 0
4 40 0
35 36 1
66 69 0
29 60 1
51 39 1
34 43 1
1 28 1
49 51 0
23 60 0
67 30 0
39 33 0
8 24 0
56 34 0
21 20 0
59 37 1
31 56 1
31 68 0
20 54 0
64 10 1
51 2 1
14 21 1
47 43 1
4 14 0
4 12 1
38 62 0
3 4 1
2 5 0
24 69 0
39 61 0
7 29 1
12 33 1
62 3 0
57 70 1
31 49 0
26 30 1
20 19 0
39 40 0
21 18 1
45 16 0
55 66 0
37 24 0
1 36 0
41 2 1
51 33 1
68 6 1
49 61 0
2 56 1
55 47 1
4 66 0
30 38 0
44 1 1
4 34 0
46 14 1
62 11 0
64 8 0
61 18 1
40 63 1
70 47 0
39 16 0
24 25 0
50 39 1
26 38 0
4 20 0
7 47 1
65 8 1
5 17 1
34 4 1
64 42 1
46 61 1
60 69 1
53 52 1
3 5 0
34 56 1
11 29 1
42 11 1
19 21 0
56 48 1
5 13 1
9 16 1
33 8 0
56 53 0
9 4 0
60 20 1
20 4 0
45 34 0
66 37 0
12 44 1
49 59 1
63 23 0
40 48 0
55 16 1
58 11 0
4 32 1
24 61 1
51 15 1
46 40 1
41 2 0
46 21 0
36 43 1
53 41 0
54 58 1
36 20 1
63 8 1
56 50 0
49 30 1
27 44 1
36 43 1
58 36 1
63 31 0
24 27 1
16 68 1
53 14 0
20 30 1
9 54 1
8 50 0
8 14 0
13 28 0
41 31 0
14 39 1
7 26 1
18 17 0
68 19 1
41 36 1
70 53 1
16 52 1
12 14 1
34 13 1
16 41 1
52 25 0
52 11 1
6 56 0
42 44 0
20 21 1
11 60 0
39 29 1
19 65 1
53 65 0
43 45 0
45 47 0
20 10 0
8 30 0
21 5 1
28 39 0
14 23 1
7 48 0
43 47 1
48 35 1
21 46 0
49 56 0
3 33 1
39 13 0
4 59 1
14 15 1
48 37 1
29 10 1
1 70 1
25 66 0
31 34 0
48 6 0
58 48 0
16 49 1
13 34 1
58 5 1
23 2 1
22 38 0
37 46 0
32 13 1
57 4 0
58 8 0
3 67 1
61 58 0
51 29 1
45 34 0
7 50 1
14 58 0
12 40 0
53 38 1
44 36 0
47 36 1
60 51 1
67 14 0
61 9 1
31 2 0
23 32 0
66 67 0
60 62 1
38 66 0
30 44 0
18 2 1
65 70 0
21 17 1
70 38 0
10 7 1
5 28 0
22 32 1
21 37 0
69 47 1
4 51 1
8 29 1
5 69 0
18 33 1
15 47 0
35 5 1
56 53 0
6 67 1
33 54 1
28 45 1
46 59 0
54 40 1
66 26 0
31 53 0
69 35 0
47 58 1
35 4 0
53 54 1
45 45 0
50 11 0
7 18 1
63 46 1
61 54 1
5 17 0
22 65 1
16 5 1
56 62 0
16 20 1
13 36 1
34 11 1
38 63 0
24 52 1
30 50 1
42 33 1
70 37 1
19 11 1
11 37 0
63 69 0
59 25 1
21 56 0
19 32 0
65 47 1
17 52 0
51 22 1
31 37 0
4 61 0
31 68 0
31 3 0
47 6 1
50 60 0
16 66 0
15 18 0
57 14 0
27 56 1
7 40 1
6 24 0
41 28 0
41 3 1
33 28 1
10 9 0
9 40 1
7 33 1
28 35 0
1 3 1
26 46 0
56 25 1
48 18 0
18 42 1
25 69 1
38 62 1
39 21 1
35 28 0
5 63 0
42 53 1
46 30 1
18 28 1
48 43 1
53 49 1
57 56 1
7 50 1
60 64 1
45 7 1
22 7 0
70 62 1
64 61 1
43 19 0
61 30 1
65 25 0
44 12 1
40 9 1
3 2 1
17 62 1
66 11 1
1 35 0
58 6 1
9 35 1
63 26 1
8 32 0
33 69 0
55 40 1
5 69 1
9 40 1
61 41 0
68 49 0
53 13 1
55 57 0
64 69 0
59 58 1
19 27 1
29 6 0
48 41 0
11 57 0
37 2 1
1 8 1
68 27 1
17 13 1
2 27 0
7 26 1
68 8 0
18 65 0
43 15 1
70 4 1
15 35 0
41 3 1
29 49 1
36 2 0
34 32 0
62 57 1
68 13 1
29 64 1
47 57 0
27 24 0
48 41 1
22 49 0
70 14 1
41 57 0
15 51 0
52 45 1
27 51 1
21 24 0
3 20 1
57 63 0
29 34 1
44 20 0
57 61 0
57 2 1
37 18 1
19 42 0
66 36 0
40 40 1
34 13 0
15 37 0
54 3 0
1 48 1
2 5 0
65 12 1
50 56 1
40 46 0
52 3 0
43 51 0
65 12 1
18 8 1
58 66 0
17 15 1
19 25 1
66 27 1
64 40 0
48 54 0
12 36 0
27 65 1
44 3 1
28 70 1
3 31 0
49 7 0
63 36 0
4 4 1
69 59 0
29 46 0
45 52 1
64 20 1
70 3 0
47 16 1
25 30 1
57 17 1
20 23 0
11 56 0
67 6 1
28 49 0
53 32 0
60 32 1
36 35 0
70 17 1
56 32 0
59 50 1
31 3 0
53 8 0
68 22 0
33 64 1
52 56 1
20 55 1
32 52 0
2 37 0
13 29 0
14 12 1
23 54 0
62 56 0
70 7 0
51 69 1
39 43 1
44 69 0
59 55 0
54 29 0
45 64 1
9 21 0
30 18 1
19 28 0
39 59 0
45 60 1
50 53 1
13 12 0
23 8 0
6 20 0
40 33 1
48 3 1
11 20 0
6 11 1
62 40 1
37 61 0
67 28 1
66 27 0
46 41 0
7 28 1
70 18 0
54 42 1
23 48 0
11 30 0
24 44 0
47 55 1
43 34 1
38 67 0
30 59 0
49 18 1
44 45 1
65 16 1
21 34 0
66 62 0
47 62 1
30 39 1
13 3 1
24 18 1
23 26 1
18 11 0
42 25 1
67 43 1
46 49 0
