70 4830 20
34 51 0
50 16 1
41 58 0
11 34 1
2 3 1
3 65 1
12 58 0
50 8 0
28 22 1
23 14 1
24 67 1
10 7 0
11 6 1
57 24 1
5 18 1
21 63 0
7 69 0
69 47 0
64 20 1
12 28 1
4 24 1
2 16 1
14 62 0
11 48 1
40 16 0
60 66 1
28 38 0
29 57 0
54 8 1
47 39 1
28 49 1
3 47 0
68 2 1
66 32 1
66 54 0
69 36 1
51 40 1
5 29 0
55 6 1
62 25 0
30 50 0
47 5 0
2 2 1
39 19 1
6 53 1
16 52 1
4 33 0
26 33 0
67 51 0
29 57 1
66 35 0
14 27 0
44 46 0
64 27 0
7 60 1
17 56 1
59 23 1
6 2 0
57 69 0
59 35 0
58 21 1
11 43 0
23 66 0
23 14 1
18 9 0
30 66 1
47 48 0
55 47 0
32 26 0
8 59 0
23 59 0
57 58 1
37 26 0
31 46 0
58 20 1
43 16 0
46 24 0
2 22 1
55 54 0
45 26 1
42 30 0
11 21 1
55 8 1
40 37 0
39 29 0
61 15 1
6 53 1
46 63 1
23 49 0
28 52 0
26 37 1
32 3 0
61 28 1
40 50 0
31 46 1
42 52 1
33 65 0
70 30 0
60 52 1
48 68 1
58 36 0
34 25 1
51 16 1
20 48 0
51 59 0
9 4 1
59 54 0
2 61 1
17 12 0
15 4 1
14 4 0
61 38 1
44 56 0
13 60 0
63 30 0
52 11 1
13 64 1
17 54 1
2 19 1
53 31 0
17 8 1
13 40 0
28 68 0
10 43 1
16 23 0
47 46 0
15 45 0
16 21 1
27 68 0
69 9 1
28 49 1
67 7 1
66 47 0
36 2 0
7 41 1
54 68 1
32 6 0
39 65 1
35 67 0
36 38 0
3 14 0
67 3 1
36 67 0
66 39 1
54 26 1
7 32 1
68 17 1
22 18 0
16 51 1
52 16 1
16 21 1
5 12 1
37 65 0
66 7 0
11 56 1
20 18 1
53 54 1
46 22 0
39 54 1
11 45 1
36 2 0
17 17 1
53 37 0
53 38 0
58 11 1
49 36 1
50 45 0
69 61 1
67 17 0
35 27 1
23 23 1
54 24 1
64 69 1
36 61 0
65 16 1
8 37 0
40 42 1
27 44 1
34 14 1
70 4 0
15 7 1
8 46 1
26 42 1
59 46 1
60 61 1
25 24 0
16 4 1
61 65 1
54 34 0
29 65 1
30 22 0
32 11 1
57 56 0
36 43 1
58 26 0
34 20 0
23 3 0
31 21 1
69 64 1
69 67 1
32 36 1
34 56 1
11 34 0
27 34 0
66 53 1
56 4 0
20 21 0
19 15 0
59 68 1
20 46 0
28 25 0
33 11 0
58 14 0
45 24 1
23 68 1
10 70 1
13 48 0
70 24 1
26 35 0
50 17 0
39 51 1
24 41 0
26 21 1
16 11 0
35 51 1
20 18 0
27 10 1
46 6 0
36 24 0
20 27 0
48 49 0
22 55 1
3 43 0
33 47 0
70 12 1
60 5 1
23 19 1
29 7 1
18 17 0
30 41 1
38 42 0
27 66 0
70 30 0
8 7 1
62 6 1
3 59 1
9 32 0
36 36 1
28 11 1
3 6 1
56 4 1
15 53 1
67 66 1
17 19 1
59 22 0
29 43 0
23 10 0
26 4 0
67 27 0
30 56 1
42 64 1
70 40 0
33 48 1
34 56 0
41 64 1
28 28 1
4 39 0
45 48 1
23 37 1
6 40 0
65 37 0
2 49 0
12 40 0
23 31 0
31 29 1
18 45 1
51 5 1
23 29 1
11 49 0
60 58 1
65 11 0
21 11 0
7 47 0
7 23 0
8 56 0
38 33 1
54 8 0
17 10 0
38 60 0
25 39 0
40 22 0
8 39 1
52 38 0
14 55 0
40 4 0
51 17 1
18 62 0
5 41 1
32 34 0
61 61 0
51 13 1
43 3 1
69 70 0
70 59 1
63 44 0
41 8 0
34 64 1
36 66 0
14 13 1
29 27 0
2 65 1
35 12 0
40 66 0
25 43 1
54 40 1
8 36 0
46 27 1
33 24 1
9 17 1
10 6 0
33 42 0
53 48 1
52 30 1
3 26 0
53 49 1
10 14 0
45 49 1
3 37 1
64 56 0
9 8 1
40 36 1
61 15 1
44 37 0
8 35 0
30 44 0
56 68 0
7 51 0
2 59 1
31 15 1
61 2 1
60 59 1
17 10 0
52 57 0
7 58 0
42 32 1
33 29 0
56 58 1
6 28 0
26 59 1
69 70 1
17 30 1
5 11 1
51 41 1
27 6 0
41 36 0
56 56 0
2 69 0
18 30 0
56 39 1
47 18 1
65 55 0
45 65 0
34 51 0
32 35 1
2 2 1
12 52 1
4 69 1
51 2 1
15 69 0
64 4 1
65 12 1
64 4 0
27 25 1
35 34 1
52 61 0
39 22 1
46 63 1
23 54 1
36 12 1
67 57 1
12 53 0
44 2 0
32 67 1
37 33 0
34 32 1
64 36 1
67 37 1
69 13 0
54 11 1
27 41 0
23 13 0
17 42 0
24 46 1
35 25 0
49 21 1
51 4 1
46 29 1
34 18 1
6 9 1
2 35 1
5 8 0
66 58 0
33 30 0
36 50 1
49 69 1
15 59 1
64 10 0
35 58 1
32 19 1
42 30 1
10 15 1
53 54 1
39 41 0
3 39 1
6 19 1
55 39 0
55 50 0
46 11 1
56 56 1
38 13 0
41 2 1
16 10 1
13 14 0
68 48 0
7 53 1
35 60 0
63 65 1
21 8 0
67 51 0
22 43 0
11 12 0
68 57 0
27 51 0
57 42 1
25 59 1
25 10 1
17 16 0
2 36 1
56 20 0
5 38 0
64 43 1
37 36 0
63 24 0
24 38 1
69 23 0
67 21 0
25 16 0
59 12 1
13 41 1
35 45 1
54 45 1
25 22 0
4 9 0
68 50 0
33 10 0
34 57 1
26 51 0
4 31 1
67 25 0
12 15 0
64 21 0
2 44 0
62 13 1
65 11 0
34 56 1
9 26 0
16 28 1
12 60 0
12 8 1
56 39 0
43 5 0
60 38 0
7 7 1
43 16 0
40 2 1
45 48 1
52 34 0
52 55 0
28 31 0
52 25 1
25 45 0
41 14 1
52 9 1
61 27 0
38 24 0
70 24 1
68 24 1
33 44 0
57 44 0
18 36 1
58 60 0
69 2 1
13 30 1
54 64 0
40 63 0
42 43 0
64 51 0
21 9 1
23 41 0
15 38 1
21 68 1
45 57 1
53 36 1
15 8 1
47 64 1
57 50 1
48 59 1
23 66 1
53 2 0
29 20 0
59 69 1
3 10 0
20 68 1
58 42 1
51 29 1
18 40 0
24 30 1
49 25 0
70 53 1
16 70 1
10 11 1
34 37 1
20 14 0
25 53 1
12 48 1
62 56 1
10 64 1
69 36 0
2 58 0
21 68 0
58 51 1
36 51 0
4 41 1
33 58 0
57 69 1
46 66 1
45 15 1
62 52 0
10 32 0
56 43 1
36 16 0
67 48 0
50 6 0
38 49 1
4 43 0
13 65 1
18 16 0
28 51 0
4 58 0
60 35 1
67 42 0
47 39 0
40 43 1
63 29 1
44 20 1
34 62 1
43 28 1
11 43 1
6 4 0
47 45 1
34 14 1
36 53 1
60 52 0
11 34 0
33 48 0
15 3 0
44 40 1
57 7 0
49 28 0
29 8 1
44 62 1
47 50 0
40 32 1
55 60 0
57 17 1
46 8 0
49 56 0
18 24 1
16 58 1
33 23 0
10 70 1
6 66 0
62 6 1
40 8 1
54 61 0
60 62 1
60 48 0
46 43 1
17 52 1
11 51 0
54 58 0
58 64 1
68 36 1
50 9 0
42 37 0
32 14 1
59 31 0
23 54 1
64 60 0
42 60 1
19 13 0
62 65 1
21 59 1
58 30 0
50 2 1
57 63 0
70 55 1
46 47 1
10 38 0
2 66 1
44 21 1
17 12 0
51 55 1
62 35 0
43 42 1
39 45 0
51 58 0
4 60 1
16 66 1
28 49 0
19 28 0
40 68 0
28 59 1
28 21 0
14 16 1
2 66 1
59 42 0
29 27 0
7 5 0
42 17 0
68 23 0
9 2 0
45 65 1
39 32 0
23 6 0
55 2 1
21 15 0
3 2 0
18 65 1
4 2 1
23 50 0
25 51 1
61 4 0
49 35 0
53 7 1
45 45 0
57 65 1
31 18 0
48 17 1
61 17 1
66 23 0
67 29 1
19 6 1
24 32 0
14 35 0
69 36 1
39 41 0
38 12 1
57 23 0
43 40 1
16 41 0
2 40 1
37 14 0
23 40 1
14 34 1
34 35 0
47 9 0
65 7 0
6 65 1
32 4 0
3 54 0
20 3 0
21 60 1
61 54 0
10 25 0
5 42 0
23 40 1
66 8 0
61 39 1
7 53 0
30 2 0
31 35 1
63 65 1
63 23 1
51 34 0
2 57 1
67 58 1
29 12 0
53 44 0
25 27 1
58 53 0
64 42 0
40 13 0
25 22 1
37 7 1
27 23 1
67 23 1
51 58 0
21 3 1
33 5 1
58 7 1
17 57 1
2 28 0
60 64 0
38 60 0
26 37 0
27 57 0
63 4 0
29 57 1
33 40 1
56 42 1
20 32 0
32 8 0
47 16 0
9 29 1
55 69 1
21 64 1
25 52 0
23 48 0
30 30 0
37 4 1
21 40 0
63 9 0
41 4 1
23 46 0
48 48 1
29 10 0
2 25 1
4 23 1
49 64 0
48 68 0
31 31 0
17 13 0
66 48 1
9 12 0
33 53 0
14 31 0
5 10 0
33 36 0
31 43 1
11 34 0
42 55 1
20 37 1
54 29 1
58 58 1
57 32 1
20 35 0
62 43 1
39 15 1
49 18 1
17 70 1
23 11 0
57 59 1
56 61 1
14 7 0
4 60 1
49 67 0
26 38 0
41 34 1
55 44 0
64 68 1
22 47 1
24 6 1
60 38 1
45 39 1
19 6 0
21 2 1
50 56 0
35 7 0
37 39 1
20 51 1
2 60 0
51 41 0
33 16 1
32 44 0
15 69 0
50 53 1
2 69 1
15 70 1
45 37 0
53 8 0
5 27 0
27 69 1
52 42 0
37 45 1
40 24 1
69 28 1
34 11 1
5 52 1
61 38 0
23 51 0
17 70 1
24 24 0
57 68 1
36 54 1
4 47 1
44 12 1
2 10 0
54 45 0
2 3 0
31 50 0
7 67 0
36 68 1
50 20 0
32 36 1
23 32 1
35 48 0
60 3 1
43 36 0
57 36 1
22 41 0
27 11 0
51 33 0
19 65 0
17 59 0
49 44 0
10 46 1
39 6 0
5 13 1
49 41 1
23 13 1
9 44 0
14 24 0
42 61 0
54 36 0
23 30 1
15 53 1
46 18 0
5 32 0
65 41 1
55 48 1
50 36 0
12 15 1
51 11 1
7 37 0
19 55 0
67 23 0
7 43 0
15 13 1
57 35 0
41 9 0
22 58 1
5 57 1
45 8 1
29 42 1
68 3 1
4 59 1
26 18 0
47 40 1
70 8 0
41 11 1
26 26 1
37 5 1
51 37 0
20 41 1
10 29 1
67 69 1
22 34 0
21 17 0
23 46 0
38 69 1
17 67 1
46 3 1
25 56 1
60 58 0
17 64 0
50 69 0
18 30 0
52 51 0
22 59 1
29 45 0
40 34 1
55 62 1
49 42 0
14 46 1
14 16 0
49 9 1
34 2 1
38 10 1
41 6 1
29 49 0
4 56 0
27 44 1
50 21 0
24 3 1
14 53 1
16 59 1
14 8 1
4 13 0
12 27 0
63 12 0
66 50 1
63 59 1
31 57 0
44 9 0
7 18 1
30 2 1
40 63 0
52 31 0
23 27 0
60 54 0
20 60 1
36 7 0
5 46 1
2 43 1
48 20 1
32 23 0
40 48 1
16 65 1
9 60 1
60 67 0
31 33 1
12 55 1
50 2 1
63 20 1
2 4 1
13 49 0
69 40 0
16 8 0
21 65 0
60 55 0
11 41 0
64 21 1
55 9 1
4 54 0
27 39 0
69 42 0
40 34 1
58 68 0
9 30 0
59 2 0
24 41 1
24 6 1
2 33 0
36 33 1
31 41 0
28 34 1
5 30 1
50 2 1
21 17 0
39 57 0
7 28 1
58 31 0
41 60 1
25 2 1
11 33 1
31 7 1
47 9 0
58 27 0
61 42 0
5 4 1
44 47 1
37 61 1
19 25 1
14 9 0
45 35 1
44 30 0
64 45 1
10 32 0
14 37 0
8 22 1
32 11 0
18 7 0
9 15 0
22 11 1
42 66 1
51 13 0
67 16 0
26 2 0
48 67 1
2 6 1
27 69 1
38 14 0
14 13 0
61 21 1
24 62 1
61 49 1
54 12 1
16 2 0
41 24 1
18 24 0
6 33 0
14 4 1
37 53 0
18 15 0
14 2 0
9 31 0
57 35 1
32 2 0
4 65 0
30 5 0
24 39 1
17 10 1
38 2 0
25 16 1
30 4 0
29 65 1
63 8 1
10 53 0
22 7 0
56 53 0
58 18 0
9 10 0
20 37 1
55 46 0
34 24 0
56 50 0
19 2 0
38 8 0
69 42 1
29 27 0
2 56 1
10 62 0
32 3 0
62 41 1
65 6 1
56 12 0
65 26 0
44 66 1
62 18 1
62 25 1
45 32 1
37 62 0
26 15 1
2 38 0
21 69 1
23 38 1
28 39 0
61 28 1
10 35 0
57 28 0
52 58 1
24 24 1
15 54 1
48 59 1
2 52 0
26 19 1
26 2 1
54 69 0
23 15 1
65 69 0
5 6 1
63 25 0
41 46 1
10 37 1
29 24 1
3 45 0
68 48 1
24 38 0
26 64 1
61 30 1
64 41 0
39 4 0
26 31 0
5 19 1
18 4 1
33 11 0
27 39 1
23 46 1
13 14 1
62 69 0
4 35 1
14 19 1
33 65 0
66 10 0
36 47 0
53 62 1
39 4 1
64 32 1
51 70 0
18 7 1
70 67 0
60 42 0
28 51 0
10 13 0
27 16 1
34 51 1
44 29 1
63 10 0
12 25 1
64 7 0
52 7 0
27 7 1
28 34 1
41 16 0
33 11 1
64 10 0
42 18 1
13 41 1
49 61 0
11 49 0
47 48 1
2 65 0
59 42 0
2 43 1
49 18 1
66 68 0
4 45 0
12 17 1
32 68 0
9 47 0
2 48 1
63 31 0
33 31 1
38 19 1
41 68 1
7 61 1
9 33 1
14 63 1
33 61 0
11 43 1
68 58 0
57 54 1
4 68 1
49 61 1
9 69 1
59 65 1
58 10 0
67 41 0
25 11 1
24 12 1
39 9 0
6 24 1
39 62 1
52 60 1
53 8 1
24 40 0
69 55 1
2 62 1
45 21 1
60 40 1
18 54 1
53 15 0
43 31 1
28 51 1
14 25 0
47 22 0
44 21 1
35 46 1
63 33 1
40 21 1
50 6 1
40 11 1
7 12 0
23 46 0
55 67 0
15 13 1
26 32 1
7 41 0
28 60 1
56 49 0
55 28 1
16 18 1
50 29 0
34 51 0
67 62 1
44 9 1
21 70 1
5 66 1
60 68 0
58 67 1
56 25 1
25 20 1
13 9 1
14 40 1
67 56 0
33 22 1
55 23 0
28 60 1
17 2 1
40 32 1
38 64 1
65 17 0
6 61 0
36 42 0
47 31 1
46 13 0
59 27 1
51 14 1
22 62 0
55 33 1
25 12 0
49 29 1
69 13 0
38 26 1
30 32 1
40 25 1
21 36 0
53 18 1
64 37 1
53 25 1
37 66 1
35 18 0
7 58 0
4 17 0
31 27 1
12 52 1
68 56 0
7 2 1
68 2 1
26 14 0
52 49 0
2 13 1
3 69 1
33 51 0
13 61 0
49 4 0
42 63 1
57 47 1
59 39 1
57 33 1
20 10 0
23 2 0
34 46 0
68 59 1
70 60 1
60 47 0
58 13 0
62 54 1
7 68 0
39 62 0
21 44 1
28 5 1
31 20 0
53 40 1
11 47 0
31 23 1
5 28 1
46 66 1
49 62 1
68 55 0
28 49 0
69 4 0
44 62 1
40 43 0
20 37 1
6 21 0
51 22 0
64 9 0
3 63 0
8 24 0
26 19 1
26 7 1
39 37 1
2 32 1
33 55 1
43 13 1
69 29 1
35 36 0
46 17 0
22 28 0
6 46 0
6 26 0
38 69 1
10 60 1
13 50 0
4 30 1
4 18 0
17 36 1
61 37 1
3 54 0
3 36 0
30 38 0
60 23 0
31 20 1
59 68 0
53 22 1
24 45 1
40 25 0
54 10 1
3 68 1
62 34 1
60 68 0
34 42 1
66 23 1
60 68 0
67 56 0
53 37 1
4 28 1
39 59 0
42 67 1
11 58 1
35 35 1
67 24 0
51 8 1
42 10 1
9 48 1
12 12 1
32 59 1
69 32 0
10 30 1
28 32 0
53 46 1
34 4 0
24 37 1
39 66 0
15 38 1
46 43 1
13 57 1
35 17 0
7 13 1
35 23 0
67 14 0
19 3 0
63 57 1
44 18 0
53 4 1
40 38 0
38 54 0
9 60 0
25 51 1
69 69 0
58 40 0
64 59 0
20 20 1
22 12 1
25 9 1
58 52 0
30 63 0
29 32 1
62 36 1
47 54 0
17 68 0
67 64 1
34 50 1
4 54 1
26 33 0
49 36 0
54 35 1
29 69 1
2 58 1
21 67 0
41 52 1
30 36 1
22 51 1
44 59 0
70 20 1
37 49 1
59 36 0
5 37 1
70 15 0
67 18 0
32 9 0
39 58 0
44 21 0
56 58 0
40 40 1
49 52 0
37 14 1
22 2 0
66 37 1
67 21 1
70 21 1
41 13 1
20 3 0
49 38 0
45 10 0
17 14 1
31 16 1
63 42 1
2 44 1
26 51 1
13 18 1
15 7 0
15 36 1
35 34 1
17 23 0
25 67 0
2 28 0
23 24 1
39 33 0
4 35 1
15 63 0
37 45 1
12 68 1
21 4 0
33 10 0
15 8 0
28 37 1
65 29 0
50 2 1
27 24 1
48 59 1
54 65 1
11 33 0
62 13 1
18 50 1
29 42 0
13 50 1
46 57 1
51 38 0
24 68 1
36 44 0
58 14 1
29 29 1
51 25 1
63 59 1
4 47 1
36 37 1
3 36 1
25 66 0
70 41 0
48 4 0
31 55 1
44 47 1
47 19 0
41 25 0
27 39 1
33 63 0
9 66 0
19 29 0
17 39 0
29 17 1
23 13 1
59 56 0
46 10 0
7 44 1
34 14 1
10 70 1
31 34 1
4 38 0
17 49 0
37 70 1
11 69 0
20 66 1
62 8 0
52 8 1
28 27 1
59 46 1
69 16 0
53 2 0
58 3 1
29 36 0
63 45 0
20 47 1
8 52 1
42 48 0
48 7 1
51 29 1
70 47 0
2 51 0
13 58 0
55 42 1
31 22 0
21 3 1
50 19 1
38 46 0
63 46 1
64 6 1
38 51 1
47 12 0
31 40 0
17 44 0
26 56 1
48 2 1
2 41 1
25 42 0
39 24 0
17 44 1
57 18 1
55 58 0
64 21 0
40 27 1
26 5 1
64 61 1
20 4 1
69 26 0
7 65 0
40 30 0
3 54 0
25 7 0
19 38 0
43 9 0
61 43 1
2 15 0
18 53 1
38 17 1
9 55 1
11 25 0
8 26 1
38 48 1
43 68 0
53 59 0
29 10 0
37 52 0
2 20 1
33 29 1
20 42 0
10 33 0
55 50 0
31 48 1
47 29 1
19 48 1
45 19 1
66 30 1
3 28 1
49 26 0
21 51 1
16 15 1
3 9 0
53 37 1
68 35 1
7 70 1
6 13 1
37 21 0
67 70 1
19 37 1
50 19 1
23 16 0
35 55 1
42 36 0
61 2 0
45 25 1
27 61 0
52 26 0
28 38 0
69 40 0
6 17 1
21 19 1
36 46 0
24 45 1
42 64 0
48 32 1
35 3 0
15 6 1
69 55 1
54 27 0
62 11 1
2 14 1
66 24 1
64 34 1
53 4 0
8 54 1
58 45 0
59 56 0
62 53 1
62 13 0
48 52 0
70 65 0
57 52 0
6 36 0
15 18 0
23 56 1
61 21 0
36 58 0
63 31 1
64 32 0
2 57 0
27 64 0
13 48 1
48 59 1
34 42 0
62 30 1
48 15 1
23 40 1
11 68 0
20 63 0
29 30 0
11 8 0
14 2 0
67 21 1
67 21 1
9 13 0
14 14 1
27 19 1
66 35 1
47 50 1
65 3 1
48 44 1
47 25 0
28 34 0
2 12 1
19 62 0
68 25 0
57 44 1
33 12 0
20 43 1
42 9 0
65 35 0
55 59 0
64 52 0
38 58 0
69 56 0
10 3 1
28 28 1
62 13 0
54 61 0
22 19 1
33 5 0
14 9 0
17 7 0
33 34 1
45 8 0
32 52 1
52 18 1
57 46 0
66 11 1
70 3 1
38 47 0
21 64 0
54 24 1
22 58 0
53 11 0
66 51 1
13 5 1
69 55 1
17 68 0
8 28 1
46 6 1
60 62 0
19 10 1
18 46 1
8 25 0
48 5 0
21 10 1
60 69 1
15 60 0
21 8 1
10 60 0
37 67 0
17 31 0
64 46 0
37 45 1
21 2 1
63 29 0
58 4 0
69 44 0
32 4 0
12 53 1
64 39 0
57 46 1
62 53 1
64 38 1
47 49 1
49 6 0
54 60 1
50 70 0
69 61 0
17 19 1
8 14 0
59 54 0
4 26 0
12 28 1
56 47 0
25 27 0
18 14 0
54 15 0
68 68 0
24 61 0
47 20 1
9 45 0
63 35 0
61 13 1
11 57 0
2 8 0
49 44 0
63 12 0
32 9 1
62 57 1
65 62 0
2 34 0
30 60 1
2 43 1
45 7 0
65 16 0
5 44 0
30 61 0
31 65 1
51 34 0
24 65 0
28 48 0
11 7 1
70 7 0
14 12 0
8 18 1
67 9 1
30 29 0
36 65 1
58 3 1
14 2 0
58 32 0
17 59 0
56 39 1
25 27 0
15 60 0
34 5 0
16 40 1
43 70 1
37 54 0
54 27 0
57 70 1
15 69 0
17 22 0
58 25 0
57 69 1
40 6 1
46 41 1
25 51 1
37 58 1
20 30 0
23 31 0
12 15 0
4 35 1
15 2 0
49 69 1
50 41 0
18 53 1
25 60 0
10 40 0
33 21 0
53 40 0
52 70 1
6 17 1
70 23 1
47 64 0
61 49 1
40 10 0
35 64 0
15 61 1
23 67 0
60 20 1
33 20 1
46 63 0
15 59 1
47 28 1
40 52 1
68 47 1
29 58 1
22 12 0
53 29 1
26 46 1
60 7 0
70 13 1
18 20 0
64 7 1
23 43 1
25 7 1
48 34 1
25 41 0
37 68 1
15 37 0
38 39 1
33 41 1
11 26 0
8 5 1
64 7 0
63 57 0
64 51 1
62 8 0
50 45 1
42 29 1
36 26 1
27 40 1
2 39 1
5 56 0
53 25 0
26 63 1
27 68 1
58 20 1
57 11 1
63 35 1
67 10 1
15 15 1
53 60 0
33 42 1
45 24 0
70 37 1
54 5 0
57 4 1
48 47 0
67 34 0
39 47 1
44 31 0
23 68 0
53 4 1
24 59 1
37 40 0
31 20 1
68 35 1
50 65 0
25 4 0
16 61 1
2 24 0
36 50 0
64 69 1
65 56 1
12 21 0
57 43 1
50 49 0
10 16 1
15 44 1
63 42 1
17 59 1
23 45 0
55 8 0
5 40 0
57 12 0
41 19 1
43 34 0
21 57 0
26 65 1
59 36 0
38 67 0
49 57 0
29 53 0
37 19 1
34 49 1
29 22 0
5 60 0
21 21 0
58 22 1
10 59 0
19 66 1
26 63 0
27 47 1
8 32 1
57 26 0
44 3 1
23 62 0
21 36 1
70 11 0
66 51 1
31 9 1
56 5 1
65 30 0
6 40 0
15 2 1
20 11 0
47 32 0
67 28 1
54 24 0
61 65 0
60 55 1
8 42 1
64 44 0
17 8 0
30 52 1
9 26 1
43 61 0
39 26 1
64 20 1
42 65 1
26 2 1
32 37 1
53 39 0
2 50 0
46 61 0
59 16 1
45 39 0
30 54 1
44 37 0
42 34 0
22 2 0
68 62 1
54 29 1
56 5 0
33 69 0
46 48 1
55 27 0
16 23 0
53 9 0
34 64 1
15 58 0
52 47 1
25 40 1
55 15 0
26 31 0
3 24 1
35 9 0
63 8 1
65 19 1
20 34 1
65 30 0
13 44 1
24 50 0
6 57 0
21 21 1
31 3 0
70 67 1
13 48 0
15 48 0
23 20 0
62 34 0
40 28 1
59 9 0
69 54 1
14 69 0
30 46 0
40 5 1
22 5 0
4 2 0
60 68 1
2 46 1
58 63 1
64 41 1
24 31 0
58 11 1
11 62 0
35 14 1
22 30 1
38 11 0
30 69 1
69 2 1
43 46 0
44 53 0
2 12 1
45 44 1
61 40 1
62 47 1
55 41 0
24 7 1
70 36 0
30 16 1
37 16 0
47 59 0
9 63 0
55 30 0
61 54 1
69 28 0
35 43 0
67 8 1
50 29 1
32 50 0
34 8 0
26 42 1
48 26 1
68 28 0
42 10 1
55 57 0
40 14 0
24 7 0
31 51 1
56 65 0
65 37 0
17 25 1
28 31 1
32 54 0
14 27 0
43 8 0
54 17 0
47 29 0
55 5 0
18 43 1
19 47 0
9 10 0
11 18 1
56 70 1
46 19 0
14 70 0
44 15 0
48 63 0
53 7 1
62 59 0
59 22 0
23 40 0
24 61 0
18 67 0
16 42 0
28 64 0
5 37 0
43 7 1
56 47 1
46 43 1
19 57 1
69 3 1
4 56 1
53 68 0
39 29 0
12 21 0
61 10 0
23 68 1
40 53 0
17 12 0
53 62 1
45 3 1
67 28 1
51 48 0
25 33 1
38 26 0
57 45 0
8 61 1
36 4 0
14 58 1
60 34 1
65 68 1
17 9 0
39 43 0
3 21 1
35 39 1
56 55 0
23 65 0
54 48 0
36 28 0
68 2 1
24 4 1
16 18 0
52 22 0
3 44 1
11 5 1
17 40 1
17 6 0
45 62 0
50 49 1
28 56 1
32 56 0
31 14 1
3 12 1
59 63 1
27 64 1
51 7 0
23 57 1
58 60 0
35 19 0
7 8 1
35 31 1
16 33 0
26 70 0
66 32 1
45 51 1
12 32 0
45 2 0
39 65 0
14 65 0
46 45 0
20 70 1
65 58 0
64 62 0
6 4 0
42 30 0
66 22 0
11 19 0
60 52 1
27 5 0
4 19 0
64 8 0
35 70 0
52 21 1
25 27 1
64 17 0
2 59 0
53 62 0
55 27 1
45 2 1
67 19 0
20 68 0
10 40 1
48 56 0
57 4 0
45 8 1
44 62 0
67 34 0
8 50 0
16 57 1
18 50 0
22 44 0
34 15 1
69 64 0
8 22 0
40 10 1
26 35 1
52 3 1
62 43 0
38 5 1
21 17 0
63 62 1
52 3 0
24 67 1
6 17 0
52 16 0
23 58 0
18 47 0
43 25 0
4 40 1
30 18 1
15 63 1
52 23 1
56 64 1
64 15 0
23 46 1
34 40 0
9 26 0
27 35 1
35 27 1
21 18 0
45 22 0
10 2 1
20 57 1
36 19 0
9 40 0
48 60 0
58 46 0
24 39 1
38 6 1
57 62 0
48 29 0
33 20 0
4 9 0
7 35 1
54 24 1
25 16 1
15 2 0
65 15 0
39 15 1
58 55 1
31 11 0
31 37 1
68 21 0
39 10 0
14 56 1
12 40 0
47 12 1
67 16 0
67 32 0
52 3 1
29 63 0
17 51 0
59 2 1
56 47 1
66 36 0
13 67 1
27 9 0
41 41 0
30 24 1
34 38 1
24 64 1
52 42 1
40 28 0
51 39 0
58 41 0
5 38 1
25 31 1
64 33 1
51 30 0
43 58 0
2 8 0
10 22 0
39 26 0
49 20 0
61 23 0
15 61 0
60 48 1
18 15 0
4 28 0
16 56 1
29 57 1
36 7 0
14 23 1
4 41 1
69 39 0
45 39 1
67 38 1
26 65 1
55 42 0
2 48 1
10 50 1
14 22 1
2 38 0
66 57 1
44 30 1
39 9 0
12 22 0
28 25 1
20 16 0
29 40 0
58 31 0
33 36 0
2 27 0
16 28 0
52 18 0
36 21 1
53 43 0
50 6 0
4 36 1
67 17 0
8 70 0
42 68 1
3 59 1
68 61 0
26 23 1
57 65 0
53 36 0
23 29 1
29 33 1
36 43 0
31 60 0
68 46 1
61 56 1
33 68 0
7 24 0
52 57 0
60 22 1
57 44 1
30 18 0
28 27 1
5 66 0
19 13 1
2 7 1
16 18 0
16 48 0
69 59 1
44 6 1
54 18 0
46 33 0
60 18 0
38 11 1
12 49 1
14 34 0
13 69 0
48 43 0
27 10 0
18 53 1
55 60 1
52 37 0
53 26 0
56 10 1
22 61 0
55 26 1
38 18 0
51 56 1
9 6 1
28 39 1
9 68 0
52 66 0
12 52 0
60 39 1
27 49 1
24 12 0
12 62 1
21 12 1
66 46 0
46 60 0
41 23 1
38 17 0
23 38 1
61 46 0
62 45 0
50 30 0
64 35 0
24 59 1
56 49 1
27 29 1
18 16 1
33 42 1
13 38 1
30 61 0
61 29 0
45 65 1
43 25 0
55 66 1
17 12 0
16 31 0
17 51 1
26 47 0
12 12 1
60 40 0
36 30 0
4 17 0
18 14 1
35 31 0
64 15 0
70 58 1
56 43 0
4 61 0
64 29 0
6 12 0
19 49 1
21 18 0
66 41 0
46 54 1
38 27 1
70 17 0
32 65 1
44 52 0
12 53 0
19 55 1
59 56 1
22 64 1
20 20 1
35 34 1
16 30 1
45 56 1
9 32 0
29 27 0
2 23 0
53 6 0
28 70 1
53 9 1
32 37 1
40 67 0
28 18 1
43 46 0
15 18 0
2 61 1
54 32 0
37 50 0
55 30 0
12 14 1
69 70 1
58 65 1
51 5 1
10 54 0
30 19 0
18 58 1
65 57 1
60 21 0
43 65 1
5 40 1
22 10 0
39 64 1
27 6 1
67 37 1
8 9 0
65 20 1
52 57 0
22 15 1
4 69 0
50 2 1
54 68 1
2 64 1
35 28 0
26 2 0
20 32 0
47 27 0
16 65 0
24 55 0
40 25 1
19 34 0
59 47 1
31 5 0
3 15 0
19 63 1
31 21 1
31 59 0
56 10 0
2 31 1
22 43 0
32 40 1
6 11 1
21 47 1
51 3 0
57 51 0
50 55 1
61 36 0
35 46 0
48 65 1
69 12 1
12 27 1
44 3 0
18 61 1
53 24 1
42 67 1
3 68 0
17 57 1
24 10 1
53 23 1
64 65 1
21 44 1
18 52 1
59 26 0
46 2 1
11 20 1
37 54 0
15 23 1
33 40 1
62 37 0
39 27 1
32 22 0
30 26 0
2 44 1
58 8 0
70 12 1
47 69 1
42 7 0
69 35 0
20 24 1
61 15 1
45 41 0
36 32 0
8 67 1
45 65 1
3 64 1
26 2 1
33 51 1
37 42 0
10 47 0
27 10 0
17 46 1
47 24 1
22 58 1
4 38 0
7 61 0
10 60 1
70 7 1
28 13 0
33 63 1
28 13 1
68 70 1
33 67 0
55 68 0
54 2 1
51 47 1
41 2 1
13 35 0
37 35 1
19 70 1
56 42 1
58 32 0
40 22 1
21 36 1
38 25 1
47 24 1
3 22 1
67 14 0
66 58 1
61 11 0
27 2 0
56 68 1
7 19 1
49 10 1
40 7 0
56 54 1
19 29 0
24 8 0
52 23 0
67 38 1
11 64 0
44 15 1
7 30 1
64 6 1
37 15 1
60 20 0
50 45 1
19 22 0
42 47 0
54 30 1
62 5 0
66 44 1
67 25 0
21 27 0
36 13 1
3 49 1
44 24 1
53 34 0
62 35 0
61 34 0
51 67 1
46 11 0
13 2 1
33 11 1
25 66 1
35 46 0
59 36 0
9 4 1
19 70 1
66 32 1
32 61 0
67 41 1
12 10 1
61 48 0
25 59 0
13 30 0
2 13 1
33 63 0
14 69 0
47 11 1
30 61 1
31 51 1
30 2 1
5 22 0
54 51 0
3 31 1
68 54 1
11 25 0
22 60 0
62 38 1
27 49 1
63 39 1
7 41 0
9 36 1
51 48 0
21 12 0
5 47 0
5 54 0
36 40 1
59 46 1
43 3 1
21 3 0
21 51 1
12 65 1
51 47 1
17 55 1
38 67 0
12 64 0
3 21 1
10 31 0
42 5 1
20 56 1
31 4 1
2 28 0
22 10 1
49 4 0
10 51 1
16 20 1
66 42 1
39 65 1
47 38 1
57 51 0
18 12 0
36 42 0
67 16 0
9 53 1
58 37 0
53 49 1
47 47 0
38 22 0
17 20 0
32 39 0
27 27 1
64 48 1
21 20 0
43 43 0
61 66 0
8 9 1
6 27 0
63 43 1
24 25 0
70 56 0
34 49 1
43 66 0
56 52 1
34 36 1
8 61 0
29 42 0
10 39 0
38 10 0
41 16 1
42 32 0
68 52 1
27 18 0
19 58 0
2 41 0
22 7 1
10 45 0
50 59 1
6 69 1
64 37 0
23 16 1
51 10 0
54 52 0
67 8 1
40 69 0
39 43 0
8 67 1
41 48 1
53 63 0
66 39 0
2 58 0
15 12 0
31 41 0
13 51 0
28 40 0
68 27 0
8 49 0
31 6 1
19 16 0
23 30 1
15 19 1
16 6 1
63 38 1
68 44 1
9 26 1
21 25 0
52 2 1
52 65 0
35 11 1
63 17 0
4 68 1
19 7 1
15 4 0
47 22 1
59 23 0
29 37 1
42 2 1
40 38 0
39 11 1
61 2 1
21 18 1
37 27 0
66 25 1
5 61 1
52 22 0
26 51 1
6 61 1
24 69 0
41 55 1
37 60 1
6 70 0
17 68 0
44 42 1
12 22 0
9 13 1
56 15 1
55 27 0
52 60 0
21 30 0
53 12 1
49 68 1
3 3 1
65 43 0
67 13 1
30 11 0
32 56 1
47 5 1
48 41 0
6 53 1
69 62 0
39 50 0
52 62 0
69 32 1
57 11 1
41 32 0
43 19 0
20 22 1
17 65 0
70 39 1
31 23 1
27 34 0
27 55 0
19 16 0
70 19 0
8 11 1
10 17 1
45 55 1
11 9 0
56 37 1
33 16 0
7 48 1
11 69 0
51 25 1
9 3 1
30 38 1
18 8 1
17 16 0
19 50 0
53 27 0
44 44 1
33 30 1
34 63 0
46 30 0
2 60 0
33 22 1
25 19 0
66 2 0
3 30 1
52 33 1
19 40 0
62 3 0
3 2 1
63 22 0
45 43 1
41 32 0
61 47 1
56 34 0
67 46 0
4 15 0
16 49 0
65 40 0
11 49 0
14 13 0
33 53 1
7 26 1
14 38 1
9 66 0
28 38 0
68 64 1
60 37 1
28 42 0
46 50 0
35 31 0
26 43 0
67 48 0
43 35 0
20 30 1
56 43 1
17 44 1
68 2 1
57 13 1
10 53 0
41 66 0
11 20 1
60 27 1
47 47 0
65 12 0
49 44 1
30 2 1
35 8 0
54 51 0
36 69 1
36 16 1
50 68 0
44 9 1
2 8 1
59 4 0
57 33 0
12 58 0
69 3 0
14 70 0
61 24 0
36 8 1
58 63 1
31 62 1
56 25 1
55 50 1
28 50 0
53 45 0
39 68 1
19 17 0
19 17 1
27 5 1
13 24 0
59 67 0
3 24 1
36 3 0
34 56 1
28 31 0
45 60 1
34 60 1
2 67 0
25 22 0
52 4 0
42 6 0
52 2 1
68 69 0
42 69 0
24 13 1
18 22 0
31 8 1
49 64 0
43 52 0
39 51 0
2 16 1
58 45 0
21 2 0
8 54 1
43 2 1
28 70 0
43 54 1
33 6 0
37 40 0
58 8 1
68 22 1
28 5 0
15 11 0
67 27 0
18 14 0
48 30 0
20 36 1
50 3 1
16 11 1
15 30 1
52 68 0
46 7 0
31 67 0
7 43 1
24 26 0
23 23 0
30 9 1
54 36 0
56 16 0
13 29 1
17 46 1
66 44 0
39 48 0
49 55 1
60 17 0
3 36 1
57 30 0
44 33 1
19 70 1
28 15 1
52 59 0
68 51 1
13 8 1
36 31 1
19 5 0
50 58 1
51 29 1
59 65 1
63 17 0
22 70 1
31 68 0
66 65 1
48 6 1
26 66 1
69 22 1
70 51 0
6 16 1
51 62 0
17 58 0
35 53 1
31 16 0
47 47 1
49 57 0
18 42 0
59 7 0
68 31 0
51 58 1
21 64 0
56 25 0
45 20 1
45 10 0
53 34 1
8 64 0
23 44 1
43 69 1
4 18 0
58 60 1
65 18 0
29 32 1
66 42 1
13 41 0
52 56 1
4 50 1
51 8 0
44 60 0
66 20 1
12 62 1
51 59 1
22 14 0
15 12 1
68 66 1
38 57 1
37 63 1
39 8 1
17 49 0
47 13 1
17 68 1
49 20 0
43 16 1
42 54 0
29 38 1
4 70 0
33 14 0
22 32 0
31 21 1
70 23 1
39 16 1
4 24 1
32 41 0
42 37 1
33 3 1
4 17 0
10 57 1
49 30 1
6 40 0
53 67 0
60 14 0
19 67 1
5 13 0
52 5 0
8 17 1
43 50 1
2 58 1
47 67 1
69 5 0
19 25 1
55 7 0
2 13 1
44 34 0
36 4 0
23 54 1
44 25 1
33 23 0
21 60 0
16 9 1
30 4 1
66 41 1
64 29 1
32 38 0
56 7 1
22 38 1
53 24 0
17 55 0
10 21 0
13 56 0
3 12 0
30 59 0
18 59 0
17 54 1
7 36 1
28 42 1
25 24 0
60 10 0
34 8 1
8 56 0
55 67 0
57 28 0
17 8 0
30 19 1
14 41 1
4 45 1
27 63 0
62 30 1
55 62 0
8 27 1
39 8 0
12 60 0
52 51 0
15 11 0
4 18 0
60 53 0
12 51 0
38 51 0
30 41 1
63 17 1
49 19 1
43 3 0
14 70 0
14 51 0
15 51 0
39 36 1
25 47 1
18 24 1
27 51 0
18 58 0
12 67 0
44 57 0
20 54 0
56 6 0
7 6 0
66 53 0
38 42 1
48 14 1
2 5 0
5 65 1
31 6 0
22 16 0
70 35 1
39 12 0
41 28 1
64 58 1
47 66 1
5 23 1
6 62 0
10 64 1
8 2 1
44 55 1
50 65 1
19 26 1
25 12 0
29 37 0
20 12 0
24 3 0
67 17 1
57 61 1
70 9 1
28 60 1
32 64 1
30 11 0
68 29 0
58 9 1
12 64 0
55 16 0
52 36 1
70 53 1
40 28 1
2 26 0
34 61 0
22 70 0
33 54 1
56 53 1
10 14 1
43 38 1
48 23 0
61 35 1
31 26 0
13 60 0
6 10 1
31 6 0
46 32 0
25 34 0
9 29 0
28 12 0
2 53 0
31 8 0
63 48 0
31 67 1
50 57 1
36 36 1
12 68 1
22 67 1
41 44 0
9 60 0
29 70 0
30 7 0
53 50 0
50 68 0
2 19 0
44 10 1
38 7 0
8 66 1
45 33 1
8 55 0
20 14 0
60 40 1
14 2 1
21 38 0
20 50 1
16 24 1
48 37 0
32 46 1
21 53 1
6 23 1
43 14 0
23 23 1
57 5 1
17 47 0
44 7 0
21 49 1
10 54 1
25 11 1
65 32 1
48 39 0
51 37 1
17 9 1
18 25 1
8 51 1
53 53 0
66 62 1
38 30 1
55 45 1
12 9 1
39 50 0
3 26 1
60 69 1
68 33 0
44 22 1
4 45 0
19 54 1
23 23 0
39 29 1
21 9 1
20 62 1
36 29 0
8 63 1
45 6 1
4 10 0
60 69 0
39 66 0
56 6 1
54 11 0
15 29 1
3 21 0
39 43 1
53 57 1
56 8 0
54 53 1
36 19 0
10 64 0
48 68 0
59 53 0
51 2 0
53 43 0
38 56 1
25 42 0
61 8 0
25 7 1
12 44 1
40 52 1
39 7 1
25 24 0
59 9 0
62 25 1
23 49 0
19 69 1
24 21 0
13 51 0
14 56 0
16 64 0
58 25 1
59 22 1
20 50 1
27 53 0
30 57 1
58 20 1
46 54 0
32 35 0
8 47 1
37 69 1
16 2 0
69 5 0
19 42 1
28 35 0
10 53 1
47 45 1
11 43 1
33 56 0
16 4 1
29 43 1
5 52 0
22 35 1
15 54 0
5 35 1
41 27 0
2 63 1
39 57 1
53 40 1
50 32 0
22 42 1
42 16 1
28 49 1
26 28 1
45 64 1
36 2 1
18 5 1
34 61 0
38 18 1
2 55 1
60 6 0
41 63 1
11 70 0
69 50 1
31 8 1
14 8 0
19 53 0
38 28 0
48 59 0
42 7 0
13 16 1
11 68 0
2 50 1
42 39 0
44 3 0
49 38 0
37 10 0
26 43 0
13 64 1
42 13 1
34 25 0
6 16 1
70 2 1
42 10 0
30 56 0
2 7 1
39 20 1
19 13 1
27 34 1
51 23 0
8 61 0
62 53 1
60 5 0
60 4 0
59 8 1
2 10 1
57 3 1
25 57 1
9 44 1
62 46 0
38 30 1
68 11 0
35 57 0
49 59 1
8 65 1
67 27 1
15 64 0
26 53 1
27 48 0
26 21 1
17 66 0
31 6 0
48 38 0
43 11 1
42 60 0
27 59 1
6 4 0
15 42 1
54 67 1
11 47 0
67 47 1
48 37 0
29 37 0
6 63 0
15 46 0
23 44 0
35 12 1
69 32 1
7 47 1
17 46 0
68 52 0
33 24 1
10 7 1
17 40 1
18 22 0
68 35 1
40 10 1
38 15 0
52 28 1
13 13 1
16 9 1
23 70 0
56 19 1
11 25 1
15 27 1
25 27 0
12 63 1
18 62 0
54 32 0
23 61 1
61 55 0
39 24 1
13 47 0
51 47 1
19 59 0
22 2 1
33 8 1
51 18 1
23 67 0
52 68 0
63 28 0
26 39 0
45 32 1
14 60 1
18 50 0
30 46 1
61 42 1
68 56 0
11 12 0
18 70 0
70 22 1
10 12 0
47 60 0
27 58 0
8 25 1
3 26 1
2 12 0
67 30 0
30 36 0
67 2 0
36 40 0
65 61 0
24 5 1
33 50 0
9 37 1
68 53 1
30 31 0
18 69 0
67 35 0
57 27 1
30 14 0
24 52 1
49 65 0
41 24 0
44 13 0
59 29 0
33 46 1
55 17 0
9 9 0
2 68 0
68 30 0
70 44 1
61 60 0
34 61 0
67 45 0
44 13 1
29 2 1
35 39 0
38 25 1
70 15 0
31 25 0
14 62 0
63 44 1
69 8 0
64 57 1
61 57 0
65 53 0
3 55 0
33 34 0
27 37 0
13 58 0
19 15 0
11 46 0
18 45 0
52 2 1
35 48 0
23 50 1
46 27 0
58 65 0
53 7 1
23 68 1
28 66 0
40 58 0
17 14 0
40 39 1
43 58 0
57 59 0
61 66 1
68 21 1
8 53 0
12 20 0
53 35 1
68 65 0
40 28 0
59 63 0
4 31 1
5 39 0
6 53 1
30 20 1
39 25 0
4 14 0
68 69 0
36 42 0
38 27 0
6 70 1
2 63 0
5 27 1
65 37 1
58 21 1
20 52 1
36 5 0
15 41 0
56 60 0
45 10 1
22 16 1
56 39 1
17 68 1
62 58 1
10 8 0
35 2 0
5 9 0
37 46 0
42 33 1
64 39 1
62 6 1
56 64 1
3 44 1
17 12 0
35 33 0
54 22 0
65 60 1
20 37 1
25 32 1
2 61 0
26 43 0
46 66 1
18 70 0
30 43 0
46 30 1
2 29 0
26 53 1
27 21 1
64 69 0
46 36 0
47 45 1
34 24 1
20 15 0
12 57 0
5 41 1
39 67 0
22 54 1
42 58 0
12 46 0
35 46 1
20 60 0
24 12 1
63 70 0
36 47 1
50 38 0
20 12 0
53 22 0
69 21 1
35 32 1
31 32 0
43 43 0
68 8 1
48 47 0
37 15 0
66 12 1
21 57 0
66 22 0
11 30 1
64 44 1
38 4 0
17 58 0
14 32 0
26 68 1
69 20 1
22 30 0
34 43 0
7 60 1
53 22 0
62 26 0
48 59 0
46 21 1
60 40 1
21 27 0
11 46 1
27 39 1
50 52 0
62 66 1
32 62 1
53 52 0
66 29 0
15 16 0
39 42 0
12 5 0
25 59 1
26 17 1
20 64 1
37 5 0
36 6 1
60 26 1
63 60 0
68 29 0
65 27 0
16 7 0
46 22 0
3 2 0
3 70 1
11 16 0
22 64 0
36 63 0
66 59 0
43 36 1
41 36 0
40 24 1
28 2 0
45 12 0
66 5 1
28 8 0
57 14 0
15 52 0
30 24 0
27 53 1
24 55 1
13 41 1
62 38 0
55 46 0
37 23 0
8 61 1
9 59 0
55 19 1
49 31 1
2 49 0
3 36 1
10 33 0
60 8 1
17 15 0
41 50 0
18 27 0
53 8 0
4 50 1
24 36 1
17 66 0
11 52 0
31 38 1
18 39 0
10 49 0
5 13 0
20 44 1
2 16 0
46 4 1
6 57 0
39 52 0
52 13 1
60 14 0
69 40 0
17 24 0
19 22 1
42 13 1
10 12 0
2 43 0
59 19 1
32 18 0
21 8 0
52 48 1
68 33 0
46 28 0
13 34 1
36 65 1
52 61 1
64 70 0
7 20 0
55 62 1
20 35 1
52 60 1
47 10 1
70 43 1
33 49 0
58 69 0
25 63 1
60 10 1
64 12 1
39 59 1
2 14 1
51 28 0
60 3 1
59 37 1
58 19 0
46 25 0
24 49 1
35 68 0
9 29 0
31 24 1
52 58 0
64 12 1
39 54 1
63 45 1
14 61 1
57 3 1
39 66 1
31 61 0
40 65 0
52 63 0
5 18 1
30 5 1
43 68 1
35 63 1
61 30 0
49 29 1
46 10 1
15 45 0
12 58 0
18 59 0
26 34 0
2 57 0
12 48 1
27 8 0
51 55 1
60 12 1
39 13 0
34 45 0
65 3 1
51 39 1
32 55 1
60 4 0
48 45 0
60 54 1
49 51 0
2 17 1
70 50 0
39 18 0
61 15 0
7 42 0
21 61 0
40 54 0
52 35 1
53 42 1
53 9 1
25 2 0
9 29 0
2 35 1
27 41 0
62 39 0
47 56 1
5 15 0
11 49 0
14 63 1
22 36 1
34 31 0
48 17 0
17 28 0
66 42 1
29 60 0
28 62 0
42 59 1
19 22 0
59 26 0
50 31 1
50 46 0
18 23 1
61 43 1
52 21 0
66 25 1
35 8 1
44 55 0
56 62 0
38 16 0
30 23 0
43 34 0
36 3 0
48 62 1
12 46 1
68 60 1
68 15 1
23 18 0
60 67 0
25 25 1
26 52 1
63 15 0
5 15 1
29 55 0
27 69 1
11 25 1
34 16 1
24 53 1
61 30 0
6 23 0
59 33 0
2 50 1
40 38 0
24 41 0
25 13 1
64 25 1
43 63 1
23 49 0
31 67 0
2 40 0
45 43 0
69 38 1
48 62 1
46 46 1
35 50 1
53 9 1
9 38 0
6 59 1
62 56 1
69 29 0
6 9 1
60 23 1
19 28 1
33 3 0
43 28 0
33 59 1
48 51 1
20 27 1
47 17 1
4 39 1
14 46 1
49 5 0
56 53 0
21 46 0
55 28 1
64 27 0
30 13 1
50 31 0
68 57 0
20 54 1
39 25 0
58 33 0
18 66 1
64 26 1
41 20 1
63 4 0
48 20 0
48 4 1
32 2 0
61 41 0
66 26 1
23 67 1
4 51 1
14 62 0
69 59 0
28 8 0
25 9 1
14 45 0
55 44 1
34 53 0
5 50 0
64 29 1
32 17 0
38 53 0
37 41 0
47 64 0
17 55 0
55 9 0
44 63 0
62 42 0
43 46 1
2 68 1
21 31 1
20 40 0
52 31 0
63 61 0
51 15 1
37 11 0
19 34 1
51 49 1
65 25 1
67 66 1
69 25 1
46 22 1
4 22 0
3 28 1
26 62 1
19 18 0
9 63 1
2 39 1
69 68 1
65 24 0
58 45 0
31 37 1
44 19 1
21 63 0
26 20 0
45 16 0
24 20 1
32 42 0
16 26 1
6 67 0
55 66 1
45 33 1
18 9 1
4 58 1
52 52 1
38 60 1
30 70 0
12 59 0
24 48 1
10 30 1
38 6 0
33 35 0
66 39 0
22 36 1
48 46 1
60 56 1
61 50 1
51 18 1
67 23 1
42 11 0
30 15 0
21 7 0
12 18 0
54 68 1
7 51 0
2 50 0
57 45 1
24 65 0
70 14 1
22 45 0
44 56 1
17 67 1
17 11 1
14 31 1
48 29 0
13 16 1
68 47 0
63 12 1
3 30 0
53 40 1
41 20 0
48 23 1
55 43 0
3 21 0
15 15 0
51 69 0
3 55 0
24 34 1
8 49 0
51 22 0
50 28 0
63 26 0
42 38 1
37 68 1
30 36 1
18 52 1
31 16 0
50 20 1
9 55 1
21 23 0
33 22 0
5 48 0
50 45 0
43 13 0
52 49 0
55 29 0
69 58 0
59 54 1
58 13 1
44 30 1
22 63 1
16 21 0
67 9 0
36 42 0
43 60 0
48 67 0
7 65 1
32 60 1
58 64 0
59 48 0
64 13 1
59 52 1
33 17 1
24 62 0
15 58 0
15 6 0
67 63 1
37 61 0
3 15 0
8 6 0
46 15 0
8 28 0
62 32 0
44 53 0
65 35 1
54 50 0
4 35 1
19 36 0
25 56 1
8 19 1
28 11 0
24 65 1
67 62 0
13 70 1
38 45 0
8 43 0
56 21 1
13 39 0
33 37 1
13 57 0
20 8 0
63 64 1
41 4 1
8 39 1
43 26 0
19 54 1
53 3 1
67 14 0
3 13 0
5 27 0
41 41 1
12 31 1
30 16 1
60 55 1
45 16 0
10 40 1
53 58 0
4 8 1
34 45 1
11 45 1
58 68 0
20 25 1
42 12 0
46 3 1
63 52 0
2 22 1
51 56 1
34 69 0
66 66 0
51 17 0
63 54 1
61 69 0
63 58 0
5 31 0
53 31 1
5 9 0
4 10 1
70 12 1
26 33 1
13 2 1
47 13 1
45 12 1
31 69 1
35 6 0
61 70 0
65 10 1
19 47 1
16 17 1
63 18 1
46 21 0
38 26 0
34 55 0
8 63 1
54 60 0
52 30 1
35 57 0
15 4 1
55 39 0
24 4 0
36 33 0
68 29 0
50 5 1
2 42 1
29 56 1
61 66 0
56 2 1
49 30 1
29 8 1
41 49 0
25 5 0
52 47 0
4 15 1
45 21 1
59 13 0
6 55 0
23 51 1
14 9 1
38 50 1
13 67 1
7 20 1
44 64 0
43 45 0
16 67 0
2 18 0
62 69 1
14 34 1
8 68 0
18 47 1
35 6 1
18 48 1
39 18 0
35 3 1
50 16 1
36 42 1
2 9 0
10 33 0
9 60 1
30 60 1
69 12 0
20 36 0
25 2 0
65 61 1
21 46 1
13 37 0
18 17 0
65 9 1
33 11 1
39 35 0
22 9 1
25 23 1
3 15 0
25 7 0
58 59 1
36 57 1
42 33 1
29 21 0
11 58 0
21 56 1
9 20 1
59 43 1
21 19 1
15 32 0
14 43 1
65 22 0
10 12 0
2 6 1
42 49 1
57 9 1
69 21 0
14 45 0
20 45 0
31 5 0
68 44 0
70 28 0
31 39 0
24 15 0
18 54 1
64 59 1
60 2 0
40 3 1
47 65 1
8 61 1
19 60 0
60 66 1
29 54 1
28 25 0
17 35 1
25 59 1
22 3 1
46 60 1
60 52 1
10 55 0
43 14 1
51 48 1
60 32 0
35 60 0
20 29 1
63 47 1
37 56 0
21 49 0
16 32 1
18 27 0
44 62 1
3 34 1
50 9 0
42 65 0
56 43 1
17 56 1
6 68 0
12 41 0
54 40 1
45 29 1
17 27 1
32 7 0
33 70 1
2 29 0
62 35 0
3 35 0
58 52 1
4 39 0
59 43 1
6 34 0
58 20 0
40 65 1
14 52 1
40 42 1
46 4 1
4 70 1
56 25 1
57 35 0
28 40 1
51 8 1
16 56 1
10 69 0
51 14 0
67 21 0
47 17 1
55 6 0
30 15 0
68 17 0
52 32 1
38 70 1
67 29 0
64 70 1
17 25 1
54 25 1
59 57 1
44 25 0
66 40 0
41 6 1
16 9 0
60 13 1
44 10 0
23 61 1
44 53 0
54 57 0
13 61 1
5 14 0
37 42 1
65 69 0
66 26 0
58 41 1
39 58 0
22 64 1
24 62 0
2 44 0
10 33 0
23 29 1
52 11 1
27 51 1
61 8 1
34 50 1
5 49 0
17 13 0
47 29 1
54 46 1
49 27 0
7 51 0
49 3 1
57 56 0
11 63 0
22 61 1
4 11 0
23 26 0
49 56 1
25 37 1
69 4 0
22 42 0
61 11 0
63 70 1
32 23 1
16 8 0
5 69 0
13 47 1
66 53 1
38 47 0
10 35 1
37 37 1
2 2 0
12 28 1
53 20 0
58 16 1
53 57 1
68 17 1
39 55 0
27 52 1
17 16 1
44 26 1
31 37 0
50 46 1
67 57 0
70 26 1
36 3 1
44 34 1
37 30 0
69 41 0
29 36 0
5 34 0
30 38 0
14 15 0
67 60 0
47 46 1
4 30 0
67 68 0
10 4 1
47 37 1
60 3 0
19 23 0
6 42 1
44 9 0
58 40 0
55 46 1
56 15 0
38 21 1
32 54 1
44 69 1
2 37 0
22 66 0
5 16 0
63 62 0
2 31 1
41 7 1
68 8 0
12 53 0
67 4 0
43 30 1
60 32 0
66 11 1
65 34 1
42 35 1
7 35 0
32 46 1
44 42 1
45 66 0
51 39 1
43 13 0
50 66 0
9 61 0
62 45 1
35 65 0
53 25 0
51 16 0
59 68 1
13 28 1
34 4 1
47 12 0
55 51 1
69 53 0
65 22 0
45 51 1
25 4 0
36 8 0
26 26 1
51 4 0
38 45 0
16 27 1
62 23 0
65 24 0
31 40 1
56 14 0
56 55 0
4 55 0
23 66 1
28 9 0
54 32 1
50 7 0
64 11 0
10 38 1
65 64 0
57 60 1
5 35 0
55 39 0
38 30 1
55 14 1
3 56 0
31 52 0
2 17 0
28 27 1
14 52 0
46 61 1
3 9 1
26 23 0
5 58 0
38 27 0
62 42 0
46 12 0
11 32 1
54 20 1
68 30 1
9 36 0
55 67 1
65 2 1
31 12 0
19 24 1
24 7 1
52 66 1
66 21 0
38 21 0
52 6 1
45 33 1
8 70 1
4 68 1
38 62 0
32 24 1
4 68 1
69 27 0
48 42 0
66 39 0
36 6 1
31 14 0
34 42 1
57 21 1
59 70 0
58 62 0
3 44 1
2 3 0
16 33 1
30 64 0
2 18 1
22 68 0
41 58 1
63 57 1
6 46 0
32 70 0
15 21 1
53 14 0
17 3 1
5 36 0
16 57 0
9 34 1
41 69 0
60 64 1
62 49 1
14 46 0
61 33 1
19 2 1
16 44 0
61 65 1
61 41 0
17 19 1
27 68 1
21 59 0
7 50 0
70 59 0
22 45 1
61 50 0
51 3 1
67 48 1
33 27 0
68 53 1
63 26 0
14 40 1
69 59 0
9 70 0
56 36 1
37 3 0
14 69 1
10 17 1
54 5 0
66 10 0
44 36 0
2 50 0
70 2 0
24 41 1
52 65 0
35 62 1
13 66 0
55 15 0
70 68 0
45 69 1
36 46 1
63 64 0
5 51 1
14 67 1
16 8 0
37 42 0
25 25 1
69 20 0
44 2 1
17 39 0
14 28 1
37 35 1
2 18 0
23 48 0
23 54 1
60 64 0
28 58 0
68 41 0
27 40 0
54 56 0
13 56 1
47 7 1
23 44 1
47 34 0
31 62 1
7 3 0
19 63 1
54 45 0
15 25 1
12 43 0
20 57 0
45 65 0
58 38 1
57 3 1
62 35 1
41 21 1
66 68 1
28 12 1
57 57 1
3 36 1
4 11 0
68 30 1
69 9 1
35 17 1
30 48 0
18 11 1
63 62 0
27 59 0
20 12 1
19 24 0
16 8 1
59 39 1
65 58 0
28 19 1
22 70 0
15 45 0
50 33 0
20 12 0
67 53 0
14 15 1
36 23 1
29 55 1
11 25 0
19 21 0
46 54 0
26 3 0
35 12 0
23 31 0
45 61 0
55 58 0
56 63 0
59 61 1
46 10 1
44 7 0
25 30 1
23 67 1
43 7 1
31 47 0
17 64 1
22 6 1
50 28 1
31 60 0
2 6 1
42 18 1
50 18 0
38 42 0
18 65 1
11 2 0
69 49 0
21 50 1
45 26 1
62 24 0
4 7 0
8 41 0
41 7 1
13 40 1
4 22 1
40 28 0
32 36 0
23 7 0
42 31 1
27 39 1
28 55 0
22 21 0
48 3 0
61 2 0
30 60 0
6 38 0
19 28 0
3 56 1
47 14 1
42 70 1
32 52 0
16 2 0
2 49 1
22 33 0
55 53 0
24 27 1
21 68 0
68 16 1
22 64 0
62 66 1
50 50 1
6 43 0
34 40 0
47 57 0
65 54 0
33 34 1
28 2 0
15 58 1
68 61 0
29 10 1
7 23 0
57 17 0
14 4 1
10 26 1
18 18 0
68 59 0
32 24 0
8 16 0
3 53 1
61 16 1
64 42 1
19 50 1
42 32 0
36 5 0
70 24 1
36 37 0
39 27 0
54 26 0
41 44 0
67 25 0
63 14 0
68 34 1
4 61 1
46 47 0
41 13 0
6 47 0
40 44 1
10 66 1
3 25 0
47 55 1
30 27 0
69 34 1
54 20 1
9 66 1
44 54 0
47 14 0
30 36 0
67 70 1
38 2 1
21 53 0
18 35 1
6 25 0
18 47 0
30 27 1
43 34 1
57 25 1
44 43 0
27 62 1
22 66 0
20 45 0
21 40 0
6 41 1
69 31 1
52 7 1
38 41 0
32 70 1
51 9 0
42 63 1
7 7 1
31 35 1
63 40 0
2 49 0
47 24 1
46 13 0
33 17 0
8 68 1
62 3 1
30 51 1
8 7 0
34 69 0
35 2 0
39 24 0
15 62 1
43 29 0
3 33 1
31 49 0
53 14 1
34 44 0
66 58 0
38 31 0
24 62 1
53 53 0
15 67 1
49 18 0
30 62 1
20 60 0
22 18 0
60 19 0
4 2 0
19 29 1
48 10 1
51 30 0
13 16 1
22 18 1
6 48 1
63 65 1
29 28 0
67 26 1
59 65 1
22 64 0
34 56 0
33 54 1
45 34 1
52 4 0
37 61 0
37 70 0
58 20 0
46 49 1
31 59 0
14 31 1
34 61 0
53 2 1
58 6 0
34 26 1
28 5 1
68 17 0
17 27 0
38 12 1
66 42 0
58 39 0
50 45 1
59 51 1
21 66 0
44 33 0
12 6 0
52 24 0
40 19 0
21 41 1
22 45 0
66 37 0
64 37 1
64 58 0
59 12 1
30 32 1
35 38 0
36 53 1
38 30 1
6 49 1
21 61 1
49 44 1
65 16 1
2 34 0
51 28 0
34 32 0
56 11 0
13 49 1
18 27 1
5 58 0
37 7 0
42 10 1
38 16 1
43 6 1
50 18 1
31 33 1
53 70 0
64 13 1
6 5 1
48 60 0
7 37 1
42 62 0
54 59 0
27 18 0
8 26 0
66 37 0
2 38 1
11 70 0
32 43 1
61 67 0
41 61 0
30 7 0
24 16 1
17 17 0
65 11 1
32 55 0
48 56 1
53 16 1
12 46 0
28 43 1
61 67 0
21 4 0
16 29 1
11 55 1
34 60 1
69 69 0
58 31 0
60 54 1
17 36 0
35 64 1
26 9 0
60 42 0
59 69 1
35 65 1
13 41 0
7 57 0
63 64 0
33 41 1
8 68 1
36 67 1
42 49 1
33 33 1
47 63 1
39 4 1
34 65 1
2 47 1
23 59 1
65 43 0
60 52 1
30 66 0
24 61 0
41 54 0
70 3 0
63 27 1
35 53 0
12 19 1
34 39 0
5 21 1
56 11 1
14 38 0
68 17 0
34 40 1
24 26 0
66 5 1
58 14 0
68 46 0
26 65 1
25 33 1
60 65 0
11 56 1
28 17 1
62 5 0
36 55 0
35 27 0
28 6 0
40 29 1
33 19 0
34 62 1
60 33 0
19 59 0
54 44 1
61 44 0
27 66 0
50 21 1
11 2 1
29 39 0
41 25 0
2 27 0
40 44 1
16 21 1
29 52 1
27 38 1
8 45 0
11 40 0
37 4 0
52 49 1
22 31 1
58 64 0
17 5 1
15 68 0
52 33 1
64 24 1
19 20 1
69 58 0
23 44 1
36 4 1
28 2 1
42 37 0
13 32 0
49 68 0
31 59 1
27 3 1
9 45 0
7 34 0
10 67 0
4 17 0
63 67 1
13 58 1
37 38 0
12 59 1
41 14 0
53 34 1
40 35 0
23 33 1
6 33 0
46 13 1
30 29 1
62 50 1
40 7 0
2 50 0
56 49 0
62 33 0
43 6 0
64 17 0
14 43 0
15 8 1
43 56 1
63 22 0
34 25 1
68 67 0
25 32 1
16 41 1
4 46 0
21 28 0
12 14 1
37 58 1
37 46 1
44 14 0
4 4 0
2 56 0
64 2 1
52 32 1
57 22 0
42 9 1
46 69 0
26 5 0
37 4 0
30 12 1
47 11 0
15 33 0
17 61 1
12 26 0
9 40 0
12 54 1
4 44 1
30 70 1
19 3 1
6 14 0
43 8 0
18 29 0
28 2 1
51 28 0
17 48 0
47 68 0
67 29 0
44 27 1
17 30 0
17 16 1
63 35 0
12 5 1
65 67 0
61 47 1
64 31 0
70 45 0
13 20 0
63 54 0
70 3 1
33 28 1
68 17 0
43 11 1
27 52 1
56 58 1
35 25 1
23 7 1
13 46 1
42 3 1
23 2 1
42 69 0
47 5 1
4 40 0
2 33 0
30 57 0
61 39 0
20 39 1
25 70 1
66 11 0
58 30 1
43 4 1
18 43 0
18 4 0
68 41 1
4 21 0
55 2 0
45 68 1
2 54 1
48 63 0
69 12 1
11 20 0
15 42 0
28 6 1
67 53 0
37 68 1
26 6 1
57 16 1
30 43 1
5 63 1
55 4 1
47 70 1
30 68 1
53 46 1
34 35 0
44 18 1
51 13 0
12 40 1
22 62 0
32 45 1
47 22 0
47 13 0
56 27 1
63 26 1
58 56 1
54 41 0
3 50 0
60 47 1
66 14 1
47 33 1
39 21 1
22 2 0
58 24 0
46 12 0
33 22 1
57 25 0
40 55 1
37 67 0
65 17 1
58 23 1
4 27 0
52 19 1
69 61 1
47 47 0
61 65 0
7 59 0
58 47 1
67 43 0
16 43 1
11 29 0
53 52 0
2 25 0
23 10 1
66 55 1
16 41 0
47 60 1
49 65 1
51 38 0
21 28 0
49 22 0
27 31 1
39 9 0
7 21 1
17 40 1
63 6 0
