70 4830 17
69 22 0
1 50 1
55 34 1
8 36 0
52 32 1
69 53 1
21 31 1
34 34 0
5 38 1
7 2 1
9 65 0
19 30 1
11 33 1
62 42 1
47 20 0
22 45 1
42 40 0
31 7 1
4 61 1
46 41 0
2 53 1
31 60 0
48 47 1
32 7 1
50 64 0
2 16 1
18 7 1
62 48 1
61 22 0
37 19 0
62 37 0
38 11 1
52 44 0
23 41 1
42 64 0
44 67 0
38 66 0
22 27 0
69 3 1
32 69 0
25 70 0
31 2 1
18 21 1
35 47 1
21 42 0
63 23 1
50 35 1
65 16 1
56 15 1
43 28 0
7 59 0
28 43 1
62 60 1
3 45 0
37 62 0
64 46 0
60 44 0
4 52 1
33 62 1
70 17 0
17 48 0
28 59 0
59 61 0
9 38 1
60 9 0
31 57 0
48 46 1
68 56 1
5 45 0
48 45 0
33 59 1
37 40 0
13 2 1
25 69 1
61 53 0
58 36 0
25 62 1
13 62 0
25 48 1
22 27 1
7 64 0
20 46 0
67 43 0
51 27 0
10 64 0
20 26 0
50 7 0
42 6 0
26 56 1
23 26 1
32 70 0
44 35 0
35 35 1
41 6 0
24 47 0
15 68 0
50 57 1
13 54 1
2 5 0
50 48 0
58 8 0
29 5 1
5 27 1
20 31 0
32 50 0
7 61 1
2 20 1
70 62 0
3 13 0
51 37 0
8 22 0
13 5 1
22 55 0
14 3 0
53 40 0
10 39 0
57 37 1
17 27 1
7 21 0
36 6 0
23 34 1
46 35 0
55 13 0
52 40 1
31 17 1
53 47 0
23 67 1
46 44 1
54 33 0
3 70 0
40 28 0
70 18 0
59 9 0
51 39 1
59 7 0
20 28 0
21 24 0
45 38 1
16 69 1
42 38 1
47 21 0
70 15 0
7 23 1
16 13 1
6 35 1
27 70 1
64 15 1
53 14 1
64 61 0
70 35 1
16 4 0
2 14 1
40 61 0
56 27 1
31 24 0
57 55 0
10 44 1
51 55 1
61 10 0
58 41 0
44 31 0
21 45 1
58 50 1
54 37 1
21 20 0
22 60 0
9 64 1
52 7 0
58 43 0
28 31 0
33 59 0
23 62 1
8 41 0
68 55 0
9 49 0
36 11 1
44 23 0
54 40 0
46 5 1
53 70 0
68 18 1
23 2 0
47 27 0
24 15 1
62 33 1
35 46 1
4 16 1
21 4 0
45 12 0
45 23 1
30 26 1
11 50 0
51 44 1
29 35 1
26 21 1
25 2 0
67 33 1
60 70 1
35 5 1
46 58 0
21 12 1
40 61 0
55 50 1
57 42 1
22 57 1
30 43 1
41 42 0
30 52 0
32 33 1
19 49 0
65 59 0
54 20 1
53 18 1
17 31 0
39 55 0
45 17 0
21 21 1
23 20 0
50 8 0
2 16 1
22 37 1
17 23 0
11 62 1
10 42 0
46 57 1
52 40 0
63 66 0
40 70 1
25 70 1
47 29 1
41 45 0
37 45 0
31 13 1
16 60 0
53 59 0
19 55 0
68 49 1
17 26 0
58 68 1
18 10 1
55 8 1
30 52 0
26 50 1
14 46 1
29 69 1
42 2 1
28 26 0
42 52 0
9 35 1
40 42 0
54 41 1
41 46 0
54 2 1
45 15 1
57 38 0
65 70 1
16 5 0
66 4 1
9 57 0
23 69 0
13 12 1
2 11 0
56 63 0
40 34 1
18 61 1
10 14 0
14 64 0
48 19 1
35 43 1
18 23 0
57 42 1
2 57 1
23 57 1
29 2 1
11 4 0
45 58 1
47 12 1
24 4 0
36 4 0
21 22 1
70 25 1
68 7 1
42 23 1
33 43 1
34 69 0
69 9 1
16 12 0
54 45 1
62 64 0
46 56 1
9 6 1
64 52 0
66 26 1
44 34 0
8 24 1
13 10 0
43 10 0
66 59 0
35 10 0
47 22 0
23 51 1
60 57 0
12 31 0
27 2 0
67 29 1
53 47 1
54 69 1
21 12 1
39 45 1
57 6 1
58 34 0
59 39 0
6 62 1
51 37 1
35 35 1
52 11 1
38 56 1
6 48 1
45 49 1
59 45 1
29 36 0
47 26 1
33 59 0
29 61 1
11 41 0
59 60 1
63 42 1
50 42 0
6 15 1
47 64 1
22 60 0
41 33 0
29 54 0
8 45 0
60 44 1
17 69 1
57 67 0
37 56 0
51 2 0
12 56 0
20 54 1
35 33 1
27 47 0
53 27 0
67 16 1
27 7 0
36 70 1
2 50 0
18 6 0
7 41 1
55 54 0
53 24 1
65 55 0
62 40 0
4 55 0
43 2 1
59 4 1
40 17 1
46 49 0
8 27 0
49 19 1
40 67 0
9 16 1
30 14 1
63 9 1
13 22 0
45 52 0
4 31 1
32 8 1
10 54 1
55 43 1
18 34 0
60 4 0
52 31 0
33 24 0
63 34 1
24 54 1
25 26 0
48 25 0
56 26 1
2 37 1
31 59 0
31 40 0
32 23 1
24 65 0
44 36 0
59 17 1
56 6 0
52 47 0
2 42 1
12 57 1
24 60 0
32 12 0
53 46 1
26 64 1
43 7 0
63 48 1
43 22 1
51 9 0
4 56 0
41 50 0
62 3 0
55 52 1
38 57 1
20 47 0
70 65 0
26 44 0
24 13 0
38 6 1
39 21 1
38 33 1
32 33 1
48 11 0
15 32 0
40 69 1
24 67 1
25 23 1
68 14 1
28 39 1
68 10 0
55 3 0
11 15 0
54 57 1
49 64 1
26 67 1
54 58 1
36 29 1
56 63 1
19 2 0
51 53 1
31 42 0
28 49 0
6 9 1
16 13 0
28 23 0
57 55 1
11 15 0
59 62 1
2 56 1
62 66 0
4 63 0
52 70 0
56 56 1
60 51 0
44 24 1
49 63 0
7 40 1
30 35 1
69 57 0
48 31 1
38 2 1
39 35 0
41 22 1
68 41 1
11 67 1
36 46 1
43 12 1
19 13 0
49 63 1
10 44 1
28 29 1
2 51 1
32 33 1
40 15 0
34 37 0
35 29 1
34 28 0
43 41 1
60 56 1
35 8 1
50 3 0
19 29 0
14 13 0
43 53 0
64 27 1
28 10 1
16 17 1
46 67 1
8 9 0
16 9 1
31 44 0
57 4 1
29 24 0
4 65 1
37 69 0
27 62 1
22 66 1
37 29 1
38 44 0
20 2 1
48 31 1
56 51 0
9 58 1
29 62 1
64 41 0
22 44 0
26 64 0
21 58 1
64 65 1
54 27 1
53 28 1
52 3 0
62 69 0
68 53 1
7 42 0
18 69 1
70 39 1
29 52 0
12 20 0
41 11 1
31 55 1
29 46 1
66 21 1
21 17 0
46 36 1
2 22 1
13 38 1
3 34 0
3 66 0
67 40 0
29 48 0
38 24 0
25 55 0
48 56 1
39 48 1
43 56 0
29 58 1
44 28 0
16 24 1
34 9 0
58 32 0
13 4 1
54 65 0
54 70 1
50 2 1
43 21 0
51 62 1
34 9 0
2 19 0
51 40 0
5 8 0
31 16 0
2 12 1
61 37 0
30 18 1
23 44 0
60 48 0
33 3 0
25 64 1
32 2 0
37 28 0
36 11 0
41 59 0
48 50 1
27 37 1
58 8 0
70 2 1
8 35 1
25 65 0
8 34 0
35 2 0
26 67 0
37 38 0
47 33 0
15 68 1
44 57 0
64 24 0
59 31 1
56 9 0
32 39 0
41 70 1
5 22 0
5 51 1
39 22 1
19 64 1
54 14 0
45 17 1
51 19 1
37 70 0
44 25 1
66 6 0
16 52 1
56 12 1
49 62 1
62 32 0
7 47 1
38 66 0
6 43 0
67 46 1
40 27 0
68 62 0
62 50 0
54 68 1
67 56 0
65 46 0
16 6 0
28 39 1
5 4 0
50 53 1
31 26 1
46 56 1
12 24 1
3 10 0
34 44 0
40 32 0
53 45 0
56 9 0
63 26 0
2 33 0
22 65 1
40 2 0
42 22 1
22 36 0
57 17 0
33 52 0
15 5 0
68 43 0
47 58 1
64 57 0
57 2 0
3 59 0
69 35 1
28 2 1
11 65 0
67 43 1
5 50 0
54 9 0
54 40 0
13 45 0
31 8 0
55 31 0
25 34 1
10 6 0
31 65 1
40 22 1
7 21 1
56 49 0
29 36 1
42 39 0
32 49 1
34 24 0
44 58 1
15 14 0
58 47 1
61 63 1
20 70 0
58 55 1
25 41 0
43 13 0
64 45 1
66 51 1
30 68 1
8 21 0
23 66 1
62 67 0
61 52 0
55 60 0
66 29 0
40 25 1
4 10 0
37 28 1
27 22 0
5 70 0
23 30 0
32 62 0
22 52 0
12 37 0
50 37 1
17 45 0
59 33 1
17 17 1
29 33 0
10 8 0
57 16 0
4 64 1
9 29 0
7 30 1
63 20 1
66 70 0
44 39 1
46 17 1
31 32 1
21 41 1
41 58 1
22 22 0
10 16 1
6 22 1
13 40 0
12 47 1
5 68 1
33 2 0
22 16 0
62 5 0
8 62 1
24 43 0
64 6 0
15 67 1
56 66 1
43 6 0
31 41 1
60 24 1
13 51 0
11 21 1
12 41 0
3 27 1
70 8 0
30 2 1
33 20 0
25 14 1
4 40 0
34 9 0
46 55 0
51 30 0
33 20 1
41 65 1
46 56 1
56 42 1
15 42 0
37 12 0
2 26 0
63 28 0
16 64 1
52 67 1
40 35 1
61 4 0
40 47 0
13 51 1
42 52 1
50 63 1
8 4 1
44 64 1
31 67 0
2 30 0
51 40 1
30 63 1
40 41 0
65 35 0
50 26 1
24 56 1
32 64 0
30 43 0
29 57 0
22 37 1
21 18 1
17 42 1
36 21 0
38 67 1
50 15 1
47 54 0
69 30 0
5 15 0
25 27 1
20 22 0
19 68 0
15 36 1
23 22 1
31 8 1
12 32 0
8 56 0
37 68 1
16 59 0
51 66 1
38 18 1
30 7 1
64 13 0
2 28 0
53 34 1
11 2 1
66 44 0
40 45 0
22 64 1
16 49 0
39 24 1
43 49 1
57 29 0
46 60 1
40 21 1
23 15 0
37 56 0
46 36 1
33 52 1
34 55 1
41 23 1
37 58 0
59 25 0
30 52 1
41 10 0
18 45 1
9 60 1
56 30 0
48 39 1
18 42 0
13 43 0
12 62 0
23 22 0
41 8 1
52 69 1
65 30 0
37 9 1
26 33 0
17 30 0
61 37 0
32 61 0
43 37 0
15 53 0
15 43 1
22 20 1
63 23 0
66 55 1
58 5 0
31 60 0
20 49 0
16 24 0
17 42 0
14 11 0
37 65 1
70 8 0
59 29 0
65 15 0
59 8 1
20 20 1
16 54 1
61 38 0
50 53 1
70 53 1
37 21 1
46 56 1
14 22 1
55 13 1
34 68 1
42 22 0
64 50 0
67 2 0
60 5 0
24 69 0
69 35 1
31 40 1
34 17 0
23 40 1
34 2 1
37 61 0
38 65 1
23 27 1
59 57 0
39 42 0
59 62 1
17 11 0
11 63 1
15 55 1
20 4 0
40 9 0
21 26 1
59 39 1
63 10 0
70 4 0
23 14 1
14 61 0
3 30 1
25 35 1
35 2 1
12 57 0
60 41 0
50 55 1
25 47 0
23 24 1
62 11 0
7 31 1
33 68 1
7 63 0
19 56 0
58 12 1
40 9 0
13 67 1
5 59 0
38 41 1
66 39 0
69 28 0
20 63 0
44 34 1
34 55 1
2 67 1
54 23 0
29 41 1
51 38 1
7 42 1
30 17 0
13 38 0
24 6 1
51 46 0
22 30 0
46 16 1
53 18 0
45 67 0
17 7 1
5 15 0
4 24 0
52 69 1
53 43 0
49 23 0
6 3 0
32 2 1
23 40 1
57 68 1
29 47 1
19 7 1
31 62 1
19 8 1
38 57 0
26 8 0
39 59 0
21 42 0
38 20 0
37 35 0
60 6 1
26 3 1
5 17 1
64 56 0
51 16 1
6 47 1
63 70 0
65 48 1
42 15 0
46 61 1
38 15 1
41 30 1
34 2 1
62 42 1
55 28 0
41 53 0
35 2 0
16 10 1
50 35 1
2 36 1
69 57 0
7 45 0
11 41 1
22 49 1
30 68 0
44 21 1
26 32 1
6 65 1
28 65 1
67 64 0
18 4 1
2 49 0
6 15 1
64 61 1
57 5 0
52 45 1
44 46 1
55 65 0
69 55 1
44 17 1
6 11 0
17 7 1
43 39 0
68 67 1
9 61 0
41 6 1
65 20 1
61 2 1
65 64 1
3 20 0
54 27 1
31 55 1
8 62 1
45 60 0
69 48 1
31 49 1
25 56 1
33 17 1
30 43 1
39 14 1
59 52 1
9 48 1
45 58 1
47 28 0
8 62 1
7 19 0
16 69 0
65 58 1
33 63 0
14 16 0
65 23 0
57 38 0
54 14 0
33 60 0
2 41 1
8 10 0
8 2 0
3 67 1
28 4 1
16 23 0
39 33 0
62 45 1
41 6 0
34 70 0
7 45 1
16 16 1
69 2 1
8 14 1
30 67 1
23 15 1
42 34 0
35 57 0
17 8 0
42 43 1
14 41 1
19 48 1
3 57 0
39 7 0
46 44 0
2 61 0
20 10 1
69 41 0
2 8 1
19 24 0
61 33 0
51 27 0
62 20 1
8 40 1
10 62 0
49 7 1
7 41 1
31 11 0
47 6 0
25 20 1
52 25 1
61 17 1
44 55 0
12 5 1
47 12 1
7 14 1
70 31 1
43 25 1
21 25 0
59 4 0
20 64 0
45 42 0
58 40 0
68 10 1
34 2 0
32 2 0
41 43 0
31 38 0
22 39 0
65 9 1
20 58 0
7 46 1
18 8 1
14 58 0
53 40 0
12 65 1
48 69 1
67 17 0
59 38 1
25 44 1
51 3 1
64 9 0
22 64 1
61 57 1
42 26 0
45 69 1
59 31 0
48 2 1
34 60 0
46 51 0
26 28 0
52 50 0
48 63 0
33 44 0
45 64 1
25 8 0
27 11 0
11 52 0
31 20 0
42 42 0
19 25 0
30 33 1
64 2 0
41 34 1
51 24 0
44 52 0
52 59 1
68 32 0
64 55 1
20 40 1
61 55 1
27 56 0
36 32 0
25 28 0
35 13 1
32 59 1
24 59 1
31 44 0
59 21 1
39 35 0
37 51 0
20 22 0
32 36 0
64 4 0
69 27 0
25 65 1
63 4 1
4 19 0
65 47 1
38 48 0
40 65 1
55 16 0
66 25 0
20 38 1
16 17 0
52 42 1
66 19 1
38 7 1
36 19 1
65 44 1
35 57 0
67 32 1
47 2 1
52 15 0
12 31 1
48 6 0
8 26 0
68 39 1
61 32 0
70 2 1
64 30 1
17 37 1
64 20 1
36 49 0
47 20 0
26 53 1
5 16 0
2 19 1
16 29 0
28 56 0
47 34 0
45 28 0
46 14 0
57 50 1
56 17 1
18 26 0
43 34 0
58 28 1
61 64 1
39 55 1
4 41 1
11 39 0
22 55 1
25 66 0
7 15 1
30 64 1
2 40 0
7 20 1
48 37 1
64 26 0
26 33 0
55 40 1
6 28 0
68 4 1
14 14 1
29 52 0
59 63 0
53 15 1
17 34 0
33 46 0
29 8 1
57 39 0
2 46 0
36 23 0
37 37 0
41 32 0
63 28 1
61 45 1
58 59 0
11 44 1
33 38 0
64 56 1
42 9 1
66 24 1
21 31 1
12 49 0
37 65 1
50 38 1
64 62 0
31 36 1
29 4 1
49 22 0
5 11 1
20 11 0
40 58 1
44 61 0
60 38 0
43 40 1
68 33 1
16 6 1
60 57 1
59 52 1
14 66 0
69 63 0
54 67 0
29 37 1
40 59 1
51 16 1
46 11 0
31 11 0
7 17 1
52 40 0
8 7 1
69 70 0
20 31 0
49 43 1
45 65 0
56 37 0
47 11 0
29 62 1
14 26 1
22 41 1
25 36 0
30 38 0
2 6 1
40 39 0
56 60 1
8 57 1
57 27 0
36 49 1
3 38 1
43 2 0
15 7 1
54 52 1
27 6 0
55 52 1
63 39 1
40 35 0
55 34 1
40 14 1
31 58 0
54 55 0
41 22 0
62 2 0
49 31 0
32 12 0
24 46 1
52 55 0
28 11 0
70 2 0
9 21 1
33 68 1
21 39 0
37 62 0
50 46 1
68 22 0
44 52 0
32 39 0
40 23 1
15 21 1
29 55 1
27 38 1
31 53 0
15 2 0
63 58 0
65 22 1
36 11 0
38 61 1
51 2 0
25 14 0
48 9 0
34 12 1
39 68 0
69 29 0
54 6 1
8 2 1
69 70 0
55 9 0
27 34 0
45 27 0
12 35 0
46 21 0
53 46 1
60 66 1
2 30 1
52 23 1
47 63 0
32 26 1
65 5 1
23 49 0
11 63 1
11 28 0
65 40 1
3 22 1
20 12 0
38 38 0
32 15 0
61 8 0
25 22 1
34 32 0
51 17 1
35 24 1
25 41 1
50 51 1
7 62 0
22 59 0
53 36 1
13 22 0
67 13 1
68 61 1
18 12 0
44 24 0
45 23 0
62 63 1
41 30 1
15 34 1
37 6 0
29 57 0
42 16 0
62 17 0
49 70 0
26 57 1
27 25 0
34 68 0
55 17 1
38 11 0
6 43 1
9 14 1
46 20 0
40 39 0
30 41 0
42 59 0
59 2 1
48 29 0
21 61 0
36 60 1
21 53 1
27 38 1
7 25 1
63 38 1
45 45 1
3 30 0
6 3 0
31 21 0
36 20 1
50 11 1
70 17 0
36 47 0
48 23 1
7 64 0
70 28 0
69 38 1
37 30 0
57 23 0
32 59 0
25 8 0
59 36 1
34 46 1
9 60 0
6 21 0
66 2 1
34 25 0
41 55 1
57 18 0
63 20 0
18 56 1
6 45 1
70 26 1
63 39 0
31 52 1
16 9 1
16 31 0
19 40 0
41 62 0
37 39 0
58 11 0
66 38 1
6 23 0
68 62 0
45 24 0
20 5 0
20 24 0
53 70 0
6 46 0
62 3 1
24 5 0
41 40 0
50 3 0
5 30 1
6 7 1
57 22 1
19 64 0
49 32 1
11 48 0
48 11 0
64 47 0
37 68 1
41 33 0
48 30 0
30 2 1
15 5 1
47 67 0
33 5 1
44 67 1
32 39 1
10 59 0
9 35 1
67 28 0
22 51 0
9 50 1
62 8 0
2 23 0
5 35 0
41 15 0
31 18 1
4 54 0
36 18 0
12 40 1
36 25 0
62 10 0
11 57 1
51 70 1
44 29 1
14 21 0
48 48 1
3 58 0
8 49 0
25 5 1
43 8 1
65 66 0
17 46 0
49 5 1
23 63 0
23 40 1
57 42 1
37 10 0
38 11 1
61 9 0
16 45 0
13 66 0
8 57 0
32 61 1
21 10 0
19 2 1
30 32 0
58 42 0
22 7 1
45 68 1
34 47 1
30 55 0
2 66 1
66 43 1
69 2 1
34 47 1
24 13 1
44 66 0
44 57 1
61 24 0
46 25 1
23 55 1
6 37 0
45 54 1
32 63 1
30 16 1
51 26 1
46 26 1
61 67 1
20 14 1
4 41 1
65 28 0
44 28 1
9 63 0
18 16 1
4 59 1
12 12 0
24 2 1
51 3 0
29 50 1
64 66 0
62 34 0
50 17 1
48 69 0
70 29 0
18 61 0
67 39 1
64 36 0
53 47 0
42 70 1
4 15 1
7 38 0
8 9 1
56 70 0
7 6 1
69 59 0
12 45 1
10 37 1
32 8 1
19 45 0
17 56 0
44 34 0
2 6 1
6 20 0
25 64 1
16 26 1
37 64 1
41 42 1
42 52 1
22 69 1
50 13 1
53 29 0
70 44 0
56 60 1
52 21 0
12 44 1
19 50 0
51 23 1
24 4 0
35 47 1
46 32 0
2 35 1
61 18 1
41 29 1
6 47 0
15 41 0
26 43 1
7 10 0
3 68 0
28 57 0
54 3 1
18 3 1
61 33 0
35 13 0
18 22 1
27 47 0
65 60 0
2 22 1
63 8 0
16 6 0
43 43 1
55 15 0
41 59 0
40 26 0
37 16 0
21 48 0
15 42 0
43 34 1
23 49 1
34 37 0
7 43 0
59 40 1
59 22 1
46 2 1
39 25 1
67 9 1
69 27 1
5 32 1
20 2 1
36 29 1
34 8 1
8 29 0
64 31 1
34 13 1
47 30 0
24 2 1
37 51 1
2 43 1
32 15 1
26 35 0
51 39 0
67 59 1
70 56 0
62 21 1
8 68 1
42 59 0
2 63 0
70 2 1
63 70 1
36 24 1
24 27 1
15 60 0
9 14 1
10 34 1
45 30 1
18 61 1
34 10 0
65 4 1
23 40 1
10 15 0
13 27 0
58 13 1
49 48 1
37 38 1
7 15 1
16 44 0
7 30 0
42 65 0
31 27 1
4 29 1
8 33 0
25 59 1
4 25 1
68 66 1
47 43 0
41 33 0
61 18 0
42 33 0
47 43 0
54 69 1
7 48 0
26 33 0
54 27 1
64 13 1
26 30 0
52 46 0
29 60 0
7 2 0
9 41 0
8 66 0
66 64 1
9 10 1
17 39 0
24 20 1
54 40 1
68 50 0
33 51 0
6 41 1
2 34 1
24 33 0
68 7 1
28 65 0
50 51 0
56 32 1
13 61 1
44 6 0
61 49 1
48 35 1
20 62 0
3 22 1
60 8 1
2 70 1
15 29 0
36 32 1
27 21 1
37 34 0
20 68 0
48 22 1
18 56 1
17 3 1
23 67 0
34 30 0
19 8 0
23 52 0
34 23 1
21 32 0
22 11 0
41 6 0
3 30 0
2 7 1
38 16 1
26 51 0
64 43 1
18 9 1
16 15 1
34 60 0
13 17 0
55 30 1
6 42 0
9 37 0
25 70 0
4 45 0
66 3 0
44 68 0
67 9 1
24 65 0
29 20 1
21 55 1
23 32 0
17 18 0
9 16 0
28 47 0
64 11 1
8 41 1
31 42 1
41 49 0
63 2 0
63 34 0
23 60 0
2 32 1
32 4 0
45 30 1
11 64 0
46 67 1
2 15 1
53 11 1
16 55 1
3 31 0
67 59 1
17 8 1
57 24 1
45 18 1
49 17 1
8 14 0
20 21 0
16 34 0
41 16 0
3 26 0
4 27 1
52 39 1
59 14 0
38 41 0
15 22 0
3 7 1
5 54 0
64 61 0
3 45 0
33 30 1
63 27 0
14 19 0
24 64 1
48 60 0
18 49 1
2 25 1
58 59 0
30 10 0
50 5 1
22 67 1
24 16 1
14 24 1
53 21 1
15 2 1
30 26 1
68 64 1
36 47 0
36 33 1
15 25 0
25 50 0
58 6 0
67 66 1
63 25 0
33 19 0
23 49 1
10 36 1
48 59 1
60 61 1
3 3 1
8 22 1
12 66 1
25 17 0
68 61 1
35 2 0
58 51 1
3 27 0
36 48 1
46 45 0
68 7 0
30 34 0
6 27 1
8 52 1
9 14 1
52 51 1
51 34 0
59 54 1
45 6 1
39 15 0
24 30 0
58 47 1
63 4 0
38 50 1
30 21 0
33 2 1
21 31 0
15 69 0
26 48 0
9 25 1
58 45 1
33 2 1
8 67 1
40 9 0
32 61 0
60 28 0
53 21 1
25 5 0
54 42 1
17 23 0
21 2 1
4 29 1
38 34 1
20 45 0
29 47 0
13 63 1
10 38 1
33 11 1
53 11 1
59 54 1
22 22 1
39 54 0
57 44 0
18 65 0
25 50 0
26 57 1
70 38 0
13 39 1
59 25 0
14 4 1
25 48 1
13 56 0
43 37 0
18 43 1
21 56 0
43 30 1
25 31 1
43 4 0
15 12 1
46 22 0
47 67 1
17 58 1
65 33 1
23 2 0
2 2 1
9 36 0
60 6 1
51 14 0
50 47 0
8 50 0
21 25 0
57 21 1
66 31 1
2 55 1
51 11 1
45 31 0
38 63 0
49 66 0
33 7 0
39 26 0
61 18 0
36 17 0
42 29 1
31 3 1
27 62 1
36 45 0
6 15 1
38 44 0
34 52 0
56 55 1
23 50 0
56 62 0
40 18 0
4 67 0
42 5 1
39 28 0
20 22 1
48 25 0
36 5 1
37 59 1
47 66 0
13 4 1
38 28 0
45 43 1
16 69 0
40 36 1
4 15 1
45 68 1
23 30 1
42 46 1
43 32 1
29 28 1
37 69 0
55 67 0
52 62 1
58 69 1
28 10 0
51 13 1
34 3 0
17 54 0
51 27 0
43 68 1
32 52 1
44 14 1
27 69 1
39 11 0
2 17 1
2 45 1
60 8 0
32 62 0
56 60 0
16 49 1
69 49 1
33 41 1
41 61 0
56 11 1
22 56 0
53 53 0
55 43 0
57 64 0
2 24 0
69 28 0
59 62 1
30 50 1
12 63 0
55 52 0
61 53 1
60 10 0
43 40 1
6 20 1
11 53 1
26 26 1
44 68 0
66 6 0
44 61 1
31 70 0
64 19 1
48 46 1
33 33 0
62 14 1
32 31 1
4 52 0
44 45 0
53 33 1
2 47 1
65 51 0
51 35 0
38 51 0
45 4 0
68 67 1
64 61 1
10 5 0
67 15 1
57 11 0
48 3 0
15 60 0
29 29 1
46 49 1
6 51 0
40 10 0
66 30 1
10 70 1
47 10 1
53 69 0
69 29 0
65 46 0
20 24 1
32 48 1
58 55 1
14 9 1
68 54 1
14 9 1
60 4 1
17 4 1
26 24 0
60 55 1
70 16 1
49 11 0
33 17 0
58 57 1
33 60 1
36 22 1
54 48 0
11 64 0
15 70 1
54 11 1
19 26 1
66 31 0
25 70 0
32 2 0
19 42 1
3 59 0
2 7 0
64 41 0
26 6 0
9 51 1
13 10 1
64 29 0
21 7 1
15 48 0
65 61 0
18 41 0
25 68 1
21 70 0
62 69 0
6 44 0
53 18 1
42 67 1
5 67 1
14 41 0
41 18 1
30 66 1
25 37 0
23 61 0
19 69 1
52 30 1
20 8 1
8 35 0
23 34 1
28 6 1
3 66 0
33 49 1
56 18 0
45 65 1
51 67 1
49 2 0
10 42 0
49 40 0
61 42 1
53 35 0
56 10 0
3 21 0
39 8 1
61 26 1
36 19 1
43 16 1
45 38 0
36 8 1
7 20 0
38 70 1
6 62 1
10 69 1
33 53 1
2 54 1
55 42 0
61 42 0
3 23 0
11 45 1
2 11 1
70 54 0
23 31 0
49 28 0
6 6 0
44 70 1
34 36 0
30 23 1
53 5 0
19 38 1
18 4 0
23 11 0
2 48 0
38 65 0
58 53 1
8 55 0
9 10 1
50 18 1
54 69 1
20 25 1
16 11 1
44 50 0
46 2 0
45 20 1
43 53 1
40 40 1
70 26 0
10 40 1
11 17 1
7 51 0
31 26 0
21 52 1
69 10 0
44 64 0
44 17 1
9 52 0
64 26 1
31 18 0
2 28 0
2 16 0
18 43 1
28 67 1
38 10 0
60 19 1
2 42 1
44 25 1
50 35 1
40 10 0
13 50 1
17 33 1
5 52 0
60 58 1
58 2 1
42 70 0
62 10 0
21 30 1
16 31 1
5 9 1
32 17 1
62 58 0
41 42 1
34 2 1
34 48 1
66 24 1
6 65 0
35 21 0
2 6 1
25 40 0
35 16 0
47 3 1
25 4 1
24 68 1
2 61 1
58 62 0
63 34 1
26 51 0
38 38 0
23 48 0
4 30 0
17 42 1
43 4 1
35 40 0
17 9 1
70 2 0
54 27 1
52 39 1
47 9 0
58 31 1
48 30 1
12 68 0
28 70 0
2 46 1
3 23 1
15 70 1
42 25 1
20 11 0
32 27 0
52 12 1
52 14 0
67 56 1
2 19 0
36 4 0
46 29 0
67 10 1
17 2 0
66 42 0
52 55 0
46 5 0
35 48 0
30 6 1
39 62 0
13 70 1
10 23 0
35 11 1
53 51 1
52 55 1
62 9 1
70 55 0
2 18 1
13 2 0
2 37 0
17 44 1
54 8 1
52 9 1
46 27 0
49 37 0
41 4 0
50 51 1
65 56 1
36 8 0
35 11 0
46 27 1
9 48 0
19 2 1
50 62 0
2 48 0
52 48 1
30 39 0
15 49 0
38 48 1
57 62 1
20 56 0
45 24 0
23 21 0
45 2 0
42 32 0
14 30 0
62 64 0
70 18 0
54 31 0
27 25 1
38 26 0
41 69 0
4 13 0
9 38 0
23 65 0
23 30 0
26 41 1
47 66 0
40 60 1
17 44 0
18 15 1
2 9 1
2 43 1
29 33 1
8 24 0
5 15 0
26 67 1
27 17 1
21 2 1
6 43 1
22 26 0
8 22 0
44 38 1
64 21 1
24 7 0
51 37 0
40 20 0
52 67 0
21 65 1
35 26 0
16 54 1
58 9 1
15 52 0
8 9 0
8 8 1
56 20 1
69 8 0
17 56 0
44 21 0
23 37 0
55 28 1
43 25 0
41 31 0
35 3 0
45 21 0
34 38 0
5 63 1
67 40 0
14 53 0
2 52 0
33 10 0
12 3 0
39 37 1
14 7 0
22 62 0
43 9 1
6 33 0
15 30 0
58 36 0
28 40 0
23 9 1
60 30 0
15 53 0
38 22 1
18 18 1
37 69 1
67 8 0
47 19 1
5 64 1
32 2 0
35 57 1
52 2 1
68 58 1
31 45 1
45 52 1
69 61 0
18 69 1
9 24 1
2 26 0
65 43 1
39 7 1
51 56 0
44 69 1
50 6 1
65 17 0
69 56 0
51 63 1
33 53 1
67 69 1
27 65 0
34 53 1
32 33 0
66 51 1
19 56 1
20 44 0
24 2 0
16 61 1
13 56 0
41 43 0
34 52 1
2 52 0
57 48 1
46 29 0
52 22 0
66 41 1
61 27 0
19 64 1
11 24 1
62 32 1
45 49 1
70 19 0
36 2 1
15 52 1
39 4 0
11 14 1
68 65 0
64 7 0
61 27 1
17 28 0
12 69 0
15 50 1
40 22 0
38 65 1
6 18 0
55 60 0
12 13 1
36 5 0
44 45 1
43 52 0
34 6 0
6 52 0
16 56 1
40 38 1
12 11 0
29 17 1
22 66 1
20 61 1
47 45 1
59 10 1
23 68 1
51 29 1
45 6 1
60 29 0
53 10 1
60 65 0
55 61 1
16 62 1
34 64 0
66 9 0
41 46 0
14 9 0
57 29 1
34 35 0
29 48 1
15 8 1
27 13 1
45 13 1
50 45 0
58 60 0
19 26 0
48 51 1
31 11 1
5 7 0
65 64 1
2 67 0
36 51 1
25 51 0
8 2 0
49 60 1
2 43 1
5 26 1
64 9 0
25 24 0
50 4 1
17 23 0
31 65 0
29 42 1
56 48 1
25 46 1
16 32 1
16 9 0
27 44 1
28 46 0
27 34 0
42 46 0
47 32 1
55 69 1
40 65 0
38 65 0
39 19 1
16 2 0
60 66 0
49 52 0
35 4 1
34 53 0
5 3 0
40 3 1
29 25 0
13 59 0
8 43 1
64 4 0
11 23 1
20 18 0
68 14 1
62 22 1
52 65 1
41 25 1
19 37 1
38 61 0
63 31 1
16 60 0
50 41 1
59 3 0
16 5 1
22 68 0
69 15 1
56 56 0
38 12 0
36 11 1
59 52 0
61 65 1
10 27 0
17 7 1
6 43 0
59 21 1
45 54 1
46 68 0
47 48 1
65 10 0
51 9 0
20 32 1
53 43 1
50 35 0
9 29 1
65 12 1
26 31 1
50 28 1
7 31 0
48 64 0
33 2 1
58 16 0
29 5 1
57 24 0
52 3 0
69 2 0
9 36 1
23 36 1
21 58 1
37 56 1
19 48 1
60 70 0
17 39 0
59 40 1
26 12 0
65 59 1
52 30 1
25 9 0
11 26 0
53 55 0
41 28 1
31 51 0
29 52 0
44 18 0
2 21 1
8 43 1
22 31 0
44 54 0
32 57 0
37 29 0
2 4 0
23 49 1
28 47 0
51 51 0
22 48 1
8 27 1
70 54 0
27 10 1
11 18 1
8 57 1
7 61 1
30 14 1
60 2 1
48 50 0
53 2 1
32 39 0
64 66 0
60 5 0
51 33 1
22 51 1
8 59 1
42 50 0
48 52 0
59 19 1
22 54 1
21 65 1
4 15 1
50 22 0
66 18 1
22 47 0
15 12 1
44 30 0
26 55 0
63 39 1
4 7 1
2 33 0
33 23 0
2 60 1
22 2 1
36 2 1
63 10 0
16 51 1
51 61 0
18 48 0
34 37 1
64 16 0
57 30 0
61 61 1
18 63 1
58 63 1
65 54 1
29 49 1
29 57 1
3 67 0
26 11 1
30 25 0
14 23 1
53 30 0
6 60 0
37 66 1
5 20 1
57 58 0
51 62 1
56 10 0
11 16 0
4 56 1
70 50 0
3 22 0
40 30 1
61 2 1
33 58 0
48 34 1
66 58 0
2 62 1
45 60 1
7 26 1
29 22 1
52 12 1
55 47 0
49 42 0
53 15 0
53 15 1
15 9 0
8 55 1
44 5 1
44 2 1
16 54 1
9 36 0
63 62 0
29 24 0
2 62 1
26 62 0
48 21 0
10 29 0
14 29 1
64 48 1
60 62 1
27 32 0
7 2 0
9 2 0
64 65 1
20 7 1
18 20 1
38 20 0
22 28 0
9 48 0
53 15 1
46 7 1
10 12 0
5 7 1
16 37 1
35 9 1
65 59 0
36 57 1
37 53 0
14 9 0
26 31 0
16 48 0
32 41 0
21 62 1
28 60 0
11 19 1
57 36 1
60 36 1
45 2 1
22 44 1
8 42 0
32 69 1
45 22 0
29 66 1
46 32 1
53 57 0
5 58 1
57 32 1
56 8 0
57 58 1
27 3 0
27 52 1
36 11 1
18 3 0
36 27 0
59 36 1
25 20 1
45 28 0
29 5 0
46 64 0
8 38 1
48 69 0
44 25 0
14 39 1
2 57 1
60 13 0
64 34 1
35 40 1
24 14 0
2 19 0
41 24 0
38 22 0
19 32 1
60 17 1
68 24 0
56 49 1
22 22 1
14 46 1
68 69 1
8 56 1
52 61 0
28 39 0
55 39 0
11 65 0
30 56 1
69 38 1
46 63 1
17 19 1
66 40 0
21 46 0
31 55 1
28 21 0
37 45 1
55 70 1
36 12 1
24 60 1
31 4 1
6 27 0
62 70 0
34 70 0
25 4 0
4 34 1
51 34 1
69 50 0
5 10 1
9 13 1
68 5 0
32 37 0
4 64 1
39 11 0
21 58 1
59 34 0
40 21 1
30 8 1
50 3 1
64 68 1
57 49 0
3 54 1
36 22 0
31 68 1
6 58 0
20 32 0
6 55 1
44 29 0
43 17 0
22 48 1
2 24 0
12 40 1
52 68 0
41 10 0
33 60 1
33 39 1
56 65 1
26 63 1
46 63 1
24 2 0
47 11 1
33 61 1
63 68 1
53 40 0
4 5 1
49 55 0
16 60 0
2 50 1
25 19 0
45 66 1
21 10 1
3 66 1
49 67 1
48 53 1
21 35 0
7 10 0
12 9 1
14 16 0
35 54 0
5 19 1
69 44 1
11 45 0
11 15 1
62 29 1
62 17 1
43 51 0
10 2 1
10 53 1
62 38 0
22 37 1
11 30 0
68 50 0
38 10 1
48 53 1
50 47 0
34 28 1
37 40 1
39 23 0
48 68 0
58 57 0
17 58 0
20 57 0
11 39 1
18 2 1
56 65 1
25 65 0
14 38 0
11 4 1
26 33 1
2 40 0
57 25 0
7 54 0
18 10 0
29 55 1
44 30 0
11 56 1
56 38 1
49 21 0
2 65 1
25 68 1
44 9 1
31 49 0
22 46 0
15 49 1
6 11 1
62 61 1
60 19 1
51 41 1
15 36 1
33 34 1
26 6 0
24 13 1
64 51 1
40 35 0
44 24 1
22 29 1
55 44 1
30 32 1
50 36 1
59 6 1
30 10 1
62 31 1
2 12 1
67 3 1
26 5 0
66 40 1
47 36 1
43 62 1
60 8 1
30 65 0
18 69 0
38 21 1
67 30 0
23 8 1
48 29 0
49 45 1
69 58 0
39 4 1
69 15 0
61 40 0
36 7 0
4 35 0
25 29 0
20 19 0
62 55 0
12 40 1
18 20 1
20 43 1
59 12 0
11 11 0
20 51 1
63 5 0
18 60 1
66 2 0
67 8 0
36 25 1
28 46 1
6 52 0
65 67 0
64 4 0
66 64 0
4 20 0
18 4 1
13 5 1
52 2 1
39 37 1
36 30 1
2 37 1
48 58 1
23 4 0
67 56 0
49 42 1
66 64 0
47 57 0
7 53 1
51 21 1
51 48 1
58 36 0
37 26 1
65 56 1
57 32 0
48 14 1
50 39 0
62 18 0
16 26 0
20 26 0
69 40 1
27 52 1
49 13 0
66 6 0
47 37 1
23 39 1
69 35 1
11 68 1
15 11 1
53 7 1
55 53 0
14 58 0
30 2 1
11 44 0
4 24 1
12 67 1
50 6 0
46 35 1
27 30 1
34 47 0
61 43 1
46 41 0
9 15 1
60 54 1
55 62 1
24 66 0
26 69 0
52 2 0
48 62 1
69 36 0
35 53 1
38 54 0
10 30 0
15 27 0
27 45 0
28 50 0
22 45 0
65 65 0
66 19 1
27 13 1
12 58 1
46 9 1
37 37 0
10 28 1
40 10 0
3 18 0
32 50 1
55 52 1
61 16 0
69 59 1
36 61 0
29 20 0
36 29 0
53 14 0
58 24 0
66 64 0
24 2 1
67 45 1
14 18 1
68 63 0
28 7 1
8 43 0
18 53 0
16 24 1
70 58 0
9 53 0
29 49 0
42 29 1
69 66 1
68 39 1
28 70 1
57 48 0
42 36 1
31 38 1
52 68 1
30 14 0
10 27 1
67 63 0
28 33 1
45 44 0
22 24 1
50 26 0
62 62 0
60 11 1
39 4 0
43 38 1
27 68 0
45 26 0
40 3 0
55 60 0
48 27 1
53 31 0
24 2 0
4 7 0
51 17 0
18 58 0
68 60 1
52 19 1
20 20 0
30 57 1
43 46 0
60 65 0
31 43 0
12 49 0
54 7 1
60 19 1
62 25 1
50 19 0
49 49 0
8 34 1
70 34 0
61 3 1
35 2 0
10 70 1
17 33 0
17 38 0
29 15 0
56 5 1
43 32 0
53 34 1
12 20 1
33 23 0
46 9 1
9 59 1
43 65 0
49 50 1
10 7 1
24 70 0
11 33 1
37 67 0
49 65 1
46 20 1
59 36 1
48 13 1
48 36 1
36 25 1
43 24 0
31 27 0
2 31 1
31 66 0
7 50 1
24 31 0
66 62 1
49 55 0
32 64 1
31 62 0
12 28 1
13 67 0
32 2 1
50 27 0
63 18 1
30 22 0
8 21 1
60 31 0
13 9 0
33 12 0
28 67 1
27 67 0
31 8 1
16 30 0
57 70 1
55 5 0
34 20 0
14 62 1
7 5 1
46 27 0
24 24 1
53 53 0
68 5 1
35 49 1
5 51 1
40 10 0
40 58 1
68 20 1
31 14 0
66 42 0
67 45 1
20 28 0
65 35 0
34 61 0
15 62 1
56 7 1
56 12 0
29 16 1
36 13 0
40 44 1
3 44 0
42 44 0
41 58 0
24 30 0
63 27 1
43 45 0
37 37 1
29 54 0
47 29 1
47 67 1
6 36 1
20 70 1
48 26 0
2 46 0
11 18 1
36 39 1
3 18 1
2 26 0
56 35 0
47 14 0
61 9 0
16 51 1
53 9 0
36 64 0
47 11 0
53 53 1
56 25 0
39 18 0
2 9 0
44 63 1
20 54 1
55 13 1
9 46 1
69 55 0
67 39 0
2 10 1
31 11 1
8 49 0
35 11 0
56 24 1
10 40 0
66 16 0
19 40 0
37 20 0
2 43 0
60 58 0
56 54 1
42 23 1
12 68 0
19 11 1
42 48 0
15 70 1
17 30 0
10 57 0
30 45 1
63 33 0
6 56 1
33 6 0
16 29 0
17 42 0
35 50 1
11 42 1
59 5 0
50 15 0
69 8 0
57 10 1
31 53 0
62 36 0
35 51 0
22 39 1
27 58 1
39 63 1
14 2 1
40 32 1
15 52 1
7 41 1
60 61 1
16 13 1
2 57 0
22 60 0
41 49 0
15 51 0
18 67 0
46 4 0
51 31 1
47 17 0
6 20 0
41 70 1
15 32 0
38 10 1
51 36 1
41 25 0
22 32 1
20 51 0
46 49 1
16 31 1
42 16 1
8 6 1
34 54 0
23 58 0
9 2 0
5 30 1
40 39 0
30 46 0
48 24 0
70 10 0
58 18 0
25 38 1
46 26 1
9 35 0
52 70 1
57 17 1
69 67 0
48 65 1
61 8 0
8 39 1
69 52 0
47 67 1
5 14 0
57 18 1
42 9 0
57 62 1
2 47 1
59 17 0
33 27 0
12 19 1
12 32 1
28 6 0
13 35 0
30 40 1
7 6 1
63 50 1
53 69 1
15 29 1
55 4 1
7 49 0
50 6 0
68 63 0
41 9 0
33 38 0
62 11 1
52 16 0
25 63 0
64 5 1
62 34 0
19 54 1
7 51 0
31 30 0
19 19 1
64 49 1
42 59 1
25 45 0
30 49 0
12 10 0
66 45 0
37 68 0
7 38 1
40 44 1
10 67 0
24 55 0
54 62 0
44 41 1
12 67 0
61 52 0
57 3 0
28 32 1
59 2 0
38 43 1
2 57 0
34 18 1
61 64 1
18 30 0
30 21 0
30 20 1
58 13 0
12 65 1
7 63 1
22 19 1
11 16 1
13 32 0
46 24 1
55 63 0
43 2 0
46 65 0
68 58 1
53 39 0
17 17 1
29 21 1
20 7 1
53 5 0
39 21 1
49 57 0
5 40 0
32 15 0
16 35 0
4 13 1
30 63 1
41 26 0
22 70 1
19 21 0
14 62 0
7 62 1
47 46 1
2 49 1
63 68 1
70 3 0
19 70 1
29 3 1
46 10 1
66 15 1
12 52 0
64 29 1
4 49 1
54 20 1
49 63 1
67 46 0
54 16 1
12 12 0
39 3 0
55 57 0
68 26 0
14 56 1
22 9 1
7 10 1
63 56 0
38 64 1
27 19 1
63 44 0
39 21 1
70 14 1
5 59 1
24 4 0
65 50 1
24 54 0
44 68 1
18 17 1
63 15 1
10 68 0
14 7 1
52 69 1
35 8 1
20 21 1
55 42 0
70 59 0
14 49 1
22 36 0
19 34 1
60 10 0
30 9 1
5 29 0
38 31 1
48 61 1
18 19 1
22 47 1
10 20 1
11 21 1
24 62 0
39 7 1
30 48 1
18 36 1
12 15 0
2 65 0
40 19 0
33 60 0
9 48 0
27 4 1
21 17 1
28 45 1
41 39 1
31 66 0
35 60 1
53 69 0
42 32 0
49 62 0
67 69 1
68 54 0
36 69 0
38 29 0
34 55 1
62 48 0
16 70 1
39 11 0
40 50 1
24 57 0
66 40 0
67 18 0
61 63 0
69 55 0
29 32 0
10 69 0
52 32 1
43 2 0
41 26 1
24 56 1
67 42 1
70 37 0
35 29 0
21 2 0
34 22 1
66 57 0
41 34 0
41 35 0
70 49 1
34 24 0
29 15 1
38 49 1
28 68 0
11 24 0
20 14 1
9 42 0
63 31 1
9 52 0
36 26 0
52 40 1
44 65 0
33 56 1
42 25 0
52 38 0
11 16 1
61 33 1
47 47 1
51 23 1
34 10 0
29 24 1
56 54 1
29 36 1
30 58 1
65 30 0
67 39 1
66 28 1
34 14 1
3 16 1
30 37 0
64 69 0
26 54 1
57 48 1
25 37 0
7 70 1
34 3 1
22 14 0
11 33 1
21 2 1
51 45 1
56 56 0
36 6 0
67 31 0
24 66 0
8 26 1
10 36 0
34 51 1
9 4 1
21 31 0
28 41 0
46 8 0
13 53 0
28 23 1
43 64 1
5 24 1
9 57 1
12 34 1
8 66 1
41 45 0
33 2 0
2 45 0
51 54 0
60 35 0
36 54 0
5 2 0
47 7 0
55 22 0
35 50 1
28 46 1
66 56 0
51 44 1
37 54 0
68 11 1
42 3 0
27 45 1
36 11 1
36 8 1
15 69 1
22 32 1
40 5 0
38 24 0
3 42 1
18 46 1
62 24 1
48 45 1
49 31 1
37 23 1
36 39 0
58 47 1
57 30 0
26 36 0
31 22 0
13 55 1
33 39 0
54 15 1
27 41 1
34 26 1
26 65 0
40 68 0
4 9 1
54 58 0
26 17 0
21 41 0
3 4 1
55 4 1
28 44 0
66 61 1
65 66 0
3 59 0
55 39 1
15 44 1
70 65 0
36 65 0
45 28 1
6 60 1
49 40 1
63 11 1
46 6 1
8 60 1
17 26 0
28 57 1
21 52 0
69 22 0
41 5 0
2 27 0
30 50 0
42 8 1
51 58 1
23 7 1
26 44 0
47 10 0
50 29 0
37 44 0
59 6 0
9 11 1
29 62 1
49 62 1
42 27 1
42 7 0
67 48 1
30 21 1
27 9 1
60 39 1
47 32 0
47 65 1
52 55 1
52 22 1
6 53 0
7 5 0
65 45 1
18 19 0
40 3 1
40 12 0
2 61 1
31 68 0
57 30 1
6 41 0
25 18 0
59 58 1
47 56 0
62 62 1
36 25 1
64 14 0
49 55 1
16 29 1
35 34 1
44 36 1
44 36 0
68 59 1
21 42 0
20 67 1
30 4 1
13 13 0
32 49 1
57 67 0
41 16 1
62 55 1
58 33 1
26 31 1
16 44 1
6 22 1
58 20 1
44 68 0
49 2 0
40 36 0
30 17 0
58 13 1
29 61 1
55 21 0
57 5 1
26 31 1
64 8 1
55 8 1
39 6 0
60 21 1
49 64 1
46 19 1
2 32 1
6 61 1
66 26 1
61 43 0
51 6 0
29 3 1
50 20 1
37 32 0
39 11 0
5 63 1
35 28 1
67 44 0
66 52 1
31 42 1
46 12 1
32 57 0
49 56 1
17 18 1
4 18 1
3 53 1
51 69 1
38 19 1
43 70 0
21 36 1
48 15 0
48 5 1
12 66 1
34 57 1
57 61 1
42 44 1
5 40 1
19 70 0
2 65 0
4 12 0
22 29 0
23 40 1
41 36 1
16 61 0
49 64 1
19 30 0
17 2 0
26 52 1
41 57 0
44 27 1
54 66 0
20 12 1
62 55 1
38 36 0
65 15 0
58 26 1
7 13 1
25 33 0
12 35 1
22 8 0
17 18 1
13 63 0
25 35 0
7 9 0
63 26 1
67 56 0
3 66 1
53 56 0
32 69 0
7 60 0
68 58 1
69 62 1
24 51 0
12 33 0
55 21 1
25 22 0
61 53 1
44 25 0
45 53 1
35 47 0
39 58 1
12 48 0
44 19 0
44 4 1
2 29 0
60 3 1
52 65 1
27 24 0
16 22 1
69 51 1
34 22 1
35 18 1
39 9 0
40 18 0
17 70 1
4 12 1
3 52 1
7 64 1
22 37 0
48 42 0
23 19 1
12 2 0
25 48 1
44 20 0
59 6 1
42 21 1
69 59 1
9 59 0
14 4 0
58 11 1
47 50 1
35 24 0
2 66 0
33 2 1
59 15 1
45 8 0
51 12 1
53 27 1
54 55 1
56 57 0
12 11 1
32 51 1
35 19 1
65 70 1
65 8 0
28 52 0
24 68 0
57 35 1
47 30 1
37 17 1
50 9 1
21 14 0
19 70 0
10 22 1
12 48 0
48 11 0
5 56 1
20 18 1
23 49 1
63 62 1
68 33 0
25 22 1
30 53 0
4 66 1
10 50 0
18 70 0
8 4 1
18 10 1
37 23 0
57 18 0
47 12 0
14 66 0
14 14 0
28 5 0
67 8 1
12 64 0
64 67 0
9 39 0
17 19 0
2 2 0
36 2 0
61 60 1
63 62 0
41 48 1
51 41 1
42 45 0
36 16 0
3 30 1
7 70 1
46 65 1
54 16 1
64 49 0
21 5 1
39 48 0
4 44 1
53 35 1
69 41 0
52 56 0
11 6 0
7 66 0
9 40 1
66 2 1
58 47 0
56 54 0
42 24 1
21 59 1
10 23 1
68 4 1
55 24 1
67 45 0
60 17 0
30 7 1
63 19 1
38 45 1
48 69 1
12 10 0
59 33 1
2 56 0
63 9 1
26 49 1
5 11 1
70 8 0
20 2 0
25 65 1
43 29 1
11 49 0
55 49 0
21 29 1
2 26 0
44 16 0
14 63 0
36 11 0
33 37 0
8 26 1
45 13 1
6 29 0
19 23 0
50 12 0
48 57 1
32 61 1
65 37 0
64 57 0
22 32 0
26 35 0
26 9 0
70 52 1
16 38 1
34 37 0
16 32 1
8 62 1
27 18 1
61 63 1
29 10 1
37 7 0
67 35 1
15 56 0
68 28 0
22 45 1
46 66 1
22 5 1
64 24 1
40 48 1
61 31 0
4 5 1
54 30 1
48 21 0
47 64 1
33 28 1
24 21 0
8 39 0
3 42 0
44 39 0
70 23 1
70 23 1
13 9 1
53 7 1
22 16 0
23 46 0
56 20 0
40 31 1
39 21 0
59 3 1
38 21 0
20 2 1
5 46 1
15 29 1
34 24 1
43 61 0
9 46 0
25 46 0
59 60 1
41 11 0
25 29 0
28 45 0
66 12 1
22 40 0
26 15 0
8 53 1
25 24 0
68 35 1
57 59 0
60 20 1
33 68 0
63 61 1
37 34 1
47 10 1
6 23 0
35 63 0
33 70 0
13 8 0
36 22 1
37 26 0
22 18 0
26 9 1
3 9 1
65 45 1
48 38 1
32 58 0
38 40 1
21 30 0
2 67 1
46 21 0
67 9 0
10 36 0
43 16 0
2 59 0
46 28 1
51 67 0
65 46 1
33 19 1
50 36 1
30 16 0
34 58 1
43 30 1
21 58 0
59 19 1
36 33 1
15 59 1
35 58 1
7 50 0
10 61 0
65 45 0
43 13 0
53 45 0
29 56 0
49 52 0
49 29 1
53 35 1
52 31 0
12 67 1
54 55 0
16 7 0
44 2 0
49 15 1
6 66 1
13 53 0
59 47 0
10 35 0
69 69 1
43 66 0
45 58 1
29 52 0
11 46 0
52 19 0
55 60 1
20 47 1
24 67 0
67 2 0
62 16 0
15 24 1
51 4 0
37 16 1
18 16 0
28 54 1
51 33 0
5 32 1
5 63 1
68 50 0
2 22 0
58 67 0
26 24 1
63 2 1
7 27 0
6 70 1
58 10 1
64 24 0
37 9 1
46 21 0
23 48 1
28 20 0
30 17 0
56 68 1
32 16 1
64 42 0
66 70 0
48 67 0
19 20 0
31 64 1
35 60 0
17 14 0
28 35 0
57 28 1
21 13 1
64 28 0
19 56 1
17 19 1
6 2 1
9 14 1
11 60 1
16 20 1
7 62 0
70 5 1
45 61 1
44 60 1
30 6 1
4 50 1
19 28 0
41 31 1
62 47 1
42 28 1
13 13 0
35 14 1
22 23 1
21 69 1
5 44 1
16 54 1
65 46 1
29 69 1
6 7 1
52 54 0
24 4 1
58 20 1
42 45 1
6 24 0
22 58 0
57 6 1
11 29 1
69 48 0
45 18 1
13 37 1
29 28 0
30 18 0
39 60 1
44 26 1
38 19 1
16 47 0
15 50 0
50 65 1
41 59 0
2 55 0
7 16 0
23 60 0
61 20 1
35 56 1
31 56 0
50 6 0
30 70 0
2 41 1
36 30 0
46 41 1
57 37 0
17 47 0
19 20 1
5 20 1
16 9 1
26 69 1
6 25 0
14 40 0
22 20 1
64 63 0
46 32 0
3 17 0
14 46 0
9 49 1
7 65 1
61 20 1
68 34 0
49 23 1
57 29 1
48 49 0
10 12 1
41 4 1
36 46 0
18 7 1
10 60 0
6 46 0
31 31 1
4 6 1
4 3 1
49 24 1
31 43 0
49 14 1
33 65 0
52 3 1
16 23 0
22 26 1
69 59 0
9 5 0
56 6 1
53 64 1
7 62 1
41 32 1
24 53 0
40 61 0
38 53 0
58 46 1
29 44 0
60 70 1
11 2 1
63 52 0
46 29 1
12 5 0
51 12 1
32 57 1
46 9 1
53 9 1
68 15 1
54 53 0
65 25 0
30 14 1
32 5 0
50 42 1
23 49 1
70 31 1
15 65 0
4 64 0
5 58 0
4 15 0
22 15 1
64 57 0
12 63 1
68 9 1
65 43 1
20 11 1
67 2 1
69 55 0
61 18 1
33 18 0
34 16 0
68 33 1
9 65 0
66 23 1
54 30 0
23 6 0
47 21 0
68 16 1
20 30 0
45 4 1
37 36 0
39 49 1
8 27 0
5 22 0
11 38 0
7 54 1
4 4 1
2 69 1
28 7 0
39 62 0
32 39 1
16 64 1
21 5 0
51 61 0
44 66 1
20 28 0
59 49 0
32 21 0
47 35 1
67 32 0
4 26 1
62 16 0
20 22 0
13 14 1
55 38 0
43 34 1
15 35 1
50 23 0
13 59 1
57 15 0
37 15 1
16 45 1
65 11 1
11 16 0
69 10 1
34 48 1
50 50 0
30 63 1
41 7 1
15 32 0
31 61 1
4 13 0
35 69 0
54 44 0
4 39 1
21 3 1
15 34 1
53 52 0
22 15 0
42 63 1
55 15 0
8 59 0
2 10 0
44 17 1
62 9 0
66 65 1
56 25 0
52 16 0
36 58 0
38 68 0
27 2 1
48 22 1
50 22 0
69 56 1
8 54 1
30 67 0
36 65 0
21 29 1
11 25 1
12 58 1
50 66 1
2 22 1
4 23 0
34 38 1
4 57 0
67 68 0
36 25 1
9 70 0
9 64 0
8 54 0
33 13 0
2 14 1
39 48 1
25 7 0
65 43 1
24 58 0
30 55 0
67 53 0
37 12 0
29 7 0
35 56 0
11 42 1
65 4 0
37 9 1
3 9 1
15 68 1
43 38 0
9 23 1
23 45 1
31 53 0
7 6 0
44 2 0
2 35 1
6 51 0
18 33 0
55 42 1
65 23 1
55 4 1
58 38 0
58 15 1
8 57 1
57 52 1
22 12 0
18 13 0
36 46 1
8 66 1
7 37 0
65 38 1
42 2 0
45 22 1
53 36 1
55 39 0
57 12 0
28 39 1
65 21 1
50 57 0
41 28 0
70 35 1
44 66 1
33 45 0
33 46 0
33 16 0
3 2 1
48 10 1
65 8 1
60 28 1
38 16 1
28 66 1
51 54 0
24 36 0
3 37 1
6 51 1
39 54 1
15 48 0
40 56 1
12 47 1
9 45 0
41 46 1
23 27 0
22 17 0
2 61 1
32 18 0
33 63 0
27 18 1
5 2 1
33 56 1
35 50 0
8 37 0
50 43 1
65 17 1
39 33 1
66 30 0
15 46 1
18 37 1
30 11 0
50 54 1
16 66 1
69 68 0
62 66 1
54 45 1
32 6 0
17 44 1
46 9 0
30 4 1
40 2 0
19 28 1
25 51 1
13 70 0
27 12 0
59 18 1
48 62 1
43 65 0
29 36 1
59 61 1
60 15 0
69 40 1
64 68 1
47 64 0
50 59 0
54 60 0
67 51 1
39 37 1
20 22 1
39 17 0
18 6 1
35 53 0
14 22 0
24 69 1
47 3 1
8 55 1
13 3 1
6 22 1
25 26 0
49 49 0
24 58 1
7 16 0
30 46 0
4 67 0
63 11 0
33 60 0
41 21 1
5 50 1
53 66 0
54 68 0
30 46 1
34 5 1
31 7 0
56 41 0
14 49 0
5 39 1
13 41 1
64 66 1
26 54 1
42 59 0
69 7 1
4 47 1
40 23 0
5 43 0
8 13 1
51 6 0
7 20 0
69 6 0
51 35 0
19 55 1
35 59 1
57 61 0
2 56 1
33 56 0
69 20 0
31 54 0
33 58 1
67 7 1
25 44 0
21 43 1
39 43 0
16 20 0
34 21 1
24 8 0
30 57 1
24 8 1
35 61 0
33 65 0
8 23 0
47 2 0
47 51 1
67 47 1
7 38 0
49 13 0
40 39 1
23 5 1
45 17 1
60 20 1
2 46 0
55 58 0
31 39 0
13 21 0
56 44 1
29 70 0
53 13 1
42 24 1
28 44 0
12 70 1
29 29 1
60 41 1
3 2 0
24 39 1
13 53 0
33 46 0
31 12 0
54 51 0
52 46 0
23 40 0
50 40 0
4 31 0
24 16 1
58 69 0
23 21 1
16 2 1
24 6 1
54 57 0
16 2 0
14 6 1
8 52 1
10 60 0
20 57 1
4 50 1
36 11 1
21 65 0
36 2 0
49 53 1
65 15 1
38 47 0
59 27 0
69 32 1
62 62 0
58 22 1
43 31 0
31 18 1
6 25 0
42 26 1
28 35 0
50 53 0
68 59 1
24 16 0
58 67 0
29 23 1
27 21 1
19 22 0
38 39 1
23 12 0
27 10 1
43 6 1
22 39 0
38 61 0
55 7 0
58 3 0
10 19 1
33 29 1
57 59 0
39 35 0
22 52 1
60 2 0
20 12 0
12 28 0
68 18 0
14 8 0
31 66 1
35 48 1
69 24 1
7 29 1
32 40 1
29 7 1
12 37 0
56 63 0
21 37 1
59 14 1
61 13 0
64 19 0
56 54 1
9 47 1
64 31 1
20 3 0
50 20 1
28 66 1
5 31 0
9 57 0
2 54 1
61 64 1
68 60 0
53 8 1
2 8 1
16 44 1
16 66 1
37 27 1
14 65 1
24 44 1
43 7 1
11 55 1
47 57 1
45 61 0
43 37 0
32 13 1
38 2 1
52 50 1
25 6 1
31 47 1
61 58 0
25 14 1
64 45 1
61 66 0
69 50 1
54 66 1
2 20 0
3 27 0
55 13 0
66 66 1
21 18 0
63 40 1
45 46 0
55 62 1
11 60 1
14 9 1
52 47 0
40 5 0
4 58 1
27 43 1
6 62 1
28 59 1
13 21 1
41 68 0
18 24 1
29 70 0
21 48 1
69 8 1
9 62 0
39 61 0
37 53 0
2 35 1
25 37 0
30 39 0
55 49 1
67 29 1
4 56 0
53 67 0
57 55 0
60 56 0
39 24 1
55 19 0
55 64 0
39 33 1
58 39 0
2 39 0
47 27 1
54 61 1
54 23 1
68 37 0
32 6 0
26 57 1
38 29 0
36 29 0
4 69 0
60 27 0
24 52 0
66 13 1
19 26 1
22 42 1
22 16 1
35 67 1
35 20 0
29 17 1
34 16 1
49 27 0
66 58 1
61 2 0
5 16 0
26 50 0
23 66 1
21 51 1
28 67 1
66 67 1
18 25 0
49 44 1
9 8 0
54 45 0
64 46 0
70 54 0
37 65 0
33 40 0
62 52 0
60 66 1
8 32 0
16 28 0
69 6 1
8 42 1
48 14 1
40 9 1
63 17 1
57 17 1
41 28 0
37 13 1
47 2 1
50 66 1
5 31 0
67 53 0
20 21 1
28 65 1
26 49 1
51 22 0
55 68 0
29 15 1
38 11 1
36 67 0
40 59 1
16 5 0
21 26 0
42 29 1
66 28 1
24 62 0
12 52 0
21 65 0
51 63 0
46 19 0
52 31 1
38 20 0
11 23 0
45 67 1
53 44 0
62 34 0
66 69 0
61 20 1
2 55 0
3 38 1
30 46 0
47 61 0
25 51 0
40 18 1
17 22 1
69 31 1
24 47 1
59 67 0
20 27 1
10 57 1
3 8 1
3 43 1
15 67 1
2 61 1
7 23 1
57 62 1
4 68 1
61 70 1
61 38 1
61 25 0
25 47 1
68 54 0
52 22 1
38 12 1
26 32 1
23 63 1
63 17 1
28 23 0
41 2 0
12 41 1
59 42 0
22 53 0
2 61 1
59 6 1
24 3 1
9 51 1
9 10 1
22 60 0
69 18 0
56 32 1
5 63 1
43 3 0
38 64 0
27 66 0
27 25 0
41 7 0
54 55 0
27 35 1
19 35 0
62 2 0
19 70 0
5 38 0
47 40 0
41 39 1
49 58 1
4 41 0
29 2 0
43 52 1
23 15 0
32 28 0
53 7 0
60 17 1
33 4 0
8 57 1
11 34 1
52 2 1
36 2 0
27 36 0
44 66 1
27 44 1
57 67 1
64 13 1
31 65 0
61 2 0
70 56 0
10 64 1
2 55 0
7 15 1
58 42 0
58 60 0
44 20 0
48 3 0
30 62 0
46 48 0
55 23 0
64 22 0
31 21 1
16 56 1
22 37 0
18 55 0
64 21 0
57 53 0
5 27 1
9 70 1
32 63 0
5 23 0
55 7 1
56 3 0
47 63 0
19 35 0
49 34 1
70 62 0
45 40 0
26 3 1
7 29 1
60 42 1
28 6 1
67 6 1
14 5 1
34 41 1
56 7 1
26 42 0
42 56 0
3 8 1
42 53 1
46 49 1
15 20 0
16 46 0
67 50 0
70 66 0
63 14 0
17 31 0
64 70 0
23 51 0
41 69 1
29 60 0
3 45 0
37 36 1
54 35 0
70 45 0
53 10 0
30 17 0
44 16 0
62 12 1
2 60 0
3 2 0
48 65 0
53 37 1
59 57 0
46 13 0
56 37 0
56 3 0
2 40 0
23 51 0
63 33 1
30 48 1
61 9 0
62 67 0
20 52 1
45 46 0
7 23 0
32 17 1
34 38 1
19 5 0
54 36 1
68 49 0
52 65 0
6 2 0
48 23 0
24 10 1
47 19 1
58 53 1
65 17 1
39 18 0
63 14 0
35 8 1
69 8 0
30 58 1
15 31 1
22 57 1
25 24 1
28 8 0
36 47 0
13 68 1
10 7 1
24 8 1
41 58 0
24 11 0
45 56 1
49 70 0
10 38 1
47 5 0
42 67 1
30 26 0
56 62 1
39 31 0
63 27 0
17 25 1
20 55 0
13 33 0
18 61 1
64 55 0
55 49 0
21 60 0
48 20 0
32 11 0
31 49 1
57 68 1
54 35 0
19 20 0
28 70 0
23 69 0
42 44 0
46 36 1
40 24 1
4 19 1
57 21 1
30 32 0
49 24 1
67 23 0
7 48 1
32 16 0
44 43 1
23 12 0
10 13 0
33 16 1
49 2 1
9 6 1
59 2 1
21 31 0
28 41 1
64 56 1
51 6 0
70 55 0
62 11 1
49 6 0
47 50 1
30 40 0
43 65 0
2 40 0
39 10 0
40 56 1
29 11 1
38 19 1
37 36 0
63 5 0
22 41 0
46 10 0
22 54 1
31 51 0
23 69 1
28 4 1
2 69 1
53 43 1
32 43 1
13 55 0
59 37 1
69 60 0
28 26 0
57 42 1
45 2 1
49 40 0
48 63 1
28 7 1
27 28 1
59 25 1
60 4 0
17 48 0
41 70 0
55 29 1
37 58 0
17 21 0
54 35 1
3 70 0
64 62 1
22 49 0
54 5 1
66 30 0
37 50 1
39 22 0
6 56 0
15 15 1
59 30 0
32 23 1
35 62 0
35 21 1
57 24 1
9 26 1
4 47 0
44 2 0
55 67 1
53 39 1
29 15 0
31 36 0
31 56 1
11 28 1
2 54 0
21 11 0
31 68 0
47 49 1
9 24 0
52 62 0
48 59 0
65 6 1
7 69 0
70 33 0
31 13 0
70 42 0
52 18 1
58 7 1
30 2 1
12 19 0
14 49 0
3 54 1
42 61 1
44 48 0
45 33 1
67 21 0
39 2 1
19 60 1
42 9 0
7 31 0
44 17 0
