90 8010 20
19 78 0
44 60 1
2 26 1
15 30 1
22 36 0
72 88 1
22 26 1
52 89 0
55 64 1
7 66 1
2 89 1
1 3 0
6 88 0
11 34 1
13 35 1
14 56 0
67 89 0
54 69 0
43 51 0
19 43 0
8 61 1
34 75 0
22 41 1
16 75 1
26 55 1
37 64 0
34 81 0
6 32 0
16 25 1
15 53 1
24 64 1
62 64 0
63 78 1
34 42 1
17 86 1
60 68 1
52 65 1
12 13 0
35 62 1
58 79 1
57 59 0
25 70 1
36 57 0
13 46 0
13 81 1
52 71 1
2 19 1
32 39 0
72 90 0
8 22 1
68 86 0
1 83 0
36 86 0
16 90 1
49 53 1
53 58 1
60 62 1
40 79 0
34 82 1
13 34 0
9 24 0
11 88 1
49 72 0
31 76 0
13 25 0
1 12 1
15 73 1
69 78 0
40 77 0
25 90 1
22 52 1
3 65 1
33 76 1
46 60 0
19 24 1
48 49 0
41 45 1
70 77 1
66 90 0
63 67 1
2 56 1
4 26 1
20 26 0
4 74 1
25 41 0
11 12 0
70 88 0
63 72 1
8 30 1
1 22 0
13 30 1
17 56 1
8 82 0
30 90 0
38 79 1
49 62 1
11 49 0
20 39 0
25 40 0
5 36 0
35 49 0
35 79 0
48 83 1
4 62 1
41 72 0
36 86 1
68 78 0
26 39 0
67 69 0
29 35 0
30 31 0
43 66 1
40 77 1
40 52 1
18 53 1
62 65 1
27 48 1
53 74 0
60 69 1
40 49 1
33 55 1
42 47 1
31 64 1
63 86 0
10 33 1
26 69 0
22 26 0
63 66 1
43 87 0
37 56 0
65 87 1
70 89 0
39 55 1
24 61 0
40 64 0
12 68 0
32 67 1
42 66 0
28 47 0
2 13 1
26 70 1
7 10 0
19 76 1
76 79 1
43 80 1
16 66 0
30 87 0
11 83 1
75 76 1
36 50 1
30 32 0
7 49 0
24 33 0
19 31 1
16 77 0
14 18 1
14 52 0
67 83 1
34 82 0
3 31 0
24 83 1
64 77 0
57 79 0
2 22 0
28 78 0
12 15 1
63 64 1
11 44 1
17 25 1
28 43 1
18 67 0
16 68 1
6 53 1
31 62 0
2 59 0
60 88 0
23 72 0
4 53 0
63 85 1
7 60 1
14 40 0
18 44 0
53 82 0
33 35 1
68 88 1
2 24 0
17 63 0
74 81 0
7 65 1
5 17 1
27 32 0
84 88 0
70 74 1
45 74 1
82 90 1
28 61 1
31 77 0
50 65 1
37 57 1
19 45 0
56 89 1
32 51 0
30 89 0
75 81 0
46 76 1
20 80 0
37 46 1
33 88 1
27 87 1
60 71 1
27 32 1
25 77 1
13 30 0
42 79 0
1 42 1
24 55 1
33 62 0
20 43 0
1 77 0
39 71 0
40 53 1
17 25 0
39 75 0
2 82 1
33 83 0
23 68 0
12 57 0
34 61 1
39 90 0
61 70 1
65 70 0
53 89 1
51 90 0
8 51 0
46 70 1
29 53 0
75 83 0
39 57 0
4 73 0
20 65 1
30 74 0
32 52 1
55 66 1
11 90 0
8 65 0
10 33 0
6 30 0
18 31 1
29 86 1
23 31 1
40 80 1
48 52 0
38 52 1
22 23 0
16 32 0
11 85 1
11 67 1
30 89 1
79 85 0
36 59 0
16 47 0
3 45 0
68 87 0
24 67 1
79 87 0
11 79 0
78 87 0
27 31 0
31 34 1
67 75 0
51 84 0
15 19 1
10 14 1
38 48 1
20 60 1
53 72 1
13 55 1
3 67 1
60 84 0
67 82 1
77 78 0
30 49 1
36 39 1
21 63 1
49 64 1
39 54 0
40 73 0
45 81 0
31 66 0
25 28 1
2 37 0
30 74 1
27 60 1
1 82 1
6 86 0
38 74 1
45 52 0
30 53 0
6 56 0
15 48 0
10 42 1
66 73 1
11 36 1
30 76 1
16 52 0
8 33 1
9 27 0
17 21 1
47 72 0
5 38 1
9 65 0
60 81 1
1 58 1
4 86 1
10 63 1
28 39 0
63 70 0
9 26 1
77 88 1
30 78 1
1 21 0
20 82 0
58 67 1
62 87 1
57 66 1
26 70 0
29 47 1
22 75 0
18 47 1
29 67 0
40 55 0
24 83 0
2 86 1
38 90 1
18 86 0
23 57 1
10 52 1
9 43 1
11 43 1
67 85 1
43 79 0
32 90 1
44 57 1
46 70 0
68 89 1
7 71 1
14 46 0
8 24 0
48 65 1
2 35 0
8 34 1
51 57 1
40 42 0
27 67 0
37 41 0
30 70 0
69 90 1
24 38 0
59 82 1
8 65 1
12 45 0
11 50 0
2 27 1
44 67 1
43 44 0
17 50 1
42 79 1
14 70 0
7 89 1
60 70 1
4 71 1
1 44 1
11 42 1
13 59 1
10 30 0
26 50 1
44 85 0
12 29 1
17 23 0
34 43 1
7 13 0
15 67 0
5 48 0
20 41 0
21 23 1
21 43 1
18 66 1
8 87 1
32 68 1
33 78 0
22 33 1
19 68 0
19 41 1
4 63 1
4 42 0
78 85 0
38 46 0
20 89 1
30 33 0
14 66 0
73 75 0
63 73 0
5 60 0
56 89 0
9 71 1
8 46 0
10 83 1
22 85 1
65 80 1
9 41 0
10 76 1
24 28 1
76 88 1
29 60 0
36 84 0
15 50 0
7 21 1
38 87 0
21 35 1
61 74 1
41 81 0
55 81 1
12 46 0
37 67 1
3 71 0
33 63 0
24 43 0
50 60 0
14 15 0
70 78 1
30 81 0
17 44 1
36 54 0
19 21 0
10 86 1
29 62 1
50 53 1
39 44 1
52 64 0
5 55 0
44 61 0
11 30 0
22 58 1
45 79 1
27 50 1
62 78 0
34 35 1
4 42 1
2 18 0
21 70 0
19 51 1
27 52 0
51 58 1
2 65 0
17 84 1
10 36 0
4 72 0
6 80 1
28 66 1
51 82 0
11 23 1
53 62 0
31 60 0
3 90 0
1 53 1
48 56 0
44 59 0
75 77 0
40 69 0
68 78 1
13 59 0
8 21 0
79 81 0
42 72 1
65 89 1
67 71 0
35 51 0
5 85 1
71 84 0
52 54 1
41 88 0
62 89 1
23 57 0
61 74 0
2 20 0
54 70 1
27 69 0
4 33 1
6 49 0
23 24 1
2 90 0
43 85 1
43 81 0
13 54 0
61 82 1
39 87 1
64 70 0
67 87 1
26 57 1
20 45 1
22 35 0
19 61 0
52 60 0
4 73 1
15 46 0
49 88 1
33 37 1
52 81 0
36 56 1
45 85 0
55 69 1
64 67 0
50 90 0
73 74 0
3 55 0
14 40 1
4 37 0
18 31 0
27 53 0
6 48 1
62 63 1
71 79 0
7 78 0
6 9 1
16 86 0
50 77 0
48 53 1
49 90 0
44 85 1
4 75 0
15 56 1
12 39 0
31 43 1
28 43 0
33 46 1
71 77 1
34 66 0
45 84 1
76 79 0
18 56 1
3 35 1
34 78 1
27 66 1
30 67 0
5 59 1
10 48 0
3 24 1
35 63 0
56 73 0
41 75 0
38 44 0
75 80 1
52 58 0
51 74 0
10 82 1
3 86 1
23 62 0
43 74 1
20 86 1
60 80 0
25 62 0
26 48 0
55 68 0
31 75 1
39 55 0
47 56 1
28 70 1
18 80 1
30 83 0
52 78 0
24 44 1
21 26 0
13 58 1
14 38 0
10 44 1
9 76 1
49 53 0
32 44 1
30 36 1
39 70 0
22 60 0
2 22 1
19 37 1
4 49 0
63 77 1
10 85 1
1 32 1
17 19 0
60 82 1
62 84 0
18 70 0
56 68 1
17 90 0
65 84 0
44 73 0
45 61 1
30 55 0
12 83 0
61 80 1
1 4 0
25 38 0
30 48 0
13 87 1
77 85 1
34 61 0
43 65 0
37 76 0
13 42 1
17 19 1
23 33 1
40 59 1
33 82 1
79 82 0
59 78 1
41 71 1
67 90 1
1 38 0
23 69 0
14 87 1
74 78 0
21 37 1
17 73 0
23 47 0
45 81 1
71 72 1
70 88 1
33 74 0
4 68 0
51 58 0
9 53 1
24 28 0
24 71 0
67 72 1
7 10 1
47 78 1
46 81 1
9 44 1
45 60 1
16 57 1
42 82 1
8 86 0
13 40 0
58 74 0
62 65 0
60 65 1
37 55 1
28 41 1
49 55 1
6 21 0
13 33 1
22 81 0
17 82 1
38 63 0
40 65 0
32 88 1
39 63 1
38 57 0
29 49 0
9 13 0
5 46 1
40 61 1
49 51 0
8 27 0
22 57 1
20 59 1
51 63 1
60 75 0
4 82 0
46 64 1
42 53 1
45 87 1
36 85 0
4 31 1
51 88 0
4 37 1
1 88 0
14 49 1
58 82 0
56 62 0
15 59 0
28 49 0
40 48 1
43 81 1
27 66 0
25 60 1
10 86 0
7 60 0
11 21 0
35 90 0
1 89 1
2 63 0
15 60 1
51 72 1
34 83 0
65 74 1
11 33 0
81 82 0
1 31 1
55 63 0
10 19 1
8 34 0
6 7 1
11 73 0
72 87 0
35 72 1
57 81 1
3 23 1
29 63 1
39 83 1
21 73 1
27 30 1
18 24 0
5 8 1
53 87 1
5 51 1
30 80 1
4 23 1
15 24 0
76 87 0
3 29 1
13 16 0
31 84 1
71 73 0
15 83 1
33 82 0
10 87 1
21 72 1
23 38 0
40 68 1
73 84 1
48 89 0
3 51 0
23 65 1
37 62 1
30 33 1
5 81 0
28 88 0
34 70 1
60 86 0
4 53 1
36 90 0
1 16 0
18 27 0
35 61 1
29 43 1
73 90 0
11 32 0
54 79 0
72 83 0
56 58 1
8 50 1
48 73 0
16 47 1
8 69 0
10 85 0
13 70 1
30 72 1
14 72 0
1 74 1
8 41 0
29 53 1
11 36 0
12 27 1
1 36 0
18 54 0
29 46 1
62 76 1
8 88 0
30 73 0
53 66 0
17 24 0
41 90 1
77 89 0
58 72 1
32 41 1
21 44 1
25 63 0
11 49 1
28 54 1
25 61 0
26 56 0
34 90 0
5 63 1
82 83 1
30 62 1
61 78 1
40 63 0
27 39 0
47 57 1
55 81 0
52 79 0
19 70 0
17 26 1
33 86 1
28 85 0
41 70 1
21 83 1
68 74 1
58 64 0
26 62 1
8 43 1
16 38 0
47 67 1
27 67 1
60 61 1
13 29 1
66 70 0
1 71 1
8 20 0
73 76 0
40 45 1
49 66 1
36 42 1
43 59 0
8 36 1
32 66 0
6 48 0
2 72 1
12 23 1
7 22 1
54 65 1
46 83 0
2 36 0
58 70 1
19 21 1
7 75 1
72 87 1
43 74 0
11 39 1
20 79 1
22 82 0
16 57 0
27 43 0
9 71 0
13 57 0
3 55 1
14 43 1
44 62 0
61 77 1
2 64 0
22 68 0
17 65 1
11 15 1
20 81 1
30 63 0
33 75 0
16 85 1
30 77 1
2 14 1
16 82 1
6 18 1
48 54 1
17 22 1
45 68 1
13 79 1
37 44 1
32 55 0
35 68 1
15 33 1
46 55 1
20 37 0
25 26 0
1 11 1
35 40 0
2 19 0
7 42 0
49 60 0
10 61 1
65 66 0
19 74 0
13 53 1
58 73 0
38 49 0
5 63 0
42 59 1
43 80 0
54 71 0
17 57 1
51 64 0
80 86 1
42 48 1
20 67 0
55 59 0
13 64 0
4 6 0
43 48 0
9 24 1
21 47 1
63 88 0
58 77 0
23 50 1
11 82 1
23 34 1
52 67 1
23 85 0
18 29 1
4 81 0
39 51 0
1 80 1
35 39 1
52 58 1
18 77 0
24 52 1
32 52 0
18 28 1
46 69 0
18 67 1
17 48 0
17 32 1
32 63 1
15 37 1
24 25 1
52 59 0
24 46 1
78 81 0
39 87 0
44 71 1
16 22 0
27 86 1
40 47 0
57 63 1
11 14 0
34 59 0
10 69 1
39 78 0
82 85 0
4 51 0
4 25 0
54 59 1
55 89 0
46 74 1
11 78 1
3 25 1
44 58 0
57 65 0
54 72 1
30 38 0
21 67 0
41 85 0
16 70 1
17 68 0
21 27 1
10 38 0
62 77 1
32 50 0
40 75 0
3 4 1
34 77 0
10 56 0
24 63 0
32 87 1
26 38 1
35 65 1
10 60 1
59 61 1
23 56 0
20 51 1
28 54 0
49 57 0
48 77 0
25 59 1
56 73 1
5 72 0
8 68 1
36 68 1
22 36 1
27 50 0
1 82 0
67 74 1
3 46 1
38 89 0
18 65 0
19 66 0
25 56 0
6 33 1
49 59 1
30 56 1
38 81 1
65 85 0
17 54 0
37 74 1
76 81 1
60 86 1
35 88 1
1 17 1
20 44 1
26 73 0
34 52 1
15 32 0
2 67 1
9 68 1
51 83 0
31 61 0
56 63 0
19 26 0
7 83 1
37 38 0
21 28 1
48 69 0
2 73 0
42 67 0
69 90 0
46 86 1
23 78 0
50 73 1
14 69 1
9 64 0
46 63 1
39 69 0
9 45 1
66 87 0
18 57 1
54 81 1
33 56 0
1 47 0
20 78 0
30 35 1
26 59 0
41 47 0
58 66 0
19 45 1
47 50 1
19 46 0
17 78 1
54 87 0
66 83 0
11 58 1
7 70 1
74 76 1
5 62 1
10 44 0
5 6 0
79 87 1
26 57 0
60 90 0
1 47 1
13 51 0
24 67 0
14 67 0
55 59 1
17 88 1
21 77 0
4 55 1
13 79 0
29 55 0
49 65 1
29 45 1
67 88 0
52 54 0
7 84 1
17 80 0
33 72 0
21 84 1
20 60 0
13 32 0
23 48 0
62 86 1
13 24 0
13 31 0
5 34 1
25 89 0
43 61 1
48 87 1
41 42 0
2 74 0
17 61 1
21 27 0
31 56 0
26 77 0
29 59 0
46 84 1
34 48 0
5 18 0
40 46 1
12 47 0
21 86 0
39 88 1
37 58 0
36 45 0
28 49 1
22 84 0
44 84 1
3 85 1
7 24 0
21 89 1
59 83 1
7 58 1
79 86 0
16 63 0
46 59 0
22 71 1
34 62 1
9 88 0
70 71 0
16 35 1
40 48 0
21 72 0
26 40 0
13 36 1
2 56 0
5 79 0
18 32 0
51 81 1
47 49 1
47 73 1
9 32 1
76 86 0
71 80 1
2 8 0
32 73 0
30 56 0
26 49 1
4 71 0
2 86 0
16 60 0
26 33 0
41 53 1
6 90 0
6 67 1
83 87 1
64 81 1
13 46 1
2 68 1
46 77 1
68 72 1
60 88 1
1 7 0
57 70 0
68 77 1
54 75 0
75 76 0
32 37 1
22 40 0
32 79 0
42 57 1
22 59 0
48 57 0
74 82 1
6 11 1
6 62 0
23 61 0
33 70 0
47 49 0
7 26 0
3 84 1
37 48 1
47 88 0
19 66 1
35 60 0
23 28 1
10 39 1
13 74 0
54 79 1
6 41 1
63 74 0
32 37 0
20 81 0
22 47 0
81 82 1
17 45 0
55 72 1
16 69 0
14 70 1
32 85 0
3 14 0
20 82 1
22 73 0
44 81 1
16 54 0
4 69 0
8 13 1
20 55 1
35 64 0
57 62 1
76 80 1
32 76 1
10 54 0
20 79 0
13 19 1
41 43 0
43 78 0
15 40 1
3 61 0
37 79 1
47 64 0
7 85 1
8 35 1
37 58 1
12 23 0
26 79 1
1 54 1
7 12 1
13 86 1
1 49 0
4 82 1
6 83 1
18 71 1
36 87 0
18 20 1
10 45 1
36 84 1
26 77 1
62 63 0
41 69 0
15 18 0
26 86 1
81 89 1
22 65 0
14 32 1
15 52 0
3 34 1
55 61 0
3 85 0
32 69 1
64 66 0
34 49 0
8 52 0
31 38 0
10 81 0
4 67 0
9 46 1
24 76 0
32 89 0
14 21 1
4 27 0
12 14 1
35 49 1
71 81 0
20 28 0
19 90 1
44 65 1
3 20 0
47 85 0
39 41 0
21 29 1
6 35 0
61 79 0
36 64 0
1 60 1
36 83 0
66 69 0
38 84 1
6 85 0
24 29 0
81 86 0
16 51 0
61 90 1
31 87 1
59 72 0
36 65 1
78 79 0
22 27 0
62 85 0
8 9 1
8 53 1
80 87 0
9 19 0
20 33 0
21 88 1
21 51 1
22 29 1
20 38 0
4 21 1
49 80 1
29 51 0
8 54 0
44 83 1
17 35 1
48 67 1
7 32 1
31 88 1
18 55 1
43 87 1
1 3 1
43 89 0
76 82 1
19 87 1
20 69 0
27 43 1
13 66 1
84 89 0
20 64 1
23 54 0
1 36 1
47 73 0
42 49 0
50 77 1
10 11 1
82 89 0
16 21 1
20 24 1
65 81 0
80 89 1
2 61 1
65 77 0
52 77 1
14 42 0
1 20 0
32 38 1
9 77 1
78 90 0
37 63 0
3 19 1
49 69 1
64 75 1
30 44 0
16 19 1
56 88 1
48 59 0
56 63 1
52 61 0
23 58 0
12 43 1
65 72 1
7 52 1
87 89 0
34 40 1
11 71 0
24 63 1
19 60 0
13 61 0
23 52 0
28 45 0
65 87 0
52 79 1
33 40 0
39 44 0
55 61 1
57 72 0
63 87 0
42 80 0
82 88 1
24 34 0
2 46 1
20 48 0
59 65 1
12 89 0
8 60 1
48 82 0
35 43 0
21 41 1
6 76 0
29 51 1
9 13 1
45 73 1
48 74 0
30 52 1
63 90 0
18 29 0
22 61 0
20 88 0
13 80 1
54 73 1
9 41 1
6 26 0
41 54 0
34 84 0
14 54 1
30 38 1
25 47 1
9 82 0
20 39 1
39 40 0
75 77 1
33 79 0
25 35 1
16 46 0
6 90 1
70 79 1
4 15 0
62 86 0
47 67 0
13 83 1
38 73 0
2 40 0
56 65 0
18 88 1
28 31 0
13 37 0
79 88 1
67 80 1
34 63 1
23 67 0
24 53 1
14 67 1
79 88 0
11 59 1
10 28 1
44 52 1
61 90 0
33 53 0
29 56 0
87 88 1
61 66 0
23 53 0
68 76 0
34 80 1
29 47 0
55 63 1
60 83 0
10 75 0
37 61 1
48 87 0
39 63 0
17 33 1
38 60 1
39 90 1
1 75 1
66 71 0
15 47 0
26 42 1
53 54 1
22 67 0
22 55 1
43 54 0
41 82 1
10 72 0
43 49 0
6 43 0
22 83 0
3 53 0
10 27 1
44 56 1
6 50 0
18 61 0
42 48 0
20 35 0
59 79 0
26 87 1
23 37 1
5 44 0
48 63 0
47 89 1
22 30 0
59 63 0
56 57 1
20 78 1
53 84 1
17 64 0
55 75 1
65 68 0
57 79 1
58 89 0
15 23 0
60 62 0
9 35 1
86 87 0
75 88 1
28 33 0
36 66 1
23 32 0
16 83 1
39 68 1
76 85 1
64 90 1
35 47 1
51 77 1
27 81 0
6 37 0
71 79 1
48 78 1
19 39 0
39 62 0
38 81 0
10 11 0
4 76 1
25 57 0
56 84 0
37 90 0
42 62 1
61 70 0
26 60 0
9 78 0
7 20 1
18 75 0
31 58 0
36 51 0
30 64 0
41 52 1
10 71 1
2 32 0
5 75 0
27 28 0
12 87 1
12 41 1
9 43 0
5 17 0
7 54 0
1 8 1
31 45 0
18 52 0
27 78 1
56 82 1
23 70 1
41 44 0
74 77 1
9 40 1
58 61 1
43 68 1
27 83 0
2 85 0
9 50 0
21 57 1
24 74 0
39 45 1
36 43 0
2 20 1
13 72 0
3 70 0
83 90 0
64 69 0
20 25 1
42 43 1
47 84 1
6 76 1
55 79 1
26 50 0
32 78 1
13 43 0
49 82 1
7 53 0
22 34 0
33 48 0
13 90 0
29 58 0
24 57 0
3 79 0
38 78 1
11 60 0
3 59 0
2 13 0
10 47 1
14 47 1
26 31 1
21 50 1
8 68 0
39 52 1
22 71 0
10 67 0
5 89 1
36 43 1
53 88 0
61 82 0
55 69 0
27 64 1
39 80 0
16 41 1
25 30 1
61 66 1
13 14 0
48 88 0
3 6 1
24 33 1
36 75 0
34 36 1
44 78 0
38 62 0
34 80 0
27 52 1
30 44 1
42 76 1
64 68 1
5 53 1
25 83 1
61 65 1
10 71 0
48 55 0
17 38 1
59 71 0
30 72 0
18 37 1
31 70 1
29 89 0
40 79 1
31 48 0
60 85 0
51 87 0
65 76 0
21 35 0
49 78 0
17 37 0
38 41 1
35 66 0
13 40 1
9 47 0
5 76 0
8 59 1
1 15 1
14 28 0
33 51 1
3 68 0
53 65 1
5 31 0
83 90 1
62 66 0
10 50 1
12 41 0
11 70 0
30 62 0
4 63 0
43 55 1
15 35 0
48 60 0
32 86 1
7 38 0
9 39 1
30 54 0
55 67 0
26 88 1
5 74 0
28 82 0
2 59 1
59 81 0
49 81 1
8 81 1
11 90 1
8 27 1
5 57 1
29 59 1
30 61 1
25 79 1
56 60 0
49 77 0
13 27 1
18 20 0
73 75 1
11 20 0
47 90 0
17 58 1
51 78 0
39 50 1
50 75 0
41 79 0
32 56 0
9 23 0
80 86 0
33 85 0
56 69 1
28 50 0
53 59 0
5 42 1
30 52 0
2 74 1
66 90 1
54 77 0
83 89 0
12 76 1
80 90 0
60 90 1
55 76 0
27 40 0
33 68 0
15 78 1
14 84 1
46 83 1
22 64 0
5 6 1
53 71 1
43 53 1
4 48 0
9 83 0
24 40 1
48 74 1
40 74 1
52 53 1
3 69 0
12 35 0
8 64 1
32 75 0
56 75 0
37 48 0
5 14 1
24 46 0
6 79 1
2 29 0
40 76 1
83 88 1
14 34 0
40 87 0
40 71 0
44 66 0
32 84 1
9 28 0
9 59 1
17 18 1
3 22 1
5 88 0
49 59 0
46 81 0
75 88 0
13 56 0
48 81 1
19 72 1
67 79 0
10 67 1
12 40 1
16 68 0
62 78 1
57 67 1
27 51 1
69 84 0
7 31 1
13 52 0
23 44 0
11 37 1
5 73 1
41 49 1
62 88 1
59 70 0
67 81 1
54 60 0
17 65 0
15 85 1
37 83 0
67 70 1
61 71 1
65 80 0
1 54 0
10 32 1
8 18 0
46 51 0
41 53 0
7 85 0
3 33 1
61 76 0
31 42 0
30 63 1
18 65 1
42 81 0
33 59 1
16 48 1
48 70 1
7 62 0
13 71 0
5 70 1
41 72 1
8 10 1
2 41 1
75 90 0
57 65 1
38 67 1
42 52 1
34 90 1
25 45 0
61 84 0
41 61 0
1 34 1
29 54 0
73 78 0
15 75 0
4 10 0
9 90 0
1 46 1
8 63 1
16 34 1
54 68 1
27 84 0
5 18 1
4 58 0
29 48 1
28 44 0
4 34 0
19 26 1
61 83 0
12 67 0
25 41 1
13 68 0
16 32 1
19 42 1
71 75 0
4 48 1
11 73 1
51 69 1
27 49 1
13 39 0
9 38 1
44 87 0
42 72 0
47 61 1
72 90 1
9 12 0
35 87 0
6 15 0
17 70 0
41 75 1
73 80 1
13 85 1
17 81 1
61 78 0
51 75 1
50 59 1
55 89 1
12 50 1
38 84 0
49 75 0
16 89 0
5 64 0
69 72 0
12 79 0
55 87 0
7 78 1
19 58 0
65 75 0
46 64 0
12 62 0
21 61 1
7 40 1
37 47 1
8 18 1
48 71 1
65 73 0
57 88 1
63 72 0
77 86 1
26 86 0
50 61 1
8 66 0
82 88 0
10 51 1
14 90 1
40 89 1
10 43 0
24 47 1
11 40 0
42 90 0
28 60 1
41 79 1
51 52 1
6 36 0
37 75 0
15 83 0
84 90 0
3 10 0
24 26 1
10 30 1
22 46 0
11 68 0
26 69 1
38 68 1
28 55 0
49 74 1
47 57 0
72 79 1
42 86 1
3 68 1
58 78 0
56 66 0
38 77 1
11 18 0
42 65 0
22 86 0
45 63 1
53 57 0
12 81 0
37 71 1
52 75 1
3 16 1
66 78 1
5 10 0
9 44 0
42 81 1
43 65 1
5 21 1
86 89 0
47 51 1
59 85 1
11 55 1
35 67 0
50 79 0
25 42 1
23 74 0
2 54 1
30 87 1
22 27 1
42 56 0
89 90 1
65 88 1
20 31 0
51 55 1
64 72 1
44 68 0
39 53 1
18 49 0
37 39 1
9 53 0
37 77 0
31 39 1
38 51 1
44 49 1
20 51 0
6 34 1
23 86 1
26 52 0
35 85 0
5 86 0
62 64 1
12 65 0
3 77 1
11 21 1
19 85 0
46 77 0
38 59 1
8 17 1
13 65 0
10 58 1
65 86 0
8 39 1
1 79 0
38 58 0
45 60 0
63 80 0
11 19 0
12 81 1
17 89 0
6 10 0
21 81 1
32 79 1
20 61 0
16 19 0
48 53 0
22 33 0
30 73 1
2 89 0
6 62 1
2 7 1
71 87 1
25 27 0
56 74 1
29 38 0
18 24 1
31 46 1
8 9 0
53 79 1
22 38 0
24 89 1
61 65 0
1 68 0
28 61 0
24 54 1
4 89 0
51 86 0
33 64 0
33 69 0
7 69 0
54 70 0
45 63 0
6 46 0
7 9 0
4 90 1
73 87 0
42 68 0
22 31 1
31 68 0
4 34 1
24 77 0
57 72 1
3 52 1
31 61 1
45 59 0
68 72 0
14 43 0
9 74 1
47 77 0
64 87 0
29 82 1
11 52 0
3 46 0
45 87 0
3 60 0
73 79 0
6 59 1
46 60 1
20 77 0
50 53 0
54 89 1
85 89 0
18 38 0
78 82 1
3 16 0
13 41 1
23 78 1
35 83 0
3 50 0
48 66 1
23 48 1
5 74 1
21 68 1
60 82 0
23 28 0
21 76 0
54 86 0
7 82 1
65 68 1
58 85 1
69 87 1
3 21 1
36 79 1
36 77 0
57 60 0
28 30 1
2 66 1
55 66 0
36 74 1
74 84 1
31 57 1
61 80 0
35 65 0
47 52 0
24 58 1
23 60 1
23 40 0
36 37 0
53 56 1
58 83 0
16 38 1
58 85 0
42 80 1
40 76 0
47 60 0
64 83 1
19 79 0
17 90 1
33 65 0
69 74 0
2 79 0
1 73 1
35 75 0
36 44 1
5 90 0
46 57 1
35 86 1
30 40 0
19 83 1
74 89 0
21 75 0
19 36 1
23 80 0
12 60 0
10 89 1
26 34 1
6 7 0
46 48 1
51 67 1
26 46 1
1 35 0
63 80 1
16 20 1
26 29 0
7 80 1
58 76 1
54 88 1
7 16 1
75 89 1
23 71 1
75 86 1
58 81 0
26 68 1
47 85 1
11 62 0
40 60 1
71 74 1
49 84 1
29 33 0
2 49 1
41 48 0
7 55 0
66 76 0
16 33 0
29 57 0
18 80 0
42 84 0
41 66 1
31 44 1
17 75 0
6 86 1
46 62 0
58 67 0
3 71 1
17 32 0
18 37 0
32 72 1
40 50 1
47 84 0
9 89 0
4 59 0
46 53 0
6 32 1
14 45 0
27 44 0
14 51 0
8 39 0
4 86 0
43 46 0
67 82 0
7 57 1
51 68 0
7 64 1
27 90 0
31 42 1
13 65 1
32 71 0
20 45 0
27 85 1
33 81 1
35 59 0
2 65 1
6 29 0
19 50 0
56 71 1
15 53 0
1 57 1
19 35 0
7 36 1
22 30 1
49 63 0
53 90 0
34 88 0
72 85 1
70 73 1
8 19 0
69 78 1
20 73 0
15 65 0
27 35 1
28 63 1
40 84 0
12 84 0
9 54 0
42 71 1
8 85 1
62 72 0
52 62 1
16 63 1
31 90 0
1 9 1
35 37 0
4 54 0
9 12 1
14 89 1
19 24 0
78 80 1
30 59 1
45 71 1
28 58 0
14 17 1
57 63 0
38 78 0
60 63 0
7 50 1
13 25 1
5 56 0
61 77 0
10 18 1
58 65 0
12 20 0
16 74 1
25 34 1
23 29 0
70 85 0
34 65 1
24 88 0
17 26 0
20 63 1
18 46 1
28 89 1
12 21 0
16 64 1
46 75 0
18 53 0
29 30 0
9 31 1
81 85 1
66 69 1
15 60 0
9 42 1
15 28 0
35 38 1
48 67 0
9 58 0
1 55 1
53 77 0
42 44 1
38 85 1
1 6 1
24 32 0
46 79 0
70 82 0
38 55 1
51 78 1
38 42 1
20 54 1
46 57 0
25 50 1
29 50 0
66 74 1
15 81 1
8 57 1
73 77 0
35 71 0
13 86 0
54 86 1
35 67 1
80 83 1
19 75 0
74 76 0
12 74 0
31 72 1
13 22 1
14 59 0
52 82 1
24 34 1
25 52 1
24 87 0
29 61 1
31 63 0
9 48 1
49 83 0
27 54 1
1 22 1
27 75 1
3 89 0
52 65 0
12 57 1
5 13 1
24 64 0
9 47 1
43 58 1
64 72 0
38 68 0
16 29 0
21 25 1
21 45 0
33 66 0
7 76 1
10 56 1
44 64 1
27 30 0
46 90 1
38 83 1
22 46 1
43 78 1
67 78 0
1 62 0
26 72 0
27 70 0
40 58 1
37 84 1
54 62 0
11 43 0
57 68 1
9 55 1
17 51 1
61 76 1
1 45 1
4 22 1
5 71 1
29 78 0
6 22 1
41 68 1
57 74 1
58 60 0
10 40 0
8 73 0
25 64 1
23 31 0
15 82 0
32 75 1
22 69 0
51 66 0
7 58 0
56 77 0
5 65 0
17 77 0
39 65 0
58 63 0
39 61 0
21 50 0
9 90 1
16 30 1
39 86 1
15 89 1
11 13 0
50 89 1
51 86 1
15 65 1
32 41 0
29 67 1
75 82 0
19 20 1
3 64 0
6 69 0
11 76 0
8 62 1
38 50 1
13 73 0
25 86 0
21 41 0
21 83 0
34 88 1
4 67 1
11 38 0
25 36 1
59 71 1
41 69 1
30 47 0
44 76 1
44 89 0
28 79 1
66 88 1
45 57 0
9 18 1
9 72 0
39 71 1
33 75 1
9 81 0
13 37 1
14 42 1
67 86 1
17 21 0
87 90 0
11 32 1
56 64 1
26 83 0
38 86 1
15 55 0
56 72 0
13 27 0
53 83 1
55 75 0
27 34 1
27 39 1
4 77 0
48 65 0
10 50 0
26 41 0
6 9 0
39 86 0
60 77 1
59 77 0
65 82 1
10 59 1
17 59 0
6 84 0
46 68 0
36 61 0
20 47 0
62 67 1
41 47 1
8 20 1
30 57 0
42 60 1
15 69 1
39 84 1
41 56 0
5 72 1
34 57 1
23 81 1
28 34 1
79 83 1
2 84 1
24 39 0
22 58 0
16 55 1
31 65 0
49 64 0
1 23 1
16 30 0
86 88 1
32 48 1
2 70 0
33 87 0
46 51 1
29 81 1
27 37 0
17 35 0
11 69 1
32 53 0
50 68 1
9 67 0
15 64 1
28 35 0
8 13 0
4 33 0
13 52 1
21 49 1
33 42 0
45 90 0
4 45 0
47 71 0
47 53 0
51 63 0
10 66 1
68 89 0
7 28 0
29 54 1
15 62 1
64 88 0
5 82 1
28 71 1
10 19 0
8 47 0
17 83 0
54 76 1
44 77 1
37 49 1
25 58 0
52 86 0
4 90 0
27 58 0
28 78 1
63 65 0
59 69 0
55 57 0
31 86 0
23 39 1
2 23 0
1 17 0
25 46 0
7 68 0
5 11 0
9 60 0
29 88 0
38 54 1
41 76 1
15 37 0
66 72 0
3 6 0
30 54 1
51 81 0
14 26 0
43 73 0
45 80 1
9 82 1
13 33 0
11 66 0
14 69 0
2 82 0
44 80 0
27 71 0
5 77 0
15 54 0
12 44 0
35 52 0
68 86 1
7 22 0
15 16 0
32 72 0
32 73 1
29 32 0
3 38 1
63 81 0
60 87 0
13 67 0
28 77 0
33 45 0
40 78 1
35 75 1
3 5 0
23 76 1
6 55 0
18 79 1
63 88 1
29 65 0
22 88 1
41 57 0
20 23 0
8 90 1
13 43 1
23 30 0
80 85 1
58 82 1
23 27 1
65 86 1
52 72 0
37 85 1
6 51 0
74 85 1
33 39 0
49 76 1
59 74 1
85 88 0
50 56 0
21 80 0
10 18 0
18 35 0
18 76 1
3 17 0
24 41 0
34 35 0
34 46 0
4 32 1
28 29 1
28 68 1
5 80 1
50 85 1
14 41 0
47 68 0
30 35 0
20 21 0
4 20 0
20 70 1
40 65 1
29 31 0
54 77 1
31 84 0
3 9 0
29 89 1
5 7 0
17 73 1
34 86 1
81 89 0
53 64 1
8 59 0
16 45 1
30 75 0
35 85 1
28 55 1
11 27 0
23 43 1
19 71 0
21 48 0
22 37 1
23 26 1
15 25 0
61 72 0
2 30 1
3 60 1
12 19 0
21 44 0
11 16 0
18 19 0
2 3 1
77 89 1
11 87 1
43 83 1
2 28 1
25 72 0
36 41 0
71 88 1
28 46 0
49 67 0
42 51 1
43 70 1
85 90 1
1 85 0
30 65 0
13 17 1
74 81 1
80 84 0
55 83 1
33 44 0
31 57 0
36 47 0
29 40 1
31 51 0
68 76 1
67 85 0
33 81 0
1 90 1
9 11 1
22 45 0
6 73 0
1 40 1
30 71 1
16 88 1
71 83 0
42 73 1
19 59 1
22 67 1
36 71 1
15 84 1
43 62 0
60 79 1
19 86 0
3 45 1
3 43 1
45 79 0
32 82 1
20 77 1
34 56 1
64 80 0
26 64 0
15 39 0
54 64 1
19 22 1
9 52 1
22 42 1
53 77 1
21 76 1
13 16 1
5 52 0
34 77 1
17 20 0
83 86 1
44 62 1
39 82 1
33 70 1
36 76 1
3 56 1
3 88 1
5 31 1
64 66 1
40 66 0
65 82 0
17 84 0
11 75 0
23 35 1
40 83 1
30 65 1
20 90 0
72 73 1
30 71 0
9 56 0
30 41 0
36 68 0
22 82 1
18 41 1
42 45 0
74 83 1
20 72 0
19 32 1
2 45 0
26 62 0
12 78 0
69 89 1
45 72 1
12 55 1
52 62 0
18 49 1
4 70 0
2 66 0
20 63 0
19 51 0
16 65 0
43 69 0
59 61 0
27 57 0
16 78 1
66 84 0
4 11 1
77 79 1
17 86 0
8 32 0
28 86 1
42 67 1
2 88 0
46 61 0
8 61 0
63 66 0
80 82 0
43 64 0
52 87 0
43 57 0
36 63 0
34 87 1
11 64 1
63 71 1
28 46 1
31 82 1
2 37 1
65 72 0
12 82 1
59 77 1
24 58 0
14 16 1
30 86 1
22 29 0
11 31 0
55 56 0
34 38 0
42 63 1
36 75 1
17 47 0
2 50 1
18 59 1
24 79 1
25 86 1
54 75 1
16 43 0
39 88 0
45 65 0
13 34 1
16 42 0
22 87 1
7 77 0
13 88 0
15 27 0
33 61 1
2 43 0
44 68 1
65 71 1
83 89 1
21 39 1
13 32 1
48 71 0
46 78 0
62 68 0
59 70 1
32 35 1
48 61 0
25 82 1
12 58 0
52 69 0
36 50 0
14 23 1
49 85 1
36 71 0
21 59 0
11 41 1
26 60 1
9 37 0
2 50 0
25 28 0
51 90 1
59 83 0
12 64 1
79 90 0
61 89 0
23 55 0
18 74 0
10 12 1
15 85 0
32 47 1
16 22 1
49 77 1
73 81 1
5 61 1
64 85 0
14 65 0
31 50 0
8 82 1
32 57 0
38 80 1
72 76 1
13 22 0
67 78 1
2 12 0
39 64 1
53 83 0
72 75 1
12 37 0
45 61 0
39 72 1
50 62 0
50 72 1
7 20 0
44 60 0
69 80 1
4 47 1
63 77 0
3 10 1
34 67 1
59 63 1
57 89 1
77 79 0
31 86 1
37 59 1
22 88 0
71 75 1
7 46 1
8 29 0
35 45 1
53 62 1
54 66 0
44 47 0
24 30 1
39 60 1
62 74 1
72 78 0
24 49 1
13 49 0
9 87 0
36 70 0
63 79 0
22 25 0
43 44 1
15 42 1
26 40 1
51 56 1
2 83 1
24 38 1
46 59 1
11 61 1
40 59 0
10 20 1
24 31 1
47 68 1
39 52 0
54 61 1
42 90 1
55 70 1
19 25 0
4 36 0
13 62 0
35 82 1
30 86 0
15 29 0
39 48 0
48 84 1
54 78 0
71 87 0
76 80 0
21 40 0
12 66 1
19 71 1
55 72 0
33 52 1
44 73 1
52 64 1
42 87 0
30 60 1
49 89 1
3 63 1
15 64 0
38 40 0
38 60 0
16 59 1
11 39 0
25 65 1
27 76 1
70 80 0
28 59 1
37 60 1
7 88 1
43 59 1
75 81 1
40 42 1
63 81 1
6 20 0
32 59 1
53 85 1
18 23 0
42 52 0
47 66 0
25 78 1
39 46 1
12 16 0
58 75 1
12 85 1
1 76 1
81 88 1
5 49 0
26 61 0
66 78 0
30 88 1
37 87 1
43 53 0
14 37 1
36 45 1
16 86 1
54 69 1
5 58 1
14 27 1
4 38 1
4 39 1
15 74 1
41 83 0
3 57 1
46 47 0
43 67 0
38 54 0
32 57 1
19 69 0
39 50 0
6 23 1
80 89 0
22 49 1
12 49 0
43 60 1
4 79 0
69 86 0
18 73 0
41 45 0
29 75 1
24 82 0
78 83 0
44 56 0
65 67 1
51 53 1
10 20 0
48 68 1
38 85 0
34 58 1
73 84 0
30 60 0
52 63 1
6 60 1
6 66 0
5 20 0
42 83 1
72 84 0
33 64 1
40 50 0
5 67 1
33 77 0
57 64 1
72 84 1
53 55 0
36 64 1
79 83 0
49 79 1
12 63 1
6 75 0
22 56 0
20 87 0
2 47 0
2 4 0
14 25 1
29 57 1
47 82 0
8 56 1
15 71 1
83 88 0
9 25 1
11 40 1
17 62 1
75 83 1
25 55 0
6 37 1
51 85 0
45 85 1
14 90 0
22 23 1
28 38 0
21 65 0
10 83 0
5 67 0
48 72 1
11 86 0
23 87 0
27 59 0
25 63 1
23 81 0
27 87 0
1 52 0
29 81 0
10 75 1
37 55 0
37 66 1
12 82 0
2 28 0
21 64 0
65 90 0
78 88 1
41 85 1
58 66 1
43 52 1
13 39 1
29 74 1
43 45 1
7 29 0
56 70 1
75 78 1
79 81 1
23 37 0
3 81 0
26 58 0
44 47 1
58 80 0
32 38 0
50 85 0
32 35 0
50 68 0
8 26 0
31 48 1
22 34 1
21 22 0
12 85 0
15 76 1
16 80 1
11 85 0
45 76 0
43 56 1
30 82 0
44 50 1
15 16 1
45 68 0
49 70 1
43 84 0
50 73 0
18 73 1
49 89 0
50 74 0
20 62 0
13 77 0
22 89 0
38 52 0
28 58 1
1 63 1
26 84 0
30 69 0
2 61 0
49 78 1
10 61 0
9 51 1
2 11 0
10 58 0
6 39 0
9 28 1
34 38 1
2 15 1
67 89 1
51 62 1
40 43 1
52 74 1
70 89 1
27 73 1
39 79 0
21 82 0
38 71 0
12 39 1
15 17 0
51 52 0
10 68 0
16 55 0
50 84 0
3 51 1
1 64 0
17 43 0
17 46 0
45 51 0
64 77 1
52 73 0
32 36 0
30 49 0
17 39 0
14 77 0
16 56 1
6 45 0
23 72 1
8 25 0
41 82 0
19 28 0
46 72 0
12 76 0
43 88 1
36 54 1
10 43 1
57 70 1
17 74 1
9 88 1
41 76 0
41 68 0
47 76 1
1 56 1
6 25 0
49 85 0
38 79 0
68 87 1
46 84 0
19 48 0
10 45 0
42 82 0
13 69 0
86 89 1
17 62 0
25 30 0
18 22 0
43 86 0
18 63 0
84 87 1
16 49 0
30 90 1
57 81 0
48 78 0
27 74 1
15 54 1
67 86 0
8 42 0
37 40 1
8 54 1
24 50 0
16 50 1
57 85 0
9 59 0
27 65 0
28 76 1
11 29 0
1 72 1
31 90 1
28 64 1
25 45 1
22 51 1
31 50 1
10 41 0
70 77 0
21 34 0
28 72 1
12 36 1
9 34 1
11 47 0
34 45 0
10 13 0
16 46 1
4 19 1
34 84 1
51 73 0
65 90 1
7 53 1
4 50 0
44 81 0
20 61 1
14 86 1
19 49 1
2 41 0
17 72 1
36 72 0
3 31 1
8 11 0
30 83 1
1 31 0
8 84 1
8 70 1
8 80 1
36 37 1
21 82 1
35 48 0
48 76 0
29 66 1
72 83 1
24 65 0
7 52 0
73 83 0
24 40 0
23 84 1
33 80 0
18 51 0
20 55 0
7 17 1
2 34 1
17 82 0
32 78 0
29 69 1
47 55 1
23 61 1
6 38 1
21 80 1
62 81 0
77 88 0
34 50 1
18 68 1
4 57 1
5 84 1
9 14 1
7 19 0
60 80 1
36 69 1
34 53 0
36 48 0
63 69 1
26 55 0
14 19 0
57 90 1
6 45 1
1 30 1
10 49 0
9 17 0
41 84 0
6 19 0
31 66 1
5 7 1
2 49 0
19 67 1
17 42 1
46 66 1
58 77 1
18 81 0
33 67 1
69 87 0
32 65 0
14 44 0
13 82 0
12 47 1
16 17 1
13 50 1
14 85 1
41 65 0
6 44 1
50 82 1
25 85 0
18 84 0
14 20 0
1 14 0
1 12 0
29 73 0
49 83 1
25 59 0
56 76 1
71 89 0
18 56 0
29 33 1
40 68 0
19 50 1
33 60 0
7 67 1
6 24 0
10 69 0
2 76 0
7 37 1
39 51 1
54 63 1
32 65 1
4 22 0
61 86 1
30 34 0
5 61 0
61 85 1
18 85 1
18 35 1
20 88 1
76 83 0
29 90 0
57 77 0
10 84 0
50 62 1
37 78 1
42 73 0
64 68 0
82 83 0
5 10 1
56 58 0
78 86 1
12 63 0
39 89 0
69 73 1
5 19 1
56 66 1
63 71 0
29 41 1
36 73 1
39 59 1
50 83 1
43 83 0
32 67 0
29 70 0
7 48 1
20 75 0
44 67 0
60 71 0
43 71 0
49 62 0
2 32 1
36 49 0
67 73 0
46 89 1
17 38 0
80 81 0
36 85 1
16 76 0
54 58 0
60 89 0
31 39 0
30 41 1
72 81 1
11 79 1
37 45 1
13 51 1
14 83 1
38 73 1
7 83 0
61 64 0
4 62 0
24 80 0
5 79 1
16 87 1
21 53 0
11 87 0
58 86 0
5 43 0
48 75 1
4 45 1
12 31 1
32 63 0
1 18 0
10 26 1
51 54 0
13 15 1
18 39 1
9 37 1
46 55 0
36 52 0
21 54 1
4 14 1
37 53 0
16 45 0
24 73 1
14 31 0
28 34 0
73 82 1
62 85 1
27 61 0
35 89 0
71 89 1
44 50 0
35 79 1
9 20 1
24 32 1
3 19 0
2 63 1
15 31 0
1 13 0
15 50 1
52 60 1
75 87 0
15 84 0
10 84 1
14 73 0
13 35 0
52 81 1
15 33 0
15 75 1
24 61 1
60 68 0
5 39 1
21 85 1
40 53 0
12 67 1
29 70 1
9 73 0
39 49 0
1 6 0
48 76 1
35 68 0
15 80 1
59 86 1
6 13 0
22 44 1
35 88 0
64 82 0
14 25 0
33 65 1
64 80 1
59 66 1
37 44 0
27 65 1
29 87 0
56 83 1
9 30 1
19 33 0
6 22 0
63 79 1
38 83 0
35 81 1
32 81 1
21 22 1
32 51 1
10 46 0
40 88 0
54 82 0
35 86 0
67 71 1
64 71 0
52 73 1
49 76 0
4 43 0
6 24 1
39 58 0
29 68 1
68 84 0
20 53 1
48 84 0
7 27 1
12 84 1
1 61 0
32 42 1
3 15 0
50 70 1
28 80 0
3 40 0
54 84 1
8 76 0
21 59 1
17 23 1
10 60 0
11 37 0
14 39 1
15 17 1
9 84 1
54 56 0
68 90 1
19 87 0
16 70 0
26 68 0
26 51 1
16 37 0
14 21 0
8 77 1
30 37 1
40 58 0
7 41 0
33 49 0
15 45 0
31 89 0
56 90 0
39 72 0
20 42 0
37 70 0
34 51 1
21 55 0
32 54 1
16 44 1
26 78 0
53 82 1
66 76 1
68 73 1
9 85 0
19 37 0
45 69 1
79 86 1
5 46 0
1 80 0
69 88 1
25 90 0
4 46 1
20 25 0
35 63 1
21 73 0
42 60 0
51 80 0
1 4 1
12 33 0
3 30 1
50 56 1
11 27 1
60 74 0
23 35 0
48 73 1
65 69 0
4 10 1
18 90 0
13 81 0
37 77 1
15 30 0
69 70 0
34 39 1
39 82 0
52 68 0
29 48 0
29 36 0
5 82 0
74 90 1
7 46 0
5 62 0
31 41 0
61 88 0
28 67 0
18 89 1
32 40 1
20 50 1
1 66 1
3 56 0
40 45 0
10 65 1
35 39 0
22 31 0
14 83 0
14 68 0
8 78 1
34 67 0
82 87 0
35 38 0
17 68 1
14 29 1
14 37 0
16 53 1
52 63 0
41 63 1
14 62 1
57 80 1
58 81 1
58 76 0
24 47 0
42 54 0
33 77 1
26 44 1
8 74 1
68 77 0
51 60 1
6 63 1
28 45 1
41 62 1
48 51 1
25 80 1
8 23 1
18 87 1
5 86 1
6 43 1
19 61 1
42 55 0
55 78 1
41 78 1
20 68 0
34 72 1
14 48 0
27 73 0
43 88 0
21 58 0
57 85 1
2 3 0
65 75 1
60 66 1
15 68 0
24 45 0
44 48 0
54 82 1
58 90 1
26 44 0
13 61 1
32 86 0
31 51 1
41 80 1
5 14 0
10 88 1
19 83 0
21 56 1
9 61 0
4 84 0
15 43 0
76 81 0
15 82 1
37 50 1
29 34 0
22 52 0
15 43 1
54 84 0
13 66 0
15 70 0
37 81 0
30 51 1
15 63 1
16 58 0
5 69 0
17 33 0
3 49 0
33 90 0
42 85 0
45 83 1
8 90 0
45 54 1
55 56 1
7 79 0
9 20 0
43 71 1
56 65 1
38 82 0
8 45 0
45 66 0
12 54 1
76 78 0
29 68 0
26 81 0
35 71 1
6 49 1
49 56 0
13 55 0
49 65 0
46 78 1
23 89 0
4 61 1
36 38 1
63 78 0
21 36 1
47 50 0
18 54 1
69 82 0
24 69 0
46 52 1
74 78 1
21 78 0
5 15 0
4 30 1
78 83 1
28 33 1
34 76 0
30 37 0
44 46 0
22 39 1
3 29 0
32 83 0
15 52 1
15 55 1
23 83 1
15 34 0
14 55 0
48 72 0
24 35 1
76 84 1
55 82 1
26 87 0
6 31 0
15 42 0
48 80 1
57 80 0
16 82 0
39 73 0
55 86 0
16 23 1
9 30 0
12 36 0
55 73 1
21 49 0
13 47 0
17 40 1
80 83 0
28 29 0
33 73 0
16 59 0
3 24 0
24 80 1
39 47 0
26 66 1
17 51 0
67 68 0
17 77 1
61 86 0
25 35 0
18 71 0
10 17 0
17 58 0
45 75 0
36 78 1
31 49 0
19 46 1
60 73 1
53 73 1
51 53 0
23 32 1
63 86 1
31 33 0
15 67 1
54 62 1
8 67 1
74 87 0
14 18 0
74 82 0
10 74 0
29 77 1
56 59 0
74 80 1
29 50 1
11 66 1
4 40 1
2 48 0
5 87 0
25 75 1
6 66 1
12 31 0
4 75 1
25 66 1
36 80 0
29 38 1
6 10 1
61 79 1
33 56 1
3 83 1
51 82 1
38 57 1
12 62 1
52 68 1
28 71 0
5 80 0
12 79 1
43 56 0
7 11 0
25 67 0
88 90 1
75 82 1
52 83 1
66 86 1
45 46 0
44 72 1
34 43 0
25 73 0
12 25 1
83 86 0
35 54 0
3 12 0
5 33 0
20 22 0
45 57 1
54 90 1
53 78 1
13 38 0
56 81 0
50 51 0
82 90 0
34 62 0
54 64 0
83 84 1
42 53 0
3 83 0
48 58 0
41 60 0
33 37 0
33 85 1
20 30 0
74 89 1
37 38 1
12 56 1
43 82 1
21 71 1
5 77 1
50 58 0
28 89 0
37 51 0
15 86 0
2 53 0
5 66 0
53 87 0
19 56 0
63 89 0
7 74 0
5 58 0
29 61 0
70 87 1
58 84 0
14 50 0
63 68 1
37 68 0
53 79 0
26 85 1
21 53 1
40 56 0
28 48 0
3 61 1
9 60 1
6 81 0
35 80 1
36 47 1
60 78 1
59 64 0
29 71 1
38 75 1
21 57 0
29 42 0
16 83 0
80 81 1
16 79 0
31 72 0
36 69 0
68 75 0
6 28 0
16 89 1
8 69 1
14 80 0
22 63 0
37 72 0
61 81 1
72 79 0
27 59 1
59 75 0
23 85 1
50 88 1
42 84 1
21 29 0
9 73 1
38 66 1
1 75 0
4 85 1
79 80 0
14 30 0
16 28 1
36 88 0
45 77 0
14 84 0
41 89 0
2 10 1
7 79 1
37 89 0
79 89 0
20 56 1
30 67 1
20 46 0
57 67 0
50 71 0
7 50 0
20 43 1
3 66 0
17 45 1
77 85 0
26 34 0
32 43 0
73 81 0
64 79 0
34 70 0
10 31 1
3 7 1
37 68 1
63 83 0
49 79 0
4 5 1
2 35 1
11 28 1
38 56 0
5 35 1
40 44 0
69 84 1
15 76 0
50 82 0
31 34 0
64 74 0
6 78 0
43 67 1
23 80 1
5 87 1
32 46 0
21 43 0
33 52 0
11 18 1
8 63 0
26 31 0
6 42 1
31 65 1
24 66 1
23 66 0
16 66 1
70 75 0
42 78 0
17 29 0
2 46 0
39 83 0
31 32 1
57 62 0
14 16 0
4 87 1
37 54 1
29 43 0
18 38 1
19 63 1
73 89 1
11 35 0
73 74 1
66 75 0
6 83 0
54 78 1
34 40 0
28 74 0
19 33 1
10 57 1
14 72 1
33 55 0
29 63 0
47 65 1
19 68 1
32 90 0
14 81 1
48 85 1
3 53 1
63 64 0
28 53 0
37 73 1
77 83 0
6 25 1
39 62 1
7 56 1
57 71 0
30 81 1
84 85 1
25 46 1
66 73 0
81 87 1
13 90 1
12 30 0
28 74 1
14 74 0
25 68 1
2 87 1
65 84 1
25 27 1
9 15 1
66 72 1
2 43 1
28 81 1
81 86 1
31 77 1
27 56 1
14 34 1
2 87 0
26 64 1
29 78 1
38 40 1
1 27 0
2 83 0
49 88 0
1 78 0
41 46 0
21 47 0
29 36 1
40 71 1
49 54 1
18 26 0
32 83 1
52 55 1
15 28 1
63 76 1
16 85 0
36 42 0
61 84 1
31 87 0
8 62 0
19 90 0
3 36 1
18 57 0
19 30 0
6 88 1
60 69 0
10 38 1
23 84 0
1 45 0
45 67 1
5 9 1
23 49 1
48 90 0
26 27 0
5 47 1
3 20 1
26 82 1
23 89 1
82 87 1
25 53 1
49 60 1
8 24 1
6 54 0
12 56 0
47 76 0
20 85 0
52 59 1
41 43 1
4 20 1
23 77 1
7 15 0
46 65 1
8 14 1
25 83 0
19 81 1
58 63 1
14 71 0
26 58 1
27 62 1
31 83 0
79 85 1
14 65 1
51 69 0
50 78 0
6 40 1
14 29 0
54 87 1
40 83 0
71 72 0
37 52 0
10 46 1
1 53 0
69 79 1
46 86 0
57 61 0
59 76 1
14 77 1
50 79 1
22 76 1
49 58 1
31 69 0
4 85 0
85 86 0
63 69 0
39 81 1
33 43 1
45 72 0
68 70 1
10 32 0
64 73 0
17 27 1
37 85 0
2 64 1
34 41 0
1 65 0
5 22 1
16 50 0
1 37 0
27 57 1
39 54 1
2 31 0
2 8 1
29 39 1
25 48 1
61 67 0
1 84 1
22 72 0
8 83 1
29 40 0
61 62 0
14 64 0
63 76 0
42 58 1
47 80 1
3 43 0
23 70 0
47 74 0
67 70 0
43 54 1
8 57 0
4 38 0
16 31 0
6 77 1
59 73 1
1 18 1
43 50 0
31 35 1
34 55 1
25 36 0
2 6 1
3 9 1
6 38 0
71 86 1
41 56 1
81 85 0
62 80 1
20 28 1
10 76 0
48 80 0
26 53 1
12 80 1
33 54 1
8 41 1
52 53 0
79 90 1
7 38 1
16 77 1
42 78 1
41 71 0
49 51 1
67 68 1
27 46 0
35 89 1
32 87 0
71 76 1
5 15 1
37 87 0
23 79 0
8 55 0
43 62 1
50 84 1
88 89 1
11 45 0
7 23 1
4 47 0
31 80 0
8 43 0
70 76 1
7 74 1
65 85 1
4 28 1
16 67 0
3 28 0
22 74 0
50 54 1
2 26 0
28 90 0
16 39 1
49 72 1
32 34 0
26 73 1
35 44 0
14 81 0
47 81 0
18 27 1
3 81 1
25 71 1
9 58 1
66 67 0
32 44 0
32 71 1
72 81 0
19 31 0
28 76 0
78 86 0
5 50 1
37 83 1
47 81 1
6 26 1
26 47 1
52 77 0
60 61 0
25 44 0
52 57 0
45 88 1
32 68 0
38 67 0
37 43 0
32 66 1
32 62 1
33 50 1
35 72 0
30 82 1
17 24 1
42 68 1
3 76 0
53 59 1
22 90 1
64 86 0
5 28 0
33 47 1
18 21 0
46 80 1
9 72 1
58 90 0
19 48 1
36 59 1
17 60 1
7 42 1
7 70 0
35 52 1
79 82 1
22 53 1
50 58 1
52 82 0
44 45 0
31 55 1
47 86 0
20 59 0
4 32 0
29 52 1
53 55 1
34 89 0
62 69 0
39 76 0
10 51 0
4 29 1
41 51 0
1 26 1
19 53 1
19 73 1
27 63 1
67 79 1
58 89 1
35 42 0
13 44 0
43 47 0
14 49 0
22 39 0
19 69 1
17 43 1
3 33 0
1 84 0
31 73 1
33 84 1
4 52 0
31 36 0
54 66 1
8 52 1
21 28 0
12 49 1
36 51 1
10 70 1
1 35 1
60 64 1
40 62 0
8 38 0
1 33 1
70 74 0
56 84 1
5 75 1
43 60 0
20 38 1
5 30 0
62 72 1
55 71 1
65 70 1
41 74 0
29 55 1
11 51 1
15 49 1
22 55 0
41 73 1
19 43 1
18 72 1
6 72 0
13 29 0
14 75 1
62 69 1
2 39 0
1 73 0
5 23 0
1 65 1
9 16 0
70 85 1
3 18 1
23 51 0
7 9 1
73 88 0
59 84 0
14 22 1
52 84 0
34 51 0
27 70 1
17 41 1
69 72 1
18 42 0
21 30 1
22 90 0
25 54 0
47 71 1
34 54 0
28 73 1
48 79 0
13 75 1
48 63 1
26 82 0
4 72 1
10 70 0
11 76 1
26 81 1
9 33 1
33 34 0
11 72 0
3 32 0
52 78 1
6 15 1
5 45 0
24 85 1
33 45 1
32 89 1
51 87 1
44 74 0
3 70 1
29 64 1
5 54 0
6 41 0
75 79 0
57 78 1
53 64 0
35 64 1
27 36 1
56 77 1
28 48 1
12 53 0
16 58 1
8 32 1
1 60 0
42 87 1
29 37 0
45 62 0
56 62 1
5 89 0
1 55 0
47 51 0
41 88 1
28 67 1
38 50 0
15 44 1
1 77 1
85 87 1
10 73 1
19 84 1
11 41 0
14 85 0
16 71 0
4 16 0
66 86 0
2 76 1
17 81 0
47 87 1
37 49 0
11 82 0
62 79 0
49 71 1
16 78 0
36 46 1
53 80 0
37 69 0
4 57 0
39 42 1
3 87 1
24 27 0
55 82 0
31 79 0
54 80 0
3 77 0
76 90 0
24 75 1
16 52 1
23 33 0
3 80 1
31 45 1
46 69 1
60 84 1
69 85 1
41 64 1
23 82 0
3 48 1
52 85 1
32 36 1
22 41 0
19 47 1
21 40 1
14 86 0
29 39 0
17 76 0
18 26 1
3 44 0
50 81 1
6 34 0
29 77 0
25 74 0
12 26 1
30 47 1
51 79 0
80 85 0
22 43 1
2 55 1
26 75 1
82 86 0
44 51 1
9 80 1
9 69 0
19 62 1
20 71 1
60 81 0
3 11 1
26 80 0
18 76 0
10 34 1
17 37 1
47 62 0
27 45 1
51 89 0
15 79 1
24 68 0
20 66 0
7 87 0
33 60 1
20 41 1
60 76 1
12 89 1
47 58 1
76 87 1
6 11 0
32 74 0
35 56 1
56 81 1
56 90 1
36 38 0
12 58 1
15 20 1
85 88 1
1 25 0
44 74 1
38 45 0
58 78 1
37 61 0
31 78 0
7 48 0
17 52 1
35 70 0
47 79 1
1 16 1
26 80 1
59 88 1
34 37 0
89 90 0
6 70 0
45 70 1
45 88 0
31 53 0
4 84 1
68 79 1
3 8 0
14 66 1
11 56 1
8 37 1
17 89 1
10 37 0
31 32 0
31 76 1
47 70 0
29 52 0
41 42 1
20 72 1
5 56 1
50 52 1
28 38 1
44 70 0
9 17 1
38 59 0
21 23 0
37 88 0
71 85 0
45 90 1
11 13 1
25 78 0
42 74 1
47 79 0
17 20 1
2 57 1
20 58 1
23 88 1
54 85 0
21 70 1
57 82 1
15 24 1
13 23 0
9 15 0
8 15 0
46 56 1
31 63 1
23 39 0
36 89 1
26 51 0
56 75 1
12 61 0
51 59 1
61 88 1
6 8 0
21 69 0
19 36 0
4 77 1
29 37 1
14 80 1
39 56 0
10 16 0
61 63 0
66 80 1
19 23 0
12 21 1
10 80 0
67 74 0
36 40 0
31 68 1
36 81 1
6 74 1
6 57 0
67 69 1
19 84 0
44 46 1
24 36 1
16 88 0
14 30 1
45 62 1
19 52 0
1 89 0
40 46 0
25 32 0
17 75 1
59 85 0
68 80 1
85 89 1
3 64 1
12 75 1
18 21 1
24 84 0
15 80 0
7 47 0
17 46 1
8 76 1
32 47 0
17 71 1
28 85 1
33 53 1
42 89 0
20 53 0
42 64 0
17 57 0
19 56 1
14 24 0
22 62 1
37 72 1
17 69 1
38 49 1
28 35 1
21 52 0
11 15 0
10 72 1
54 73 0
61 68 0
6 50 1
25 82 0
28 69 0
54 67 0
10 74 1
2 44 1
54 55 1
44 84 0
12 74 1
18 48 0
8 70 0
27 80 0
66 88 0
48 49 1
57 69 0
12 46 1
3 17 1
35 37 1
69 70 1
6 60 0
15 88 0
25 37 0
11 53 1
27 38 0
41 46 1
30 58 0
22 84 1
18 68 0
48 82 1
47 48 0
27 63 0
5 55 1
62 73 1
33 46 0
38 77 0
39 85 1
16 26 0
33 63 1
47 53 1
6 18 0
7 57 0
38 75 0
37 42 0
37 47 0
1 29 0
10 82 0
32 43 1
52 80 1
8 12 1
7 12 0
11 51 0
10 25 1
14 76 1
37 62 0
73 89 0
17 78 0
33 57 0
37 81 1
16 62 1
68 83 1
42 70 1
51 89 1
43 72 1
15 38 0
51 85 1
31 54 0
19 79 1
27 41 0
61 67 1
40 72 0
2 71 0
55 88 1
7 62 1
69 88 0
27 83 1
1 52 1
19 49 0
39 47 1
16 87 0
74 79 0
7 64 0
6 64 1
34 42 0
21 78 1
18 33 0
12 88 1
12 87 0
40 70 0
17 67 1
25 38 1
2 77 0
24 54 0
23 77 0
12 90 0
51 76 1
15 58 1
37 51 1
54 58 1
51 84 1
12 22 0
45 80 0
39 58 1
59 90 0
4 29 0
23 56 1
1 87 0
13 28 1
11 72 1
29 71 0
35 60 1
70 86 1
8 64 0
28 62 1
18 50 1
38 39 1
77 78 1
35 69 0
13 54 1
31 80 1
37 46 0
3 39 0
5 81 1
16 33 1
36 83 1
7 80 0
58 62 0
4 64 0
28 50 1
75 90 1
44 48 1
1 40 0
41 78 0
9 49 0
17 59 1
40 86 1
70 90 0
25 85 1
71 78 0
41 58 1
9 10 1
40 90 1
70 83 0
28 88 1
39 74 1
3 42 1
38 47 1
25 61 1
29 88 1
5 40 1
10 63 0
2 84 0
5 34 0
12 69 1
14 22 0
27 45 0
11 71 1
8 16 0
71 74 0
1 32 0
7 88 0
20 74 0
16 29 1
15 73 0
74 88 0
10 73 0
33 88 0
7 21 0
11 89 0
24 79 0
41 77 0
21 51 0
33 80 1
49 66 0
13 21 1
7 32 0
24 84 1
21 74 1
55 62 1
26 42 0
43 49 1
30 84 0
23 49 0
14 60 0
29 76 1
73 80 0
76 86 1
19 27 0
51 64 1
6 27 1
81 87 0
32 77 1
28 36 1
2 72 0
30 75 1
12 70 1
18 36 0
33 38 0
14 35 0
11 70 1
33 78 1
55 67 1
1 43 1
53 66 1
40 74 0
2 23 1
53 76 1
18 44 1
61 87 1
24 88 1
15 63 0
3 79 1
12 68 1
35 50 1
38 55 0
25 43 1
16 24 1
28 60 0
26 90 0
3 78 0
50 88 0
2 62 1
3 44 1
25 81 1
11 17 1
55 85 1
54 81 0
2 27 0
67 80 0
40 86 0
7 76 0
22 38 1
4 69 1
20 50 0
35 90 1
41 50 0
67 72 0
13 87 0
13 45 0
29 83 0
28 51 1
39 70 1
1 67 0
9 78 1
21 38 0
1 33 0
9 19 1
15 61 0
48 81 0
29 41 0
13 67 1
20 65 0
35 69 1
47 56 0
18 22 1
11 65 0
23 34 0
58 72 0
7 65 0
23 46 1
26 89 1
4 36 1
27 41 1
10 22 1
82 84 1
52 85 0
43 84 1
64 84 1
74 75 0
1 43 0
78 84 0
43 79 1
30 68 1
33 79 1
47 70 1
12 71 0
51 54 1
16 69 1
4 56 0
2 36 1
13 89 1
19 72 0
25 87 0
45 76 1
56 79 1
19 82 1
56 67 0
4 54 1
69 76 1
42 65 1
60 64 0
9 79 1
65 66 1
78 85 1
53 58 0
58 80 1
3 5 1
6 20 1
6 19 1
3 72 1
31 54 1
13 49 1
11 48 1
12 90 1
9 77 0
18 61 1
3 65 0
1 48 1
4 60 1
7 33 0
44 75 1
10 17 1
32 80 0
12 54 0
6 80 0
11 81 1
42 61 1
41 57 1
53 57 1
29 72 0
6 16 0
43 48 1
24 68 1
55 78 0
13 83 0
24 48 1
28 65 1
2 25 1
37 75 1
31 37 0
42 46 1
16 39 0
23 59 1
13 38 1
27 29 0
34 66 1
55 60 0
45 54 0
72 77 0
30 53 1
83 84 0
44 54 1
8 31 0
26 71 1
73 79 1
11 83 0
30 32 1
44 72 0
12 50 0
57 89 0
34 49 1
24 50 1
74 80 0
36 49 1
32 55 1
58 59 1
1 23 0
38 76 0
86 87 1
46 87 1
11 38 1
43 61 0
1 90 0
13 26 1
9 86 1
9 51 0
39 43 0
60 73 0
58 71 0
44 76 0
39 85 0
4 35 1
4 41 0
51 61 1
40 67 1
42 47 0
37 66 0
14 88 0
32 76 0
21 32 1
5 12 0
49 73 0
2 40 1
56 59 1
30 77 0
28 42 0
76 89 0
46 67 1
40 89 0
47 87 0
3 41 1
2 21 0
43 73 1
8 33 0
65 76 1
80 88 1
6 67 0
29 46 0
32 42 0
40 88 1
77 84 1
40 72 1
61 83 1
23 47 1
21 39 0
13 64 1
14 48 1
11 46 1
12 24 1
18 34 1
67 81 0
32 45 0
23 51 1
26 48 1
2 10 0
43 57 1
4 31 0
44 88 0
25 44 1
19 32 0
39 48 1
56 87 0
44 52 0
40 90 0
2 25 0
27 35 0
52 90 0
12 30 1
38 64 1
18 58 0
54 76 0
38 61 1
57 87 0
30 85 1
12 48 0
26 88 0
7 81 0
30 36 0
6 71 0
42 46 0
8 17 0
24 56 0
16 35 0
40 60 0
23 90 1
21 68 0
15 89 0
56 64 0
22 78 1
70 86 0
13 42 0
10 35 0
62 68 1
59 80 1
28 52 0
78 82 0
14 47 0
74 75 1
19 86 1
1 27 1
46 90 0
5 42 0
4 24 1
13 26 0
11 53 0
10 48 1
15 35 1
10 78 1
20 86 0
3 36 0
22 42 0
72 80 0
11 22 0
81 83 0
21 38 1
67 83 0
19 29 1
15 47 1
14 26 1
54 80 1
53 65 0
48 57 1
37 74 0
28 68 0
42 86 0
49 57 1
5 24 1
1 7 1
60 87 1
4 44 0
16 81 1
49 86 0
31 47 1
78 79 1
22 80 0
47 72 1
19 55 0
6 23 0
12 77 0
49 87 1
11 14 1
88 89 0
32 84 0
24 86 0
51 76 0
29 84 0
26 32 1
17 56 0
27 89 1
22 87 0
36 89 0
46 71 0
7 16 0
27 68 1
19 30 1
64 67 1
15 78 0
1 37 1
4 80 0
9 18 0
42 77 1
27 68 0
4 74 0
22 48 0
41 83 1
55 76 1
31 35 0
50 66 1
15 27 1
4 13 0
16 72 1
69 79 0
47 64 1
1 19 1
12 28 0
51 83 1
13 45 1
18 45 0
36 74 0
20 83 1
31 74 1
17 53 0
53 56 0
11 54 0
25 69 1
3 11 0
13 50 0
55 80 1
7 63 1
65 69 1
25 84 0
9 40 0
12 28 1
49 69 0
30 66 0
1 2 0
10 21 1
7 39 0
32 54 0
57 90 0
32 45 1
25 49 1
39 45 0
61 69 1
1 24 1
8 53 0
12 71 1
1 67 1
32 61 1
43 72 0
43 76 0
19 73 0
42 85 1
19 54 1
9 26 0
66 71 1
40 64 1
28 70 0
28 62 0
64 65 1
58 75 0
68 71 1
40 85 0
41 70 0
3 32 1
52 88 1
22 56 1
21 46 0
18 19 1
4 76 0
20 29 1
41 61 1
60 63 1
42 77 0
66 70 1
75 87 1
23 87 1
8 74 0
28 84 1
78 87 1
51 59 0
7 43 1
25 60 0
32 40 0
64 74 1
29 75 0
28 66 0
20 29 0
3 47 1
69 76 0
59 65 0
3 52 0
52 56 1
11 19 1
56 74 0
74 83 0
28 56 1
39 56 1
8 85 0
19 47 0
7 14 1
13 31 1
4 39 0
7 51 1
1 9 0
21 56 0
45 55 1
31 62 1
42 59 0
2 6 0
11 68 1
43 47 1
26 76 0
7 61 1
28 37 1
18 74 1
23 41 0
52 76 0
30 79 1
16 56 0
68 81 0
21 30 0
84 86 0
37 56 1
33 74 1
36 55 1
16 27 0
33 76 0
23 75 0
15 22 1
8 86 1
49 54 0
21 75 1
31 59 0
43 63 1
9 21 1
19 42 0
26 85 0
35 77 0
78 90 1
18 46 0
48 58 1
20 54 0
26 56 1
3 75 1
29 80 0
22 45 1
11 12 1
35 53 0
77 87 0
34 58 0
34 55 0
33 73 1
56 68 0
64 83 0
52 71 0
21 89 0
25 53 0
69 89 0
49 63 1
50 57 0
17 53 1
35 58 1
87 89 1
57 75 0
20 31 1
11 54 1
38 46 1
6 56 1
30 43 0
72 74 0
27 38 1
37 40 0
48 54 0
25 37 1
42 64 1
78 89 1
7 26 1
20 52 0
55 74 1
11 22 1
2 58 1
27 47 1
42 44 0
11 46 0
3 82 1
36 72 1
40 49 0
38 72 1
5 9 0
25 29 0
26 28 0
2 5 0
11 26 1
34 60 1
58 88 0
38 82 1
32 58 0
23 42 0
4 49 1
41 64 0
20 67 1
20 44 0
57 78 0
72 86 0
4 65 0
25 74 1
15 41 0
40 69 1
22 79 0
3 15 1
7 35 1
7 24 1
11 74 1
4 19 0
11 89 1
38 53 0
28 90 1
22 37 0
14 78 1
20 74 1
31 47 0
43 51 1
58 69 1
11 28 0
16 90 0
65 88 0
5 29 0
13 20 0
55 86 1
53 75 0
50 64 0
23 36 0
72 86 1
17 87 0
53 61 0
42 66 1
34 64 0
43 75 0
22 66 0
27 61 1
46 82 0
26 61 1
80 88 0
22 61 1
44 80 1
69 75 0
29 79 1
10 89 0
25 31 0
7 86 1
38 80 0
30 50 1
3 69 1
3 62 1
36 46 0
24 62 1
41 86 0
74 86 0
37 60 0
47 54 0
38 56 1
18 86 1
66 81 1
39 42 0
39 66 1
76 82 0
7 61 0
54 67 1
44 55 0
50 64 1
53 71 0
36 67 0
51 75 0
66 68 1
4 12 0
46 54 0
46 89 0
58 86 1
3 26 1
29 34 1
2 21 1
10 87 0
25 76 1
7 69 1
7 54 1
24 76 1
52 61 1
4 40 0
26 84 1
48 79 1
15 87 1
23 66 1
25 26 1
50 89 0
52 55 0
35 82 0
10 79 0
2 67 0
58 83 1
2 62 0
20 58 0
6 89 0
73 85 0
12 66 0
60 78 0
4 14 0
43 45 0
75 80 0
73 77 1
4 8 0
40 61 0
34 79 0
29 83 1
11 45 1
59 80 0
5 78 0
15 74 0
55 71 0
8 47 1
23 71 0
77 81 1
13 89 0
4 65 1
57 84 1
15 40 0
7 67 0
44 89 1
31 41 1
5 51 0
28 31 1
9 89 1
5 13 0
28 69 1
45 75 1
11 57 0
26 29 1
55 87 1
59 87 1
49 52 1
13 80 0
8 42 1
28 32 1
3 58 0
50 63 1
34 54 1
6 68 1
62 83 1
41 59 0
34 87 0
45 46 1
31 82 0
8 46 1
8 30 0
64 71 1
18 33 1
11 33 1
4 13 1
61 63 1
51 57 0
65 71 0
26 78 1
12 72 0
19 55 1
23 46 0
5 12 1
57 73 1
5 25 0
56 57 0
27 44 1
40 41 1
35 58 0
5 60 1
44 65 0
6 53 0
19 57 1
1 38 1
27 62 0
51 77 0
19 77 0
32 59 0
81 88 0
35 66 1
43 52 0
51 68 1
81 84 0
57 86 1
36 57 1
43 90 0
1 21 1
42 89 1
5 66 1
36 52 1
14 45 1
28 64 0
3 25 0
45 59 1
24 25 0
44 86 0
27 82 1
19 38 1
46 47 1
39 60 0
32 49 0
59 73 0
37 41 1
28 86 0
46 88 1
6 58 0
25 87 1
45 78 1
4 61 0
76 88 0
34 48 1
46 73 0
13 63 1
1 71 0
31 49 1
10 22 0
59 68 1
27 77 0
45 71 0
2 17 1
11 25 0
5 47 0
5 54 1
11 34 0
13 62 1
3 37 1
3 47 0
4 80 1
27 29 1
33 90 1
34 85 0
18 60 1
44 63 0
40 75 1
18 39 0
20 71 0
13 70 0
11 47 1
2 80 0
5 41 1
26 65 1
14 79 1
26 37 1
9 63 1
52 83 0
7 51 0
29 45 0
64 75 0
12 45 1
9 33 0
26 30 1
33 43 0
20 66 1
66 79 1
39 67 1
9 39 0
36 76 0
11 63 0
34 78 0
12 59 1
45 56 0
41 89 1
37 80 0
43 55 0
50 60 1
15 86 1
17 79 0
21 32 0
70 73 0
3 27 0
8 79 1
9 62 1
19 76 0
46 87 0
23 26 0
20 35 1
4 43 1
5 65 1
40 55 1
25 39 0
5 90 1
26 35 1
5 68 0
52 87 1
28 79 0
46 53 1
8 89 1
18 81 1
2 79 1
50 80 0
9 23 1
40 47 1
11 55 0
6 28 1
12 73 1
63 65 1
59 67 0
24 82 1
14 50 1
45 66 1
13 85 0
26 89 0
5 25 1
33 62 1
29 58 1
22 75 1
47 55 0
9 83 1
45 64 0
15 51 0
11 25 1
30 34 1
71 85 1
24 44 0
23 73 1
35 41 1
7 40 0
44 64 0
72 80 1
11 59 0
18 30 1
14 73 1
14 63 0
46 67 0
8 49 0
32 46 1
10 62 0
24 56 1
34 60 0
12 13 1
13 82 1
39 49 1
6 65 0
12 40 0
64 65 0
26 43 1
4 60 0
50 59 0
55 57 1
61 73 1
7 43 0
13 58 0
3 76 1
44 71 0
33 69 1
10 65 0
1 50 0
32 82 0
34 73 1
1 56 0
3 18 0
34 86 0
15 46 1
23 63 0
53 86 1
29 86 0
4 83 1
32 69 0
54 72 0
27 90 1
45 65 1
9 38 0
34 47 0
10 47 0
5 37 1
14 46 1
62 90 1
12 52 1
14 57 1
30 70 1
64 73 1
63 89 1
4 81 1
23 45 1
27 81 1
38 69 0
55 65 1
24 43 1
7 59 0
15 25 1
34 44 0
47 74 1
22 47 1
3 88 0
33 58 0
29 69 0
25 48 0
34 44 1
25 89 1
8 87 0
17 34 0
66 80 0
45 50 1
68 81 1
45 58 1
32 48 0
29 31 1
4 50 1
12 75 0
66 74 0
42 88 0
4 78 0
65 67 0
19 27 1
54 71 1
51 80 1
43 75 1
48 55 1
16 54 1
70 84 0
35 45 0
15 90 0
69 75 1
45 52 1
5 38 0
30 76 0
15 66 0
79 84 0
75 79 1
9 46 0
4 66 0
23 29 1
31 58 1
1 10 1
8 67 0
11 63 1
24 87 1
66 89 1
20 49 1
28 83 0
37 71 0
31 56 1
9 68 0
12 83 1
2 11 1
19 40 1
53 60 0
26 67 0
37 82 1
1 29 1
8 28 0
11 65 1
14 31 1
75 89 0
7 44 0
3 72 0
14 24 1
8 71 0
43 86 1
48 50 1
3 48 0
75 78 0
1 15 0
28 57 1
3 14 1
18 25 1
19 81 0
14 20 1
35 41 0
71 88 0
43 82 0
14 55 1
17 63 1
13 60 1
44 79 1
21 86 1
49 61 1
3 90 1
23 88 0
35 36 1
13 41 0
23 59 0
32 74 1
63 74 1
65 78 1
22 25 1
38 86 0
31 69 1
4 88 1
36 48 1
5 49 1
33 67 0
43 50 1
57 59 1
19 75 1
5 69 1
6 61 0
27 47 0
31 36 1
48 64 0
20 62 1
15 72 0
25 64 0
37 86 0
11 50 1
16 43 1
61 72 1
2 39 1
42 76 0
80 84 1
21 61 0
20 46 1
63 67 0
33 34 1
29 73 1
47 63 1
54 74 1
7 90 0
56 78 1
20 27 0
50 80 1
12 34 0
5 52 1
12 44 1
1 2 1
20 24 0
76 90 1
15 39 1
52 57 1
9 35 0
30 84 1
2 45 1
71 83 1
36 58 0
66 82 1
23 50 0
36 73 0
3 34 0
13 48 1
52 76 1
42 88 1
48 62 1
7 90 1
40 51 1
35 44 1
49 84 0
15 70 1
29 76 0
29 49 1
62 66 1
34 68 0
3 57 0
9 66 0
46 50 0
46 85 1
1 83 1
12 29 0
63 75 1
27 31 1
50 90 1
19 29 0
4 52 1
6 44 0
4 16 1
1 13 1
20 90 1
10 40 1
1 70 1
14 78 0
34 74 0
29 66 0
60 65 0
52 80 0
62 88 0
8 16 1
4 89 1
18 83 0
41 51 1
8 26 1
6 54 1
50 76 1
1 26 0
34 57 0
48 62 0
40 57 1
35 62 0
70 72 0
19 78 1
3 73 0
2 47 1
40 81 0
72 76 0
7 28 1
4 78 1
8 44 1
17 31 1
12 73 0
29 42 1
20 75 1
8 44 0
25 34 0
48 61 1
4 64 1
47 75 1
29 80 1
15 62 0
4 12 1
70 83 1
70 76 0
45 53 0
14 53 1
21 64 1
1 49 1
46 71 1
16 84 1
16 67 1
9 25 0
14 58 0
37 54 0
74 87 1
17 64 1
10 24 1
13 71 1
26 45 1
1 58 0
15 87 0
13 20 1
82 85 1
22 77 0
55 62 0
48 75 0
65 77 1
18 43 1
53 61 1
39 61 1
7 75 0
51 65 1
17 28 1
11 88 0
20 56 0
29 85 0
19 25 1
50 74 1
21 79 1
45 53 1
13 88 1
14 44 1
32 70 1
37 65 0
25 39 1
79 84 1
17 41 0
6 39 1
6 74 0
5 50 0
6 33 0
37 89 1
51 66 1
21 81 0
33 51 0
30 85 0
1 14 1
55 84 0
23 60 0
11 52 1
51 62 0
28 59 0
2 38 0
11 75 1
19 80 1
9 29 1
5 20 1
6 55 1
28 42 1
5 28 1
9 74 0
57 84 0
84 90 1
68 71 0
25 51 1
19 89 0
44 90 0
40 51 0
82 86 1
17 60 0
80 90 1
24 51 0
16 28 0
24 41 1
34 37 1
49 75 1
25 47 0
67 76 1
26 41 1
82 89 1
50 78 1
46 65 0
5 48 1
36 44 0
3 42 0
29 35 1
21 31 1
67 88 1
35 87 1
19 38 0
59 60 1
19 22 0
2 51 1
68 75 1
15 66 1
21 54 0
3 80 0
2 15 0
45 69 0
11 74 0
16 48 0
44 82 0
35 54 1
19 59 0
2 60 0
10 34 0
39 59 0
14 82 0
6 75 1
72 85 0
20 57 0
35 61 0
55 73 0
19 54 0
14 68 1
67 90 0
17 55 1
59 74 0
85 86 1
50 72 0
41 52 0
29 64 0
33 84 0
60 72 0
10 28 0
20 21 1
31 88 0
27 55 1
15 79 0
30 50 0
10 88 0
57 68 0
7 18 0
27 80 1
50 61 0
37 43 1
58 88 1
73 87 1
38 44 1
57 66 0
39 65 1
21 46 1
9 55 0
39 79 1
57 69 1
18 83 1
51 61 0
11 78 0
28 44 1
35 55 1
9 50 1
36 66 0
7 73 1
62 82 0
69 74 1
38 65 0
55 70 0
15 32 1
25 56 1
13 76 0
62 83 0
16 42 1
45 82 0
2 78 0
59 84 1
14 15 1
13 36 0
20 87 1
25 66 0
69 77 0
39 69 1
55 58 0
19 57 0
7 15 1
65 83 1
34 71 0
1 51 1
64 90 0
10 23 0
70 71 1
17 49 0
32 88 0
10 53 0
46 66 0
41 59 1
7 71 0
69 85 0
8 25 1
11 56 0
30 48 1
20 23 1
28 40 0
50 76 0
37 53 1
20 42 1
2 88 1
22 54 1
14 74 1
50 86 0
54 59 0
22 60 1
31 81 0
7 84 0
43 46 1
11 17 0
25 54 1
44 77 0
20 30 1
10 77 0
48 64 1
8 11 1
25 70 0
57 73 0
27 72 1
7 34 0
7 23 0
6 58 1
63 90 1
23 62 1
41 55 1
46 61 1
36 87 1
14 59 1
20 49 0
29 30 1
42 54 1
24 26 0
16 24 0
7 31 0
30 88 0
5 22 0
7 29 1
16 21 0
30 55 1
9 66 1
7 56 0
2 85 1
50 66 0
23 36 1
63 75 0
9 85 1
7 30 0
9 31 0
68 74 0
3 63 0
4 55 0
17 22 0
29 65 1
23 68 1
14 33 1
22 24 1
58 73 1
20 76 1
29 72 1
54 55 0
34 68 1
49 50 1
29 56 1
33 47 0
62 84 1
25 49 0
69 73 0
39 84 0
46 68 1
3 75 0
12 14 0
25 33 0
12 19 1
30 39 0
12 52 0
84 87 0
27 75 0
9 67 1
13 15 0
8 58 1
60 70 0
57 58 1
9 62 0
59 88 0
19 64 0
45 77 1
38 43 0
24 78 0
11 77 1
22 24 0
69 83 0
8 38 1
3 35 0
58 84 1
1 61 1
8 14 0
38 39 0
20 64 0
20 40 0
1 81 0
17 29 1
36 53 0
28 47 1
24 51 1
78 89 0
45 89 1
33 50 0
73 88 1
5 64 1
27 42 1
21 37 0
8 45 1
58 62 1
2 77 1
41 73 0
5 32 1
57 74 0
68 70 0
48 59 1
10 24 0
58 59 0
33 86 0
7 34 1
13 23 1
27 55 0
15 36 1
76 85 0
67 77 1
9 84 0
36 65 0
11 81 0
77 82 0
21 26 1
12 59 0
48 70 0
69 71 1
24 81 1
22 83 1
40 82 1
36 88 1
5 57 0
73 83 1
18 82 0
43 68 0
28 87 0
5 30 1
35 57 0
29 85 1
58 69 0
43 63 0
39 46 0
27 85 0
10 36 1
43 69 1
57 71 1
65 81 1
18 25 0
8 36 0
5 11 1
10 12 0
7 37 0
17 67 0
75 85 0
27 64 0
19 88 0
21 55 1
76 77 0
7 72 1
18 34 0
59 79 1
4 15 1
69 86 1
50 67 0
46 80 0
62 80 0
66 75 1
9 87 1
76 84 0
22 32 1
9 80 0
31 46 0
2 33 1
18 55 0
55 88 0
28 73 0
46 75 1
47 65 0
58 87 1
49 67 1
52 66 0
53 85 0
40 56 1
31 60 1
43 77 0
11 31 1
5 88 1
53 70 0
8 89 0
19 65 0
41 81 1
18 70 1
6 12 1
24 42 1
59 66 0
17 61 0
13 57 1
60 74 1
5 85 0
76 77 1
30 45 1
66 87 1
56 72 1
5 41 0
21 48 1
34 69 1
55 85 0
18 48 1
77 90 1
3 87 0
13 56 1
35 36 0
2 81 0
35 43 1
2 44 0
48 68 0
35 77 1
49 81 0
22 28 1
15 88 1
8 83 0
44 88 1
47 89 0
27 42 0
34 89 1
14 61 1
47 69 0
16 34 0
15 57 0
53 90 1
55 77 1
15 21 1
65 73 1
2 9 1
7 59 1
53 68 1
70 90 1
26 43 0
24 55 0
25 57 1
30 31 1
7 55 1
66 83 1
40 54 0
1 10 0
4 58 1
19 23 1
49 58 0
2 38 1
46 85 0
38 48 0
31 64 0
52 72 1
18 23 1
4 44 1
23 52 1
52 70 0
33 89 1
8 48 0
24 60 0
45 49 1
18 90 1
21 34 1
48 89 1
9 65 1
41 66 0
41 58 0
6 63 0
60 75 1
17 71 0
48 85 0
40 41 0
1 69 1
76 89 1
6 47 1
33 40 1
19 80 0
24 45 1
50 71 1
72 73 0
68 88 0
24 72 1
77 80 1
38 72 0
27 76 0
40 82 0
52 74 0
55 68 1
9 81 1
61 75 1
58 79 0
49 68 1
20 32 1
48 86 0
34 59 1
21 87 0
45 55 0
8 88 1
7 27 0
12 16 1
17 52 0
10 55 0
37 73 0
23 63 1
49 86 1
35 78 1
66 84 1
16 60 1
51 65 0
14 52 1
52 86 1
47 66 1
30 42 1
45 47 1
44 59 1
23 53 1
9 14 0
18 85 0
64 78 1
22 32 0
46 88 0
66 67 1
40 78 0
81 83 1
38 51 0
13 69 1
20 57 1
85 87 0
10 23 1
1 24 0
48 90 1
7 86 0
64 89 0
36 90 1
35 78 0
27 86 0
16 76 1
39 66 0
39 77 1
11 80 0
65 89 0
6 21 1
46 54 1
57 76 1
5 39 0
45 86 0
36 40 1
55 80 0
8 72 0
4 59 1
10 64 1
53 60 1
59 86 0
6 52 1
48 60 1
1 11 0
60 79 0
10 64 0
38 88 0
7 87 1
18 36 1
44 69 1
1 76 0
66 77 1
3 50 1
78 84 1
26 79 0
12 17 0
38 45 1
61 75 0
15 72 1
64 87 1
16 80 0
49 50 0
25 33 1
39 73 1
23 58 1
20 85 1
19 40 0
44 55 1
34 39 0
54 88 0
22 64 1
25 65 0
13 21 0
68 82 1
53 54 0
34 72 0
22 54 0
40 52 0
2 31 1
71 86 0
17 83 1
22 59 1
7 35 0
8 80 0
70 87 0
47 88 1
7 63 0
14 75 0
70 72 1
22 62 0
10 49 1
67 77 0
33 59 0
54 90 0
8 40 0
11 57 1
56 67 1
57 75 1
26 63 1
30 57 1
10 41 1
30 59 0
8 37 0
16 23 0
4 79 1
20 37 1
35 83 1
1 42 0
9 69 1
63 84 1
7 72 0
63 82 1
26 36 1
16 17 0
33 48 1
34 71 1
45 84 0
34 53 1
22 85 0
39 43 1
47 61 0
16 61 0
18 41 0
38 64 0
24 69 1
15 36 0
59 69 1
23 90 0
28 63 0
11 80 1
19 85 1
38 63 1
18 40 0
17 72 0
6 46 1
43 90 1
55 60 1
11 24 0
18 59 0
34 79 1
37 42 1
63 68 0
7 45 1
23 41 1
53 68 0
29 84 1
26 75 0
62 81 1
60 66 0
23 74 1
10 35 1
20 33 1
23 25 0
55 84 1
41 90 0
14 19 1
16 41 0
37 78 0
23 25 1
10 57 0
36 80 1
7 33 1
33 61 0
64 85 1
13 53 0
2 7 0
1 25 1
30 46 1
9 63 0
26 30 0
28 37 0
22 28 0
62 70 0
8 21 1
26 54 0
49 82 0
3 58 1
6 89 1
64 70 1
13 68 1
52 84 1
10 68 1
2 58 0
29 87 1
38 58 1
4 28 0
2 75 1
45 67 0
28 83 1
58 68 1
25 32 1
4 17 1
44 86 1
18 75 1
38 62 1
5 53 0
20 70 0
45 48 1
62 75 0
53 76 0
4 18 1
28 56 0
44 51 0
1 51 0
17 50 0
12 51 0
38 74 0
17 31 0
8 29 1
17 88 0
2 60 1
22 63 1
19 44 1
9 54 1
11 84 0
56 60 1
15 21 0
25 52 0
38 41 0
55 74 0
75 86 0
51 70 1
4 66 1
81 90 1
5 23 1
44 82 1
51 74 1
47 59 1
22 57 0
25 81 0
61 73 0
64 88 1
14 87 0
11 35 1
31 83 1
72 75 0
11 77 0
50 69 1
33 71 1
17 55 0
28 81 0
26 83 1
54 60 1
42 69 1
9 36 1
58 60 1
1 72 0
31 71 1
42 58 0
50 87 0
22 66 1
6 71 1
74 88 1
10 16 1
13 63 0
34 75 1
53 72 0
7 25 1
13 73 1
27 69 1
32 61 0
24 49 0
28 51 0
12 32 0
16 62 0
52 70 1
15 59 1
20 69 1
44 79 0
23 79 1
45 83 0
31 85 0
30 58 1
70 79 0
60 67 0
39 40 1
69 81 0
26 90 1
33 41 0
59 87 0
12 38 0
3 54 0
31 71 0
8 48 1
37 79 0
14 54 0
21 84 0
49 68 0
36 55 0
68 84 1
16 20 0
22 40 1
4 83 0
27 46 1
10 21 0
75 84 1
38 88 1
41 62 0
16 51 1
1 5 0
16 53 0
84 88 1
21 66 1
1 69 0
47 90 1
25 68 0
27 48 0
19 60 1
30 45 0
78 80 0
50 57 1
38 87 1
26 28 1
8 35 0
1 79 1
24 90 0
27 88 1
13 77 1
38 43 1
71 82 0
7 41 1
15 26 0
24 57 1
39 41 1
28 32 0
24 36 0
46 48 0
34 47 1
6 30 1
3 89 1
47 69 1
42 45 1
17 27 0
4 88 0
16 81 0
33 58 1
5 45 1
62 79 1
31 79 1
44 45 1
37 64 1
53 78 0
35 53 1
27 53 1
32 60 1
46 56 0
3 13 0
14 36 0
35 84 0
64 89 1
33 54 0
26 38 0
10 55 1
1 63 0
41 67 1
47 75 0
5 29 1
24 31 0
22 89 1
29 74 0
24 74 1
46 79 1
5 70 0
38 61 0
4 21 0
15 26 1
27 77 1
2 69 1
56 80 1
9 61 1
36 60 0
12 34 1
45 50 0
79 80 1
21 33 1
6 57 1
4 68 1
14 41 1
6 13 1
25 71 0
11 42 0
6 14 1
41 87 1
73 85 1
25 62 1
53 73 0
40 70 1
28 84 0
14 56 1
19 77 1
9 56 1
25 40 1
17 48 1
12 25 0
37 76 1
35 46 1
42 55 1
3 27 1
6 51 1
10 77 1
39 81 0
7 47 1
22 65 1
67 87 0
63 85 0
87 90 1
14 28 1
15 57 1
44 83 0
19 65 1
15 51 1
27 40 1
46 52 0
12 42 1
31 38 1
1 41 1
36 78 0
42 50 1
33 44 1
18 42 1
9 52 0
7 45 0
32 60 0
35 74 0
24 78 1
54 56 1
3 62 0
43 76 1
21 52 1
25 88 1
45 86 1
34 83 1
5 37 0
17 74 0
26 67 1
30 66 1
39 67 0
5 8 0
50 87 1
14 63 1
19 67 0
26 71 0
15 58 0
35 74 1
9 22 0
6 17 1
15 45 1
5 83 0
33 35 0
13 24 1
19 52 1
16 26 1
31 70 0
8 12 0
2 53 1
36 82 1
16 37 1
21 87 1
7 30 1
18 89 0
77 84 0
77 80 0
2 48 1
5 26 0
71 77 0
21 90 1
18 79 0
18 52 1
25 55 1
7 66 0
8 72 1
10 14 0
46 62 1
29 60 1
38 65 1
15 68 1
2 55 0
18 82 1
1 78 1
41 60 1
66 85 1
1 74 0
3 49 1
44 53 1
62 82 1
46 82 1
26 47 0
57 87 1
61 89 1
4 7 0
1 86 1
22 73 1
6 8 1
36 58 1
44 61 1
18 69 1
5 26 1
53 63 1
24 59 0
53 67 0
12 32 1
32 49 1
31 52 0
3 12 1
39 74 0
6 59 0
32 62 0
10 81 1
40 81 1
10 62 1
32 33 0
15 41 1
3 8 1
35 51 1
53 84 0
16 18 1
68 80 0
36 56 0
14 76 0
15 23 1
53 63 0
32 50 1
20 83 0
5 68 1
30 69 1
8 28 1
56 83 0
12 22 1
17 54 1
19 35 1
15 22 0
24 70 0
1 50 1
32 34 1
31 40 1
12 26 0
63 73 1
17 34 1
1 28 0
10 13 1
51 73 1
13 60 0
53 69 1
16 61 1
72 89 1
54 68 0
14 71 1
71 82 1
6 69 1
54 89 0
21 69 1
39 76 1
36 79 0
35 57 1
74 86 1
40 85 1
25 72 1
68 69 0
15 18 1
29 62 0
4 27 1
57 88 0
31 81 1
41 55 0
3 7 0
8 84 0
22 44 0
20 32 0
25 75 0
12 61 1
41 44 1
17 44 0
12 70 0
61 71 0
23 55 1
4 87 0
1 8 0
23 45 0
67 84 1
36 70 1
22 70 0
22 43 0
61 68 1
26 72 1
79 89 1
55 79 0
3 40 1
9 22 1
30 64 1
16 44 0
44 57 0
17 85 1
1 48 0
65 74 0
6 78 1
3 13 1
1 44 0
2 73 1
8 77 0
24 90 1
38 47 0
57 58 0
10 66 0
41 65 1
55 58 1
41 77 1
75 85 1
12 86 0
45 89 0
10 79 1
3 59 1
2 29 1
69 82 1
46 73 1
21 36 0
8 40 1
46 58 1
47 48 1
45 73 0
17 79 1
49 74 0
68 69 1
71 73 1
54 57 0
12 17 1
36 61 1
43 58 0
10 37 1
46 76 0
25 79 0
6 14 0
25 31 1
24 70 1
67 84 0
68 85 1
38 53 1
13 18 0
16 65 1
37 86 1
32 81 0
75 84 0
4 23 0
16 73 0
31 43 0
3 30 0
21 25 0
50 83 0
45 78 0
21 24 0
55 90 0
25 73 1
9 42 0
26 52 1
24 59 1
33 87 1
56 61 1
30 39 1
14 62 0
1 81 1
5 59 0
70 81 1
62 90 0
28 65 0
55 65 0
49 55 0
35 56 0
9 57 1
62 75 1
41 48 1
12 72 1
39 53 0
5 24 0
26 54 1
88 90 0
19 44 0
34 45 1
62 70 1
14 27 0
16 84 0
8 51 1
23 64 1
9 70 1
37 67 0
24 42 0
86 90 1
2 70 1
15 20 0
19 20 0
50 67 1
44 54 0
56 61 0
13 78 1
57 86 0
7 8 0
33 89 0
14 35 1
2 5 1
30 40 1
6 84 1
27 72 0
37 57 0
11 67 0
36 62 0
4 7 1
50 69 0
23 69 1
5 33 1
42 43 0
49 80 0
23 24 0
41 50 1
32 53 1
3 84 0
14 17 0
16 74 0
5 43 1
45 47 0
44 69 0
53 88 1
12 69 0
15 81 0
6 73 1
12 88 0
70 82 1
66 89 0
5 16 1
27 54 0
11 16 1
7 8 1
59 81 1
12 35 1
11 48 0
25 76 0
5 35 0
14 61 0
7 17 0
15 77 0
26 27 1
11 84 1
30 42 0
52 75 0
10 15 1
54 85 1
13 14 1
1 62 1
13 84 0
45 70 0
62 87 0
37 80 1
19 88 1
50 81 0
35 55 0
8 60 0
7 14 0
28 87 1
34 50 0
27 28 1
54 57 1
49 73 1
41 80 0
45 64 1
2 57 0
6 82 1
64 84 0
14 88 1
8 58 0
42 49 1
50 55 1
29 82 0
59 60 0
11 58 0
6 12 0
9 76 0
48 50 0
59 67 1
53 69 0
57 76 0
44 53 0
67 73 1
19 39 1
13 48 0
58 64 1
23 44 1
15 56 0
10 27 0
37 63 1
65 79 1
41 86 1
24 29 1
4 6 1
24 53 0
1 57 0
8 79 0
51 79 1
6 61 1
40 84 1
10 39 0
2 51 0
73 78 1
2 16 0
28 57 0
42 63 0
17 80 1
39 64 0
78 81 1
2 68 0
42 75 0
5 27 0
77 90 0
42 83 0
27 88 0
18 51 1
11 29 1
12 18 1
55 64 0
46 72 1
56 76 0
58 61 0
17 69 0
9 34 0
53 80 1
37 90 1
40 57 0
24 66 0
21 85 0
34 81 1
34 74 1
48 52 1
58 71 1
19 89 1
53 86 0
84 86 1
37 59 0
48 77 1
15 90 1
42 57 0
36 77 1
32 64 1
5 40 0
61 69 0
15 38 1
44 63 1
48 88 1
24 65 1
23 38 1
2 90 1
32 77 0
21 58 1
27 58 1
42 71 0
35 80 0
9 75 1
37 39 0
52 90 1
11 86 1
58 74 1
27 60 0
46 58 0
33 39 1
44 90 1
49 71 0
22 50 0
68 85 0
10 31 0
49 61 0
53 67 1
61 62 1
12 20 1
31 78 1
81 90 0
11 26 0
33 36 0
20 89 0
22 35 1
21 79 0
6 17 0
34 46 1
41 67 0
16 27 1
10 25 0
35 70 1
27 34 0
3 41 0
60 83 1
13 47 1
21 88 0
33 68 1
53 89 0
63 83 1
39 77 0
69 77 1
17 28 0
2 42 1
31 44 0
13 44 1
35 46 0
5 19 0
34 85 1
69 83 1
18 50 0
7 89 0
38 69 1
33 72 1
26 49 0
71 84 1
6 77 0
42 51 0
14 57 0
11 62 1
8 75 0
35 40 1
2 54 0
9 29 0
53 81 1
66 82 0
22 50 1
47 60 1
24 75 0
21 31 0
25 77 0
83 87 0
57 83 1
37 84 0
30 79 0
10 29 1
12 55 0
76 83 1
76 78 1
34 69 0
3 37 0
12 37 1
40 44 1
62 71 0
1 39 1
34 52 0
11 60 1
45 82 1
37 45 0
8 49 1
22 49 0
28 75 1
36 81 0
31 53 1
2 30 0
8 56 0
24 39 1
9 79 0
71 90 0
22 80 1
43 70 0
41 49 0
42 50 0
73 86 0
1 28 1
32 33 1
14 33 0
47 52 1
42 56 1
44 75 0
38 66 0
9 86 0
19 70 1
18 43 0
73 90 1
28 36 0
30 78 0
57 61 1
15 77 1
27 79 1
60 67 1
21 63 0
62 76 0
19 41 0
63 87 1
44 49 0
1 41 0
24 35 0
9 21 0
77 86 0
52 66 1
62 67 0
25 50 0
77 83 1
18 47 0
8 81 0
81 84 1
23 30 1
2 69 0
9 11 0
8 55 1
25 84 1
10 15 0
22 81 1
50 86 1
24 60 1
8 23 0
28 82 1
61 87 0
20 34 0
56 71 0
24 86 1
38 70 1
22 48 1
16 73 1
22 68 1
27 82 0
36 67 1
19 62 0
20 26 1
53 74 1
23 40 1
20 73 1
21 74 0
6 29 1
59 62 1
3 26 0
21 65 1
36 39 0
5 83 1
1 20 1
6 31 1
39 68 0
55 90 1
9 16 1
35 50 0
18 32 1
4 8 1
83 85 0
72 88 0
16 40 1
9 32 0
16 31 1
82 84 0
14 51 1
13 72 1
77 81 0
47 86 1
3 54 1
61 85 0
44 70 1
23 73 0
70 75 1
38 90 0
56 80 0
1 64 1
25 43 0
67 75 1
46 50 1
16 18 0
3 38 0
5 16 0
4 56 1
1 5 1
9 36 0
23 27 0
53 81 0
16 25 0
8 73 1
5 76 1
2 33 0
19 58 1
47 54 1
34 36 0
22 72 1
22 51 0
6 36 1
6 35 1
26 59 1
10 52 0
2 80 1
28 30 0
3 66 1
68 83 0
64 81 0
12 42 0
11 24 1
18 60 0
2 18 1
20 80 1
24 52 0
6 87 1
74 79 1
56 70 0
3 78 1
66 81 0
65 79 0
56 86 1
26 65 0
35 42 1
40 54 1
6 27 0
16 36 1
11 64 0
18 78 0
47 77 1
6 79 0
18 78 1
6 87 0
45 58 0
21 24 1
21 60 1
4 70 1
1 86 0
42 69 0
14 39 0
66 77 0
11 20 1
12 77 1
80 87 1
31 52 1
6 47 0
31 75 0
56 69 0
21 33 0
64 86 1
37 82 0
28 72 0
24 89 0
64 76 0
25 67 1
20 22 1
26 74 1
15 49 0
19 34 1
21 62 1
2 9 0
1 88 1
22 86 1
15 29 1
9 70 0
86 90 0
36 41 1
43 85 0
15 69 0
25 69 0
3 82 0
8 15 1
68 82 0
22 77 1
21 71 0
17 70 1
24 72 0
52 67 0
1 46 0
33 57 1
2 14 0
45 74 0
63 70 1
5 27 1
3 73 1
64 78 0
71 76 0
47 58 0
40 87 1
35 47 0
4 26 0
60 77 0
10 53 1
54 65 0
28 41 0
47 59 0
31 89 1
23 67 1
23 43 0
24 77 1
25 88 0
54 74 0
26 35 0
6 52 0
16 72 0
2 42 0
36 53 1
23 83 0
18 40 1
18 64 1
3 23 0
22 53 0
59 62 0
34 73 0
1 39 0
15 44 0
15 19 0
17 85 0
30 61 0
13 18 1
13 19 0
58 68 0
1 30 0
59 78 0
13 74 1
12 43 0
1 19 0
6 81 1
30 68 0
58 70 0
4 18 0
28 75 0
48 83 0
77 82 1
20 76 0
27 84 1
44 66 1
4 5 0
15 31 1
2 71 1
18 84 1
20 68 1
43 77 1
59 72 1
64 76 1
38 70 0
69 81 1
57 82 0
20 40 1
28 40 1
16 79 1
17 49 1
24 27 1
68 79 0
47 63 0
32 85 1
8 19 1
51 55 0
30 80 0
33 66 1
7 19 1
20 84 0
74 90 0
31 37 1
11 44 0
43 89 1
20 36 0
16 40 0
64 79 1
19 53 0
15 71 0
3 67 0
72 82 1
14 53 0
61 64 1
70 80 1
7 39 1
7 73 0
33 38 1
24 62 0
38 89 1
41 74 1
47 80 0
56 78 0
12 51 1
38 71 1
59 82 0
12 24 0
27 36 0
3 21 0
61 81 0
2 52 0
37 88 1
14 32 0
34 41 1
5 32 0
2 4 1
56 85 1
53 75 1
17 36 1
19 28 1
34 63 0
6 85 1
10 90 0
9 48 0
74 77 0
29 90 1
6 82 0
59 89 1
17 40 0
17 42 0
18 64 0
62 74 0
47 82 1
11 30 1
29 32 1
37 65 1
35 84 1
8 66 1
72 82 0
65 83 0
48 86 1
27 56 0
4 11 0
17 76 1
26 32 0
68 90 0
23 54 1
1 66 0
29 44 0
25 80 0
45 56 1
56 88 0
34 65 0
15 61 1
19 34 0
17 66 1
49 56 1
2 81 1
50 63 0
77 87 1
26 76 1
46 63 0
51 88 1
41 63 0
21 42 1
26 46 0
14 64 1
56 79 0
32 70 0
22 70 1
27 49 0
36 63 1
39 75 1
5 44 1
73 86 1
24 85 0
31 33 1
60 85 1
21 62 0
8 75 1
13 78 0
49 52 0
18 62 1
86 88 0
9 64 1
68 73 0
2 52 1
33 71 0
23 64 0
45 48 0
85 90 0
47 78 0
21 90 0
27 51 0
7 44 1
49 70 0
22 78 0
11 61 0
12 18 0
35 81 0
27 37 1
35 76 1
49 90 1
55 77 0
18 45 1
18 28 0
56 87 1
27 79 0
29 79 0
21 42 0
33 49 1
31 67 1
1 34 0
40 66 1
20 27 1
59 75 1
4 30 0
69 71 0
6 40 0
6 42 0
50 51 1
64 82 1
50 55 0
16 75 0
9 75 0
23 65 0
55 83 0
13 75 0
63 84 0
54 61 0
78 88 0
37 52 1
80 82 1
4 46 0
18 30 0
17 36 0
58 87 0
7 68 1
14 23 0
42 70 0
72 74 1
27 33 0
38 76 1
22 79 1
71 78 1
1 68 1
26 63 0
9 45 0
9 49 1
59 89 0
87 88 0
10 26 0
32 39 1
30 46 0
25 51 0
53 70 1
13 17 0
5 21 0
23 86 0
31 59 1
7 81 1
26 45 0
36 82 0
56 86 0
7 36 0
22 74 1
18 66 0
11 23 0
25 58 1
25 42 0
3 74 1
19 74 1
31 74 0
60 76 0
37 69 1
74 84 0
25 29 1
41 87 0
24 48 0
33 36 1
62 77 0
27 71 1
6 16 1
72 78 1
21 45 1
10 80 1
1 59 0
8 78 0
71 80 0
46 49 1
31 73 0
1 85 1
22 69 1
39 89 1
31 67 0
32 58 1
70 84 1
7 77 1
47 62 1
35 73 0
23 82 1
22 76 0
21 67 1
44 78 1
15 34 1
47 83 0
20 52 1
9 10 0
24 81 0
10 59 0
59 68 0
50 65 0
13 28 0
46 74 0
13 76 1
4 25 1
31 55 0
51 60 0
20 47 1
17 39 1
12 80 0
57 77 1
27 78 0
8 22 0
14 89 0
26 36 0
26 53 0
2 78 1
4 9 0
27 74 0
74 85 0
24 37 0
10 42 0
6 70 1
26 74 0
18 77 1
17 18 0
37 70 1
3 74 0
41 84 1
34 64 1
17 30 1
70 78 0
42 75 1
33 41 1
60 72 1
5 84 0
43 64 1
62 73 0
51 71 1
16 36 0
14 82 1
12 33 1
9 27 1
20 84 1
2 24 1
16 49 1
84 89 1
51 56 0
42 74 0
33 42 1
14 60 1
18 58 1
50 75 1
11 69 0
56 82 0
12 78 1
12 86 1
31 40 0
18 72 0
20 48 1
28 39 1
8 71 1
56 85 0
66 68 0
35 76 0
7 18 1
26 37 0
49 87 0
17 66 0
19 82 0
40 80 0
14 58 1
28 80 1
8 50 0
6 65 1
24 30 0
18 69 0
60 89 1
45 51 1
50 54 0
4 24 0
65 78 0
72 89 0
10 78 0
39 78 1
35 59 1
84 85 0
63 82 0
15 48 1
6 64 0
26 33 1
66 85 0
2 16 1
23 76 0
12 38 1
24 73 0
17 30 0
41 54 1
19 63 0
83 85 1
10 54 1
7 82 0
59 90 1
12 15 0
54 83 0
52 56 0
35 48 1
20 34 1
2 12 1
1 70 0
59 64 1
30 51 0
52 88 0
58 65 1
50 52 0
64 69 1
50 70 0
4 9 1
17 47 1
12 60 1
48 56 1
54 83 1
21 66 0
4 35 0
32 80 1
59 76 0
10 29 0
28 77 1
45 49 0
23 42 1
27 89 0
51 71 0
57 83 0
1 59 1
16 64 0
52 69 1
39 80 1
66 79 0
1 87 1
26 66 0
14 38 1
34 56 0
73 82 0
35 73 1
36 62 1
16 71 1
14 36 1
46 49 0
26 39 1
4 17 0
51 67 0
13 84 1
43 66 0
38 42 0
51 72 0
73 76 1
24 71 1
18 63 1
7 11 1
12 48 1
71 90 1
5 71 0
40 63 1
48 51 0
8 10 0
40 73 1
3 4 0
8 31 1
48 66 0
29 44 1
5 73 0
21 77 1
2 34 0
30 43 1
6 68 0
51 70 0
52 89 1
17 87 1
54 63 0
6 72 1
12 64 0
5 78 1
28 53 1
39 57 1
42 62 0
28 52 1
3 39 1
5 36 1
40 67 0
3 28 1
70 81 0
2 75 0
62 71 1
10 90 1
2 17 0
7 49 1
7 25 0
44 87 1
18 87 0
40 43 0
7 13 1
32 56 1
18 88 0
69 80 0
19 64 1
24 37 1
12 53 1
71 81 1
23 75 1
34 76 1
9 57 0
37 50 0
14 79 0
20 36 1
47 83 1
42 61 0
57 60 1
18 62 0
57 64 0
21 60 0
62 89 0
3 86 0
44 58 1
72 77 1
36 60 1
4 51 1
33 83 1
48 69 1
12 65 1
27 33 1
67 76 0
3 22 0
12 27 0
4 41 1
32 64 0
31 85 1
40 62 1
