40 419 55
37 33
22 38
14 37
29 5
35 34
11 5
15 5
37 4
9 26
21 40
14 39
11 7
14 3
15 32
38 1
9 10
8 34
36 35
27 24
18 7
27 25
11 4
14 23
6 5
14 29
11 18
24 33
11 37
21 35
29 6
18 28
14 27
13 24
37 17
13 27
29 31
18 22
17 32
13 29
11 39
20 21
18 24
22 3
14 22
27 16
6 39
17 35
5 4
11 27
19 3
30 20
13 2
29 22
12 17
2 39
20 16
18 27
28 34
32 3
37 21
27 2
23 3
5 8
12 34
15 37
25 7
8 31
31 1
11 17
28 21
18 19
36 16
11 28
6 31
13 37
36 1
13 26
11 22
34 4
28 37
19 24
10 21
28 3
35 4
40 1
6 37
25 4
36 2
29 38
8 4
29 12
28 10
25 26
18 5
22 33
11 15
18 17
20 7
20 17
23 30
31 17
15 27
22 1
29 1
11 13
11 32
8 32
31 21
5 24
5 40
14 16
28 23
2 20
23 4
2 33
33 26
34 3
37 10
25 40
30 25
29 36
6 7
17 40
13 19
18 15
28 12
27 6
5 17
14 36
14 32
14 28
26 3
10 22
25 1
5 22
30 24
15 40
20 38
11 19
37 24
5 39
28 5
28 8
27 37
10 40
6 28
24 21
16 7
27 30
28 36
21 39
9 39
9 35
36 39
14 24
15 19
9 31
2 38
10 3
37 26
21 4
14 9
13 9
15 1
19 17
18 34
2 21
37 1
40 33
6 10
19 38
6 38
10 31
13 35
7 3
22 35
14 20
10 17
6 9
20 22
33 4
19 2
14 15
5 7
25 31
15 22
40 34
27 38
20 33
13 34
6 34
12 21
25 21
6 24
8 39
30 31
15 38
11 25
25 16
17 38
30 26
36 26
33 34
27 35
36 5
19 8
14 8
32 1
30 10
15 6
27 22
27 20
9 32
19 12
6 4
13 17
18 32
38 35
29 39
12 10
27 36
37 8
19 22
13 39
5 33
19 39
9 37
7 1
12 25
12 31
17 1
12 20
12 32
14 34
6 26
14 40
15 8
13 15
10 39
29 27
37 35
29 10
14 33
9 20
12 33
2 3
29 20
29 21
29 26
15 36
8 20
14 25
13 12
36 25
10 1
31 3
32 34
37 31
39 7
28 9
18 9
11 21
25 34
28 38
40 35
33 35
11 35
18 39
12 7
12 30
38 26
15 20
28 2
29 8
31 32
18 25
5 34
13 8
24 26
27 1
27 9
37 5
11 9
11 10
5 10
18 13
36 12
9 36
36 32
14 6
13 36
13 6
14 5
18 29
20 3
18 30
18 31
29 37
23 39
15 28
12 24
31 35
18 26
13 5
17 39
31 16
6 1
15 29
9 5
30 2
11 36
18 36
23 2
37 22
2 34
11 2
27 5
31 33
30 7
22 16
5 3
18 6
13 30
9 40
9 1
26 32
14 13
14 19
17 3
29 23
11 38
18 16
13 38
18 20
16 38
40 7
28 31
2 17
6 25
37 2
31 4
15 9
15 31
9 30
22 32
24 22
2 16
11 29
24 7
29 7
13 28
16 39
22 26
11 12
9 22
23 33
29 28
11 6
9 17
6 36
5 1
18 10
14 38
6 23
24 25
37 36
17 7
8 16
12 3
9 4
12 22
15 3
21 32
6 33
11 23
15 33
8 40
5 38
10 32
29 9
39 1
18 4
21 33
25 17
19 1
10 35
11 24
6 35
13 1
36 4
5 30
38 32
6 19
8 35
28 22
27 28
8 38
9 3
36 8
14 18
18 37
28 24
23 16
27 34
30 1
12 1
30 39
10 26
20 4
15 21
11 14
14 4
15 25
37 38
21 34
32 4
6 32
27 7
31 38
