20 88 40
20 13
16 13
16 11
17 4
17 1
14 7
14 3
12 18
12 15
17 13
13 5
2 1
2 18
7 15
13 2
1 6
20 4
16 4
16 5
20 11
14 5
2 7
10 19
17 7
13 19
7 3
10 11
13 10
7 9
4 5
17 15
11 18
14 17
11 15
17 6
14 1
16 18
16 8
16 19
10 8
14 13
4 8
2 3
17 11
20 17
20 12
16 6
19 2
19 9
17 9
8 18
20 19
4 9
10 5
16 10
4 13
14 4
17 8
19 3
4 19
18 15
8 3
14 16
14 19
14 10
13 9
5 19
17 16
8 1
16 12
17 10
17 3
12 6
20 3
20 10
17 19
8 6
20 8
5 2
20 5
14 9
11 1
10 1
20 16
4 10
17 5
2 15
14 20
