700 581
346
837
134
904
336
68
431
21
40
525
92
384
564
455
821
262
428
997
547
351
840
324
163
454
498
397
28
748
929
784
503
876
353
493
704
981
959
697
126
286
989
51
155
818
666
671
703
165
247
160
80
672
764
99
341
140
473
821
850
315
962
13
541
153
369
55
926
579
838
713
499
775
137
97
608
372
238
29
495
179
817
148
513
853
358
841
458
980
870
396
896
851
486
14
772
915
194
695
620
387
515
640
475
60
351
139
679
607
18
332
407
823
711
107
993
606
142
9
591
330
935
799
676
673
475
327
528
207
434
248
80
153
706
733
845
229
309
185
984
26
584
820
297
249
707
343
808
34
641
94
903
176
937
856
928
634
62
732
148
234
23
759
582
871
238
25
532
237
91
55
360
981
105
478
56
113
818
669
289
62
894
842
159
605
737
818
925
136
598
167
137
816
460
306
543
933
613
647
58
766
115
276
472
526
775
52
705
397
836
148
190
446
989
685
477
751
34
800
658
770
442
620
224
276
294
400
504
778
301
840
232
197
934
193
37
119
344
298
444
831
518
742
536
219
376
787
823
965
748
237
954
124
741
821
668
177
860
243
873
214
845
887
219
53
551
521
772
952
120
869
28
166
59
668
355
259
824
570
887
792
615
722
995
515
796
974
78
592
160
396
87
279
131
137
998
661
442
420
188
602
155
708
851
766
634
506
158
50
693
125
58
821
118
321
424
659
225
270
878
780
471
584
303
399
41
912
208
289
973
851
128
789
181
933
710
859
495
90
353
199
332
100
27
937
619
992
845
978
399
970
458
604
174
346
521
555
453
726
377
739
82
331
654
794
385
920
225
69
588
958
943
402
324
482
898
465
580
247
35
910
402
344
755
626
275
619
726
815
229
229
153
975
834
95
913
351
420
217
133
224
722
808
974
513
417
996
621
724
537
647
868
905
839
98
608
273
636
654
575
118
841
49
154
563
790
161
295
139
104
746
293
925
695
467
78
983
347
673
258
190
296
285
590
3
617
935
293
989
939
132
785
90
742
378
448
565
20
598
838
501
460
219
610
13
596
616
530
135
303
976
494
422
947
868
559
838
623
414
721
836
544
350
706
521
841
483
474
484
634
415
308
876
966
900
819
725
45
213
835
5
257
405
666
465
528
855
261
827
318
605
17
30
204
711
791
565
980
852
636
458
728
142
714
550
995
866
539
203
144
360
40
176
113
41
478
497
977
989
946
884
760
39
510
960
855
116
823
25
691
936
458
714
616
908
512
223
767
302
663
754
551
377
220
362
767
32
204
714
614
441
625
900
561
326
658
253
535
71
577
279
597
747
708
767
101
875
41
404
244
993
406
769
229
255
985
307
207
292
72
786
530
636
649
464
330
201
750
518
524
330
221
85
198
745
115
795
733
813
409
454
225
843
853
160
571
987
374
557
61
510
534
290
208
862
919
879
666
59
139
200
785
544
587
922
787
246
136
877
905
361
792
765
933
620
398
405
30
510
28
598
996
414
243
179
95
380
0
260
743
986
5
950
287
410
16
460
131
274
542
409
644
671
863
667
464
80
943
879
504
685
180
89
871
459
970
33
413
859
26
23
