1000 707
673393108946 -33
-365991307651 -73
230912794688 -83
883036593232 81
-838291510702 73
-60808154017 -41
-692526041585 -69
949415100781 -77
240360641217 5
-329415078112 58
799116800245 -61
-306685190367 79
-875629186305 -72
94691568134 70
-148454333277 -61
-856418808091 -38
642322239333 61
922917391 -93
-104002456541 44
72888534177 53
-446343675279 -78
515858847756 20
-798919344577 51
352156103496 13
-914701231471 23
-700257827976 10
-264834548049 -51
-549892978851 1
-162013737565 3
499589114481 69
-402715592940 -1
827468053927 -13
-759000225031 -4
-33629436453 -1
-569150384813 -46
70814713405 -49
215521525886 -16
416118774413 93
-464307238361 91
-74416390897 -87
-244887513521 55
461113297289 86
-660064850946 23
-12205672174 -49
353291448247 -53
-58811875001 -81
499256673847 -1
889796508543 -42
852113300139 -65
-455678536825 -81
185156139532 -66
-36200673291 92
-129547110574 81
844842230977 17
600563031809 -25
-332027403489 -51
207795864296 25
-179192599435 7
-431483055369 -93
-980443137279 -21
-568023127506 -77
650485923167 -15
-639494242747 -37
-5555781845 -100
-924719450047 81
-93190166125 -1
852825205871 39
536993734281 -81
-818608660017 -33
762628954881 -71
-342819417333 -89
479629424793 -85
-228682971646 65
-479051168151 -53
7868920881 -30
653793151895 39
-955672185111 -18
-987096426205 23
20610067783 31
-700896208812 -69
-944411471778 25
-224202466473 36
-488644268509 71
475011554161 45
913598218208 -75
-92841376961 36
760853223194 93
512625760157 65
-107225329121 -21
492555416875 28
657368404121 13
595995904801 -77
201003388441 65
-344182181286 -77
494273937105 -6
783727288711 51
735151599744 -19
705047135291 31
-595605253857 97
434587115407 -26
347826258003 93
-361336757724 -82
-7446591841 -1
-467890792096 67
734123916247 30
314605540266 -64
628631611897 -11
781391338367 -49
932378856225 -33
-150394714865 -75
111151031297 -53
553551939776 -86
-339142638620 -92
893491335569 13
381599417069 16
930255486 57
-489331569224 -81
601386949121 93
862148891950 44
-891856515961 -25
313267858541 -17
-280617118481 -67
-233365389529 -73
-606030351552 29
434185966071 89
-246108631745 -60
509223590753 -15
-892740027206 -2
628868753816 50
-110357510023 -59
-245024615763 22
185031632062 -93
150164517686 -1
859712767431 -93
949736846165 -31
-512418518906 7
154665719766 81
851088733416 41
-394158270493 21
309112552471 -14
-168036960116 21
5166887041 -62
-958405263756 21
-515744389662 1
-738332792016 -79
545988565513 -91
-849296068203 13
-930495023376 81
649989837529 -37
-29609545046 11
-743914744193 -32
775964977902 -24
-829417934441 88
424883914586 -55
-418356892449 43
-723137027809 -85
-192841719073 3
578984533905 37
-438201576950 -57
338234760769 -21
-484206958948 16
520274792219 17
-334886461281 35
969598002975 22
976093734802 7
-445047395016 57
382960718451 -1
568616251349 -89
19957645705 -30
-84383682637 85
-368024335895 1
-8096133921 -61
-634300629574 -15
-360570575701 68
827150642905 -69
250137759905 -1
-99467258849 61
493996779253 69
627628920747 -91
533360113251 27
-191807005389 -97
631166884621 -91
-989938409187 -29
942538646801 1
786805927719 53
210916817417 -61
-804790979157 2
-92948074075 20
-124537517913 -39
-429036948231 -69
862081132849 -91
-769208871751 3
503156329970 -15
-360946712191 53
-311714075179 46
-476026881959 89
-499057427637 -86
556161859121 2
27835730761 89
399482951425 -15
-948572178181 41
444003546671 39
639271175615 29
604886355794 29
-508728735973 -57
303540012403 61
-570233737451 -82
902009879553 1
603392395153 -53
-778435965686 -1
-667918781725 11
338121693661 -21
391022632113 -100
-714615455977 -41
-353918329111 96
251892111233 7
142727487442 81
544652321299 -83
898153739825 54
-259453414226 51
-846427590899 -91
539415780006 3
-644339209559 -82
113750708069 -13
-91765473229 33
-498479322493 -32
-402083915506 -94
638612726681 53
-754535468101 1
-406345856806 19
776324482921 92
-493371628393 99
694471560159 5
-244277307829 -1
414538690806 -61
238919239309 1
708527119009 49
225063471297 11
-242571786832 1
-494373533905 -27
466172872631 -41
-466447740671 45
-565224118631 51
585596732889 -63
959258837986 -32
-633951898761 67
499687883809 35
643897767700 5
-682776345257 -85
-585808668671 41
-74833305369 -40
-721689292755 25
308211896481 -62
535329756497 57
529009323563 85
692477530626 91
-701951959361 8
766036274745 27
-547185055974 -5
758215493690 -9
-341440131691 -22
893631517881 87
-382930884920 31
-987535618752 97
-611268591701 -86
-23352705861 -31
-455854432645 53
447509086565 -83
606986379039 1
784332080247 -89
-568819920314 25
100706716651 56
-277052984805 -4
-170212269449 1
674526533021 -26
958797485009 -93
-851852438797 60
-888300500255 -85
-671847490459 -65
-894302325249 63
-886196523539 76
-88367249501 51
-717552531048 88
-685176830497 45
100999889001 1
-538156373451 -21
-977894725353 -41
-565251544321 -81
-186345424537 61
83919766251 -29
-429223529041 -65
-451110471351 51
690343391401 19
982756172436 -38
326227817757 -70
874843441337 -25
71139189624 -45
691311868089 -89
852376148996 -93
-759662899529 -89
-458097153847 -26
535879418999 -30
-247554582198 -3
210646862653 29
-683958598032 -71
867888561131 1
-414409927365 -36
-118083022370 -96
-96333379313 -51
908457776488 -61
551000099547 -33
935421225393 41
234769667059 -27
830667305619 91
961113519682 -81
-445726298147 81
-606367538571 85
237236178965 53
658815407571 -21
129553389949 77
-850055473751 -15
254111854628 -69
-644576243252 17
-819715591064 64
-918559401197 50
902083200113 41
755757136321 -41
106549961371 61
-943166746246 36
-682908503027 23
-54465683177 -67
-480810668349 9
158310229777 -53
-953189873521 -1
670572682227 49
-405922802991 71
-94044507990 -81
-860585063604 -52
126122359369 91
-386751958817 -81
-28344626593 -81
-940224408835 -13
-445184832317 -53
-425517727521 -73
187195138449 81
-802435253130 45
901419858894 -76
-913924234537 52
-628948031601 -7
441941767442 61
212821588 -18
-988670430841 -57
-381427608303 57
-655352001023 62
85615748355 -70
-846536464401 -92
-539145302179 -17
328626883961 -53
-893168184881 -21
-116811650385 91
583495860777 -26
-161199179255 -53
800353415826 41
210909486465 22
-111634897351 41
-310680328557 1
-866025653186 79
27520240841 -38
948379719393 9
703197786691 57
766765705405 -41
742760616845 -77
-596667744017 -48
389638878661 -6
82261210081 -85
710586912263 -19
-110099350269 14
971196151161 -43
21762348227 76
306881679041 63
419908189261 -88
44916212633 -33
608240647063 -99
411746879016 43
983140707101 92
354136003008 31
-470727703461 -86
936507150591 53
-672207244929 -24
-153432211343 43
-739183427016 37
545004468251 73
254692092036 -60
-183430654299 92
-661347282618 61
-850328003915 -9
-468571595489 47
862492583821 -1
-655882637703 -81
-620770832529 -83
-939380875627 -45
-73515096853 -21
683476461551 100
-642521535131 -25
932644169875 -53
-312469990502 14
131300846027 57
98302831233 -43
-234237324061 25
-845507496341 -1
528249894577 -31
77001517705 43
334551820271 65
-160692205451 18
97874415391 -97
-613606161151 -4
682939260905 31
631345045842 -87
-147376785511 61
277288449651 57
816411254945 -42
-257248820763 -25
306726498951 -76
168855117213 -83
-495042950598 31
-762685709076 -27
-118550186557 85
700057420681 -18
-339640855602 -51
-204104194376 -25
-293626012001 -69
255841906161 -90
-237054737409 57
919233726081 97
987570126621 -57
-183322173287 -23
368555860275 51
621546115155 -85
-156619045209 97
-439872500245 -69
-904129519201 -6
-843977315602 -65
643710530226 69
-237311060002 41
-138187000083 52
234291321086 28
439759243441 17
-567784084497 79
62865912175 63
160772143815 23
-208699483453 -41
-16197128926 40
-255295131352 -85
225105464513 41
627541199433 -1
-183180784197 -44
-947224536833 -5
-660677909973 39
-293232019301 1
253927041387 29
-942586516303 36
-360812964871 -33
762218864301 81
527226783275 6
-570812094276 -44
748201731087 37
-880508763851 54
-495530409841 16
955186258403 -51
-785415228932 -11
258618375641 -89
461092680001 61
968741105491 79
-668189214849 58
-233298449309 -11
-498800051445 -18
-727188661281 19
501308993897 9
-431040973809 9
498807762159 -26
328083312783 71
127732624559 73
-444676288305 -1
708510925180 1
279720064131 -31
-478663061264 -51
-649506303680 -98
-779495577238 -96
-252833918769 1
-753611344736 -51
62183409361 -84
-454409956001 82
159858907871 9
770512692173 -73
99154636172 -69
177774991518 -23
-927808067397 7
-106023284451 17
718935773629 91
710975940461 -37
-742378659066 1
921408812949 97
381364903564 -63
-925772075499 -67
43553659211 -18
917868713529 59
345478935171 1
-428510985366 -64
-148193545247 1
201477851605 -89
-414861199473 92
-455437848538 51
211769623389 -21
322169084724 20
101710362413 -53
-809768129565 -72
-437415049153 69
564940760800 -85
923336686297 84
698767499875 -41
-487163722581 -93
-481258041031 41
152845838001 75
152406524695 -57
-89498580176 -45
-136036739800 89
720481248577 -81
502502492371 -9
95551881129 -85
-84153275293 -41
926970616784 53
-918555871809 -17
-585866966918 61
-978438568371 -76
895268464017 81
389491491677 99
-206066531851 42
789503699991 13
92276609093 21
-408254373001 20
587149436960 79
726928657801 -36
-846896905325 -28
354306871957 99
501691390139 11
-867077205743 1
-252902113267 61
-667719446486 -35
860884150711 -17
320817710747 -96
-839257421692 -15
85861640210 -67
770761011289 -25
542540846945 -1
-576417679684 -86
-734559486933 61
-964032554629 81
174716078933 93
-130269536474 51
-551477020147 -31
200350091697 67
103078694389 -96
-674961921054 -44
-630420396321 -26
-617495645861 -80
-856920051476 11
619580984201 41
139880605930 -21
-297594200893 -1
-634795235605 -49
-704697132654 1
29708142570 -13
-533998712929 -9
-550056330865 59
-122543705321 71
-366175937027 14
956037216998 93
-585434917545 1
-899984580785 -41
986160576801 81
-109483076187 75
-664885072516 55
83554213071 5
15799794881 -9
-140338299537 -13
-598941894561 -9
138440349645 13
-355972420043 46
996784413421 -1
-239914057991 81
649052785952 -57
-817031856066 -77
782379368781 70
-969748121929 -55
-638806586921 -25
-913552732931 81
817778806151 81
713499057749 5
780584948041 26
123908811756 53
793867281557 -48
88268374145 15
-58907881446 89
514624943759 45
-554153130201 -45
185319980609 -48
112280355105 49
38095432628 -6
-202585863096 -73
-723316185373 53
-580547208939 -76
131703935151 -97
514274466961 -1
158474769418 91
616384841521 73
-706907168262 -15
-556633326281 83
370650700263 -1
-127223079977 8
471166315077 60
17596644686 1
994631314961 9
732059726557 19
-347580506406 26
415759973116 64
825848703865 -73
-879726303407 77
-823224425726 98
-843523461441 51
-47107588601 -64
-454972742225 -51
-578917845750 -17
-610462639825 9
606564836977 26
-946192348546 34
392784563306 -85
216636970271 29
-500801177042 -51
131470158417 -51
315921806681 79
146348095839 11
-557449748153 -17
514255713313 71
702225633320 -1
319674649373 31
-990935482276 -81
-754119547940 9
360503968283 -77
430546975149 76
-507384506135 21
-658744196617 -61
-739951741801 3
-826707419248 67
-412184204561 67
301010062666 93
850996567221 -49
405014794619 -82
-575478465817 -39
-653080376256 -81
652107925859 -52
-290906416478 -3
831482590980 -36
860110804607 7
-225897617759 -54
362888186961 55
-608125849126 -40
960213495613 -45
69201058619 -79
-148231245381 -49
-175098523055 -7
-71750788787 -51
546855660175 13
-965469259341 45
-663358567947 65
154045955535 45
697448821121 88
637512571098 40
-405241197101 -91
-766323931405 -31
511589934626 -71
-538979069004 -7
181765667536 -100
272488222981 14
-458325051649 -45
-471511074809 -1
990643074361 -79
-590298326036 -9
-478963940233 60
-281364716381 6
-600421897379 -1
-262817042745 -1
4448269708 -14
-852973302131 41
688221022183 6
-167270871104 -90
-683937401721 61
-419967470261 -16
894885609971 41
331595065845 -57
814479469161 9
-429570339695 68
-557744240761 61
501086173689 -29
-908273075659 23
-986243907909 -9
736311155681 22
596917271285 77
166327164757 73
-436221587205 71
631685779425 -1
990424269821 57
171830272061 -53
-278886522049 85
975024217751 86
-531251936697 -79
749646043399 45
-905185796370 -67
-760945454241 -56
219073964193 1
57836188887 21
-59539082576 87
565154662865 12
-726620631801 -25
-467592708021 3
-733682830014 -17
-538521833881 -50
-460617459711 -71
-482398280869 81
-543068118565 -96
982886381101 -97
-992590552833 -26
390284765449 26
-906225631111 55
-787013323514 -17
432233403831 21
-293004117185 -37
62364898195 51
881054284929 13
-782058657851 5
384892237033 35
-528051367235 -81
-530980240619 36
-391553762033 -8
249656879244 21
-885097818441 -1
431415861337 93
-663111874651 61
-47274342788 37
-232525395131 -78
-671385576824 76
-161742521159 -91
-198007920424 31
274367645659 71
331406326156 51
-288669874111 -20
565595769601 -93
-642239364331 1
311573576676 -21
-181061788126 -81
112863642285 -25
-747634100873 59
-26242731101 -73
272068510597 -97
573695528205 37
852357752585 81
-770103948419 45
-133789107751 -9
-884799885139 -1
420568251293 75
-19646519481 -25
-129344157525 -65
431210813561 -1
289562406305 -97
594814862446 41
375773005163 -39
-848766848566 95
891316136434 -17
598431127637 -39
974215766651 95
-306945055545 96
-603292814421 -73
-794639980199 82
934729170877 7
-706163983921 -85
85017734401 -64
953417692798 3
-75894585425 -50
-677480159831 47
-253130958341 -18
524626112741 -76
247185304914 -50
992673275466 -56
-437200690728 53
59694071239 -41
879636715929 44
-702540335933 -93
77155707343 89
829958722777 -17
-415527131423 -89
419923377545 75
993662093501 83
-60903071285 -41
436906047859 81
347558885897 13
-504830955105 -21
-247795467201 91
145718940241 39
-864599127581 83
764748149900 43
663977719426 -91
-715264156233 70
-757163325110 49
-716773890025 -69
434504343939 -55
840673151543 -71
191261048801 -41
285072055496 39
647401692514 -61
-261368637661 -29
-852934923141 -25
-388511582430 -91
166409310241 97
903683971569 36
-623290379871 49
107600720537 27
-960761361745 -32
868537549853 45
-401240145581 49
82609259179 99
-472287072737 1
810781404951 44
-863489455641 -95
-60091382177 36
-460758373956 17
132136050161 97
432921633896 -39
430848189231 -1
625145281373 -57
851964572501 95
-353101087126 45
-340954232252 25
32939283471 -21
-340432483991 77
609238254565 33
787073741489 15
69003529897 4
-542220565005 -9
467374337615 41
839130863345 89
-884441162673 -11
702729777329 -71
-563454768801 43
412465203940 -29
-603712093181 91
680103928451 13
244589560044 -85
371715527601 95
662074016393 97
783198950445 -41
-212828715656 -61
-983627503764 -48
-457549463209 17
-625355300587 34
-603219777621 21
858669749031 60
629248527389 -75
605918469881 15
-814975852999 -25
203418754185 97
804074393729 10
-759167299501 -53
-612399034589 -57
-397038064674 61
-619333205221 -16
673535326405 21
132097565501 66
-146833991761 -21
-567381596455 85
-486880752316 -49
-976731500961 -61
237210937775 53
-952286362865 -42
-28065665649 45
533557040276 -71
509728048115 -91
-640453477742 -81
747884483098 -56
-171397451589 -86
-829118892857 76
-552725151721 -31
303454944321 -39
209235829869 11
-372483763649 -41
372891079803 61
-861698774581 6
-30010182815 1
98220777153 1
-839213284450 56
-985913881126 7
-118428079964 -8
-669612376577 -71
-887474178226 -1
-91104574708 -61
682293936946 89
-375323717473 -1
462338236685 -91
962701078565 -81
-577958207849 27
-647700488777 26
-904696142911 69
-466955913364 -65
970591422981 55
39720829848 59
-189885490401 9
-316255705481 -38
-468717747963 99
-896262035585 89
425355549401 14
-755161532923 66
435904860315 -87
373603044717 41
778684104171 75
718798032701 81
26034283751 91
-447104070129 71
327467093213 23
-45478310794 -73
-938034710211 21
-851682126065 57
-233723188926 94
92120520926 13
-50342971821 -89
-891828966849 -12
598566887506 71
577788995478 1
734358853441 6
-91178480769 8
-649017624380 -33
67327876431 29
-385229590523 45
-288080821447 99
703387469098 -11
913416660813 -69
654846331931 19
-40668321051 -77
-739501359641 -87
326308933651 5
559873669567 98
510207344409 -17
38588086769 -73
411491310301 96
-58359158321 -59
889490279035 -7
-91049826293 45
979284053615 71
621072634077 77
281546098221 -26
248310732897 -17
-307679380316 -27
-51644345877 23
865567138725 -8
212964355876 85
832777906869 85
-78728729131 91
-193353414297 25
346038208629 41
-923996747801 -9
-735061308861 73
-855515178436 7
306790722180 -77
-314143099825 -25
-807024528746 -71
-304379659509 59
62073236781 -57
39407976979 53
480030983075 1
-122401845164 -13
18424634651 41
190701085654 -65
-109443226902 -35
161027732801 -2
915135460593 69
688084331410 30
-910468018321 11
-415119460722 -34
-96180548161 21
984008270961 1
652459752230 -93
-812966374523 69
-810852137431 2
655094798239 -11
-889615821335 -21
486360268297 -7
-168624807937 31
-246360180101 -1
-459845923515 2
48719072391 -57
-420484087117 41
870596283141 -93
554907166121 -93
