1010100100101010110011000001100011100110010010001101001000110010011111001111101010001101111010110111
1101101010001011001010011011100010011001000111011100110001101110101010110100111101100110111011101010
1011000001100101100110100100100100010111001110111101101001101000111010011000110000010100111001011000
1110011001011110101110010100100011001110100100100001011000100100001101011100000010110111011010111110
1010110001001000100000100010000111001111010100000011011100010110000100001111101100101010010111011011
0101000011011001111111101100101010101101010110010100110000101111100100110100110011000111111011111010
0011111010000011101010110111000001110110001110100010111011011001000111110101001011101111100000011111
1100010010111100001101010110011111100111000101001111001110001111011011011000000111011000001001010111
1110001110010111111101100100101101101101111000010011100110001111111110110110001110111100110000111001
1111101010110001010111001101001110100101101010011011010100001111100011110100010011001110110010101001
