100
0001101100101101010010111110111110101010010011100001001100110110111101111010010011001001101001110110
0101001011100100101100000000111101011000110111011100101000101111100101010100100100110000111111010100
0001100001110001011010101000101101010110100100000010111001011100001100110010000011101111110001000100
1001101110010110110101110111111011011111000110111110101101010010001100001110010101011001100101001000
0011110110111010100110010011001001100010010110001110100001100110110011110101111010000110110000111000
0100010000000101111100000010001000000010110101110000110100010011110011111110010011110001001010001110
1011001000101011010110100110000011100001010101010010110100000111000111111001110100101010111011010010
0111011010011110011011010011101111101011110111000111100000101011010110001000000101100111000010001101
1000111110100111111000001001011100111110100101010000101000000111100010101000010100111001000001100001
1101110100111101011111010011000101110110000011001011111101101111101001110011101010001011101100101111
0101111010010000111111011011100011101101001111111000110101001001100111001111111110110010000110100101
0011000101110100000111011011100101000111101000010110111010011011100011100110111010010111010111100001
0110011100111101001000100101010101100110110100110110100000011101001110100010001100000100101011000111
0111111110001010110101011000111011111011111101110100110000111000100101010100100010001110000001100101
1110110010111110110010001111010010011111101000101101101100101101111010011110000111011011011000000010
0011000101111011010111100000000110010001000011010111110111110000111111000111011011101101000000111110
1000010101000111100011011111100010101100010011100010111001110101010111101010001101001010001001000111
0001011100100111010111000101011001101011011011000001101101011010110101000101011101000011111101100010
0001010000110001000010011010101000111110110010101110000000110110100110000111100011000011001110001101
1000000101100101110001001111111000011000111101110110011001111100010011011111101101000010010000001110
1101010111110110001000100000111001001001010010001010001110101011001100111001000100101100110101001111
1000101011100110100011110111010010011000001010000111001111111011010010011000010001110101111101101110
1100000000010011110010011011011011100001000011111101001100110111110011001101101000100001011101100101
1001000111110111111011000001100100100010001101101110010110100101011110111111001001101011001000000110
1110110100111110001001001000111100100101001100011010000000000111111111101011001110111101001011100000
0010110001111000001011000100000001110110000010011011110001110001010001111111000100000010000100000000
0101001100111011101000011001110000001100011010110000110110011001001110100000101011011100100100100110
1010010011011111000000101110110101100011000010000001110110011011110010011101000111000011101000100000
0100011100001001101100111010111110110001111011011001011010011011100110010011011100010100110010110101
0010100111001100100101111011100100011011110010000011001111111100000111001100101000001001111011001000
1011100110001110110010011010011101010101111110111000111011111110111100011101110000111110010011101110
0111101110011101000011011000001011101100101101100001101100110000100101011010110100001011000100000010
1100010001100111011111111001011011110000000001110010000101010000110110110010100111100111111000100101
0101111011111000100001011000110000101010001000010010110110000000101110000100010100010111111100000101
1011111100011100001100100100001100000111011101010001011011000110000110110011011010010110011001110101
1101110111110100010010011100000110001010000101001010010001100101100010011001101101001101101101010001
1010010100001010101110101011101001110001011001001001110111001001101111001100100101110011011110010101
0000101101111111110010101011011101100111011000110000111011110100110100000001111011110111111110100110
0010010001111100011000011000001001011111000110100100101101110100000100100011110001000101001100111011
0100100110110100001000100101110110110000001100110011110111011111001010111011000001010100101000011001
1010101111011010000001110011111000000110101100100111010100111111111001001110111010111101111100010111
1000010011100100001100110101110101011100001111011001101100110101110011011000111010101011010001011110
1111010000011100101110001111101001011110011011100010110110011100011000011111101000100001010101010010
1101000001000101011000001111110001110001010011010110011111010000000111110101010010101110110100101100
1110011111001000001100100011101100010000011111100000111000010001001000110011110110000101001000011110
1110000001011011100100111111000101111111110011010100011000111111100011110011101111100101010001100111
1101011011101111011000111010011110011110100110110010011110100100110000010001000010011110010110010110
1000101000010101110001001100001001001111101110001010000101110010001010001001111100000001110001101000
0101000011000011011001110001011001101111101000001001111010010111011101010111111010010010000000001010
0101100101000010001011110110000111010011100001000001001111101000001100110011010111110010001000011101
0110101010000110101100111111011001111100101101101001100101101000100000101101010010110010010000111111
0000001111011000100011010100101001110011000110111100001010000110101010101001101011000111111011100100
0101000001001000000000001101100111111011111111000100111000110110100000010000010010111101010010101101
1111000101101010110000111100000001011001001110000110101000011011101110110111111011000100110101010110
0011110010100110001111110100010001100010101001111000000011001011001000010100111100011001101001000111
1010001010101000001011111010110010101111001101011000110010100010111010101110100000100010001001101001
1100011001100001001000001101001000011000100101111110000111000111110000001000001001110000001000000011
1010101010000001111110110110011000000101101001010000010001011011011000100111100001000001111001100011
1100011110100001001101000000110011001101001110010011010000011111101110001101101001001100110001101011
1111011110010010011110111111100010110011001100010100001010100011111001010011110111100011010101000101
0101111001001101001100110111111011101001000101101101001001000010111110111101100101111100100110111011
1010100101000011011000100001100100100011011011110001001110100100010000000000101111010101111011101100
1001010010111000011010100010101110101110000001001110100010110001001011011001100100110000001111011010
1100000000001010000100001100100000111000101101111111001000111110001010110110000111010100000111111101
1001000011010111101011010001000111010110001011001100001000110101010111000000100000101010101100011001
0000110110001101010000011111011000000111111001000010000000110011111100111111110000001110101010000111
1010001101101000010100111110111000110001101101001000011100001000101100111110010110111111111110010100
0110000111000001110010001000010010011101111001110110111100111010110001010100000111000011010001011100
1011110110101000101111111101010010111011111010010110001100001010100100100110001101010010010011100110
0010010101001000111101011110110100100100011001011010010100000100001111110111001011101001110110110001
1000011010111110111110011000101000111000101010011101101110000001010111111001100111010011010001110000
0100110100111101100001101000010100000000001101001000000101000100010001110101101000111001110110010101
1110101111000001000101100010100000011001000110010001110000001111001011010111000010100011101110010111
1111010101110000001000000010011010001101110010011001100011111000011111110110100001101101111111101101
1110011101001111001110001001010110111011100101110111000011100100110100101101010101011011001001111101
0010111110000000100110100010101100000001101101110100011111100010010011111010001110101000100101110111
1000011000010001000100001100110000101011101111011101011111001011011000100110111101101100111110111011
1111110100110011000111010110110110110110001000101001001100111111011011101001010010011110010111010100
1100010111000010111100001000101100101110010011111001111101011011000110001101010110111101111011101010
0010111111001000110000011000000000010011110110110111000010101011000101110101101001101000011001100001
0101010110110011001111011111001010001101100110001110111100011111110110111100110000011010111111001101
0100100011000001001011011011111011010000010010110001011111110001000100001111011000011011001010001111
1111011111000000001011100000111100011000000100101110111011001010100100011110000010110000110101001101
1001111010011001001101011100110000100011111111110001100101110000100000110111010110100100110011000010
1100111111001000110100110000110000101011100000110000110001110110111001010001101101101011001001001000
1101001000111100000010110000001100010000010001001010010001010110001110110111000001000101110111011110
0111111000111000001011101111010110001101110001000100111101100100100010101001011110001111100100011111
0101001011010011011000101101010011100001110110010010111111010011110101011110010101101101110010010110
1101000100000010100001010001110101101101111010111000111011010001000000011011010110101100010000111011
0000000111110110101001100000000111101001010000001101100110110111101100100000000111000100110001111110
1000011101000101001011110001001011100101000101001101001010011100001001101000000010101001001001101110
0100100001100101001100000101000110101100100100110001011000111001010001001010000110111100111011111111
1000110000100010101010001100011001110110001000011100101011011110010010101100011000110000111101011100
1111110000001011110011000111100100100010111101110111010000000010011010011101111100001111011100100010
1000110110110110111111000011011011010010100100111111000011111001011001000100001010100011110001110101
0110101101111001111111110101100100010111101111101110110101100111110101010111100011001111011001000010
1000101110111101011011100110110100011001101000100111110100010110110010000101001100010010011110010101
1010011000011001110110100110010001110100001011010110000111011111100110101001011001000000111111011010
1101010000111110111110111111010001100000010001000110000000111100001000100101101011001110111010001101
1100111100001110010101000101010110011101011011100100000000010111100010010101010001111110001110110001
1110000001101000110111101000100010001110001101011100000100101111111111100000011011000011100010010000
10
010011111011011101111010101100100100011111001110011011001011101101100101100101111010110010000111110001101101100100101001000111000101011011100001111010001011011100000001110101111110001001110001010101110000101011011001011011101010001111011011001000111100010111110010000011010110000010000011111011110101
1110111011101001101101011010010111010110010001010011000110
010010011010101111000010101101100101111001001110101000000010110101111100101100111010010011011010110111110011011101101110101110010000111010010111011101011000001100010000100011
111010101001100011100011000110110010110001011000111001010001010000100111011100100011110100011011010110011000001
11001100111111111001100111100111100000001010011011011000110001110101011101001001101000100100100111000011111111011111000111010110110010100
111010111100111111010011010011100011001011010011011010000010110011001100101111011001011101111010101111001111001110011110100001101110000101001010
0011010011000111100111010111111011100110111010011011000010010010010000001011000101000110001110111100000101011111000001001101100001
11101111110010101001011111000101010001100001101101010010010011011010000010101101011100100110001010100000001100101
10000111111000110
001111101000011011010011001101111011011000100011000111101111011010010001011110001000111001010100111101100111100100101
