967 49 45
476 614
339 307
326 314
492 831
403 763
182 302
886 824
22 18
321 606
352 548
590 287
72 854
454 397
162 12
699 642
357 611
72 269
745 164
136 277
800 784
101 99
725 366
911 661
452 372
828 463
575 475
530 489
25 288
429 938
823 10
735 171
10 860
70 4
316 639
82 64
357 447
607 822
582 905
927 343
699 734
43 2
155 121
598 448
286 48
68 7
43 242
194 90
561 361
130 256
605 829
570 350
603 292
617 130
305 279
136 407
381 482
472 175
2 445
210 70
191 252
851 890
396 247
56 481
826 8
72 110
518 351
19 67
171 722
108 52
31 44
67 74
247 260
216 324
295 25
26 850
172 512
60 75
141 3
115 140
740 232
728 782
29 325
280 334
173 230
31 688
129 493
222 433
525 330
612 658
30 38
516 459
560 678
92 629
80 313
23 22
197 374
113 511
22 24
958 400
534 7
519 444
423 140
65 167
83 67
459 952
16 13
91 616
116 184
453 125
291 137
582 172
224 373
27 28
703 871
323 526
330 946
644 526
935 559
457 273
350 798
37 633
317 546
648 243
103 179
8 25
819 162
76 312
594 226
164 32
382 866
77 86
172 121
299 508
530 945
219 401
208 202
34 275
587 307
48 63
781 631
156 138
544 433
290 185
40 427
251 428
328 736
539 514
867 18
635 687
152 346
613 606
553 474
635 366
348 114
842 730
630 583
185 524
625 444
283 838
88 74
659 520
779 738
5 10
96 113
181 557
175 744
560 488
276 278
358 104
216 226
383 135
362 377
350 513
235 543
704 653
60 38
643 136
724 705
31 41
200 95
434 289
859 619
432 951
247 147
150 240
522 75
480 855
345 26
640 69
469 168
40 134
919 548
574 245
209 243
862 135
106 536
622 20
656 218
576 230
560 767
192 58
655 549
84 65
267 568
235 431
105 142
135 116
663 304
274 271
653 942
20 55
53 205
1 26
317 421
1 2
500 360
771 851
508 910
153 537
675 386
88 573
14 3
288 333
797 321
652 796
664 588
47 17
509 335
249 231
117 703
166 202
229 73
615 849
579 97
124 84
836 479
895 950
110 122
934 482
126 300
148 284
92 71
902 608
885 160
358 487
758 681
425 53
558 290
94 856
248 49
486 285
188 234
706 471
527 504
416 289
12 19
300 839
931 837
661 537
255 276
195 360
111 848
380 592
179 231
774 550
565 188
456 672
808 26
161 332
76 347
127 939
224 129
395 355
338 129
169 365
613 726
18 37
390 142
925 450
380 834
172 733
20 153
669 825
732 783
412 490
748 558
724 908
77 310
602 154
301 201
315 262
250 109
176 542
8 702
399 203
563 364
57 372
9 72
283 765
281 771
348 540
128 85
426 138
22 126
103 130
112 645
106 21
55 123
132 203
34 46
212 235
2 4
16 196
85 102
110 685
9 5
914 609
830 84
296 231
352 111
398 362
65 132
843 483
177 660
35 357
837 43
647 470
953 802
341 251
460 231
534 923
131 150
126 139
103 43
520 609
308 816
430 112
814 761
417 101
863 302
3 5
471 447
191 120
694 482
73 91
286 581
322 86
643 657
710 234
408 549
850 887
937 648
135 562
924 525
637 91
382 283
304 22
59 489
50 510
879 113
351 245
221 463
133 41
244 475
933 119
342 112
2 39
139 564
868 340
297 912
32 24
261 786
961 325
661 875
701 483
739 306
12 193
380 262
418 347
255 419
68 752
254 488
8 11
482 874
81 44
474 179
5 832
2 955
80 2
158 190
125 742
31 148
374 386
2 33
928 297
788 768
432 731
526 895
185 385
20 280
496 126
328 331
484 275
954 193
59 14
316 250
3 957
199 458
196 468
210 746
551 358
963 412
346 462
20 34
464 628
610 709
775 547
411 285
572 553
206 122
482 784
802 252
340 249
154 54
965 868
589 86
216 66
298 190
662 192
117 175
335 375
75 720
100 83
21 29
322 328
10 632
25 413
921 913
320 281
232 730
176 485
917 926
238 211
298 355
131 225
552 759
268 211
115 64
225 299
711 655
324 528
903 916
615 371
144 473
170 116
121 666
161 241
183 376
353 409
127 42
428 922
370 870
588 343
21 2
840 383
764 257
403 336
518 904
799 752
259 209
392 120
42 23
50 79
51 56
62 26
461 179
503 372
179 267
604 81
580 489
289 397
134 631
875 913
183 96
690 772
638 117
607 686
686 795
732 385
803 103
91 166
160 157
667 38
642 792
398 501
761 708
64 3
34 422
452 677
586 202
565 877
578 50
147 440
120 550
193 499
173 273
171 35
110 652
754 461
835 857
208 361
200 212
272 514
429 71
476 967
459 681
147 60
223 917
130 881
885 899
125 106
331 353
344 125
442 12
619 604
833 1
777 399
930 645
95 66
176 97
173 135
392 438
723 245
209 148
371 356
948 546
410 170
793 77
361 869
143 25
389 634
514 903
522 612
330 315
141 888
698 266
124 356
791 753
10 12
28 137
418 541
108 117
778 898
265 216
64 73
246 43
51 188
207 77
95 535
53 32
747 491
112 14
34 51
223 195
605 337
11 13
3 682
641 360
517 794
32 891
555 325
211 404
373 749
583 137
18 30
611 651
7 412
129 26
738 272
585 511
16 48
93 737
232 159
964 509
944 85
502 108
396 567
552 337
222 569
329 87
519 718
284 893
435 279
779 864
211 121
6 2
18 8
12 15
481 966
507 463
293 532
291 379
49 118
646 228
464 79
37 696
520 813
321 220
93 59
614 627
424 9
859 873
160 465
3 145
12 227
317 84
413 785
219 263
341 459
388 143
33 40
175 185
37 236
319 620
189 113
178 262
82 109
325 717
36 131
2 3
339 405
492 260
363 94
12 909
624 578
537 820
841 686
98 349
50 57
50 446
104 72
168 89
387 273
31 105
652 669
29 402
439 154
749 852
962 523
608 535
101 477
230 451
187 125
878 61
350 184
45 5
323 296
328 480
773 230
411 817
253 74
778 545
458 847
815 462
20 31
408 201
33 483
112 437
164 693
559 355
368 280
222 119
112 520
94 97
164 271
806 36
249 621
270 212
361 728
695 809
293 201
708 300
755 577
234 712
89 66
556 243
241 491
228 285
665 661
766 11
850 17
364 291
394 280
33 872
883 462
13 17
283 73
100 177
584 713
204 66
42 531
698 811
443 304
757 278
907 280
47 52
179 186
674 230
137 729
741 323
209 367
805 876
574 776
275 343
91 120
156 182
156 882
104 181
515 184
98 75
287 751
71 195
261 132
497 31
719 149
433 707
2 476
892 523
561 780
180 143
107 1
683 374
600 337
146 538
880 707
359 242
254 46
456 178
355 918
87 77
584 481
114 97
378 896
4 94
563 727
78 116
591 234
158 86
197 100
790 255
62 378
362 45
517 445
182 314
231 498
354 1
759 853
378 714
649 147
39 318
505 289
282 33
940 127
270 626
721 716
39 308
329 750
336 122
595 357
415 60
760 32
514 533
339 495
85 69
835 62
743 191
858 603
33 90
218 99
327 149
83 199
60 281
234 245
141 219
431 653
169 168
906 396
334 943
432 60
676 325
19 20
25 58
566 222
623 805
36 27
470 596
478 196
697 420
148 161
398 414
301 770
941 370
936 372
501 680
45 753
151 79
929 567
46 66
47 523
289 139
207 449
176 251
756 750
550 673
78 111
144 48
287 260
597 309
299 466
308 593
293 297
547 192
170 201
865 149
768 323
366 204
55 138
884 346
579 623
54 29
234 258
355 545
610 606
431 845
389 444
33 65
34 705
551 577
71 389
787 470
444 479
149 129
78 72
265 901
80 121
257 248
260 821
645 846
220 196
279 18
387 691
464 470
369 214
233 82
91 96
494 356
15 27
107 157
56 174
292 257
174 228
599 44
35 34
949 372
406 4
8 198
272 207
123 861
337 16
384 245
695 700
362 654
650 410
391 818
716 801
894 793
399 571
179 812
119 85
455 34
151 467
244 117
222 695
253 810
148 163
84 266
607 537
452 762
959 336
79 807
335 244
239 84
827 233
69 52
138 506
679 596
504 301
769 85
50 18
41 306
777 960
187 303
932 881
309 100
165 10
956 322
780 789
1 8
13 146
416 915
20 554
81 391
564 671
255 294
900 833
40 71
105 370
420 205
467 844
113 670
642 385
136 217
278 311
14 213
101 920
418 684
436 236
103 889
666 692
100 215
441 13
128 319
268 450
264 117
237 2
70 136
75 221
10 636
27 214
716 553
530 601
77 75
448 433
61 55
529 333
76 19
690 200
96 178
423 897
824 675
99 19
307 302
424 668
213 255
715 271
275 521
393 152
6 49
1 7
10 152
250 381
400 364
637 947
168 689
17 159
618 220
298 804
