199 196
602436426 24979445 861648772 623690081 433933447 476190629 262703497 211047202 971407775 628894325 731963982 822804784 450968417 430302156 982631932 161735902 880895728 923078537 707723857 189330739 910286918 802329211 404539679 303238506 317063340 492686568 773361868 125660016 650287940 839296263 462224593 492601449 384836991 191890310 576823355 782177068 404011431 818008580 954291757 160449218 155374934 840594328 164163676 797829355 138996221 501899080 353195922 545531545 910748511 350034067 913575467 470338674 824284691 533206504 180999835 31262034 138344965 677959980 131381221 846045895 208032501 346948152 973708325 506147731 893229302 816248153 298309896 37119022 455797489 215208399 190870607 189766466 554374432 137831502 694053968 47628333 469187475 409233792 810900084 888987010 799979694 87027328 575207354 421624712 666538409 871216480 597902643 509928121 727751951 14723492 265804420 569328197 234828607 807497925 360472167 537560717 613363438 889089200 741106986 846216104 325976483 76823620 279509806 242790881 9676858 792345559 322056553 632488502 444723554 70422962 27172325 26697435 40309279 992120464 751627327 499482549 277429832 736386595 471708200 940778720 417787658 306890639 248789992 1849130 203226467 672298989 938207958 331602581 313746600 206347466 864661473 149811929 787179775 316412581 803189770 927999455 116383718 441504628 174616807 673419335 374281898 198091552 286986530 599715811 702179569 441414148 527003384 80656954 893508913 110880114 519216315 233703686 370689334 209550382 846701392 214278326 574671008 936333553 889270962 989214957 121514850 989248231 935422061 954621185 219371588 909664305 394002980 887357564 317441890 988670052 414068747 922390943 67181740 901347593 602287469 528977370 383612516 817020443 753396007 81469525 83003299 101430412 92357163 801006699 318863571 99958976 258387455 458482217 969793590 770179343 713114427 91883220 73141342 87104584 192884239 8454496 327965875 269122601 201731258 
60 161
32 129
30 79
82 152
105 148
156 6
49 91
28 112
82 134
59 114
196 193
101 51
199 40
163 152
169 118
192 34
70 102
23 107
75 125
101 156
56 94
50 6
21 44
64 77
136 153
116 110
153 157
18 151
103 9
26 49
123 28
21 163
79 3
159 126
55 97
120 47
51 87
113 167
172 4
69 12
13 68
38 5
128 188
52 146
187 105
106 184
193 121
66 7
156 155
92 24
145 99
1 183
196 147
32 174
160 93
172 186
16 40
178 73
162 175
40 71
149 19
119 28
81 10
186 176
58 150
45 141
125 185
175 35
190 46
150 43
197 169
23 135
54 57
186 67
56 39
44 33
89 73
149 86
182 104
95 136
20 101
194 121
170 85
165 5
90 140
100 10
52 47
185 198
194 45
30 54
152 89
137 84
48 168
88 38
106 132
133 68
50 180
102 11
9 47
129 171
171 74
52 186
108 179
143 170
28 56
53 177
41 96
189 63
122 68
137 109
168 66
95 126
141 130
143 103
51 21
81 127
190 13
27 164
130 113
141 166
168 14
93 43
189 197
44 17
37 132
138 8
196 62
85 78
182 108
63 154
17 95
192 80
42 172
30 102
60 101
30 27
123 32
153 52
98 111
191 166
154 198
110 144
36 86
184 25
192 99
2 199
195 157
65 4
193 158
7 15
49 24
90 96
174 72
199 100
117 34
115 179
182 139
35 126
116 3
135 13
98 31
190 151
167 112
54 135
41 122
187 81
84 3
150 106
91 41
187 144
31 29
25 62
76 48
183 64
135 131
38 22
34 42
65 98
86 99
181 194
161 199
186 108
118 14
83 60
22 192
157 142
33 138
121 59
177 12
79 63
82 12
160 77
123 90
124 78
128 120
107 173
22 97
61 16
1
73
97
164
10
105
24
133
153
171
96
55
132
187
73
95
21
120
95
72
32
136
105
188
155
15
29
61
14
102
79
167
152
175
58
193
163
117
121
190
55
66
79
28
140
185
19
177
125
169
157
39
64
18
22
81
73
45
187
89
62
151
132
101
38
59
105
34
164
48
137
171
136
139
19
109
171
38
119
113
93
74
9
179
52
109
62
129
25
91
45
125
150
22
97
123
52
99
6
156
32
175
115
25
118
90
32
44
186
116
72
146
82
15
40
192
87
68
120
169
50
51
54
37
104
141
129
131
76
42
175
187
5
35
23
49
56
6
59
151
11
6
73
171
196
100
181
52
15
36
12
184
163
120
77
39
61
127
26
141
61
195
25
164
124
175
155
113
160
153
3
7
95
196
144
176
132
194
195
116
30
86
181
100
137
20
190
156
156
28
41
83
118
45
97
138
