100
53 11
122 23
73 90
98 79
24 7
62 133
70 45
101 34
21 72
18 18
48 138
88 107
57 5
71 128
72 142
16 91
113 30
16 45
12 20
60 144
77 96
87 93
95 90
14 147
93 129
54 85
26 43
63 25
79 116
22 84
75 9
111 97
143 69
57 54
58 149
68 44
105 10
38 23
7 51
55 95
12 76
105 28
96 56
78 50
89 53
23 3
36 47
4 131
116 40
17 112
100 34
99 149
95 46
25 19
119 39
31 29
139 8
18 74
31 68
20 2
33 146
6 64
58 54
108 92
107 82
66 133
123 52
37 45
40 67
9 56
15 92
92 36
90 13
75 77
83 103
23 49
10 42
127 32
53 61
35 136
80 10
100 41
16 8
83 22
78 13
25 107
86 54
20 94
81 21
68 19
64 136
65 26
65 99
121 59
64 46
148 27
2 85
11 1
90 7
72 89
