198 14759196 196
25904 209710
775665 292884
526621 129655
915011 279435
367536 99187
265100 49558
596209 57617
35775 9453
633790 41025
630583 136432
751276 299481
435551 269294
879706 237979
815618 201185
19967 83212
882561 274688
362455 147256
153329 289224
54606 182937
661071 128297
303013 23252
582893 39534
447455 182731
539539 91418
692368 94246
331734 255527
129145 286732
919708 301280
105523 317196
309603 139985
713483 320207
251945 277592
831493 239758
948219 183547
971726 238046
989776 306241
184856 51012
475946 302065
689106 203873
144733 254300
115530 259024
521234 330513
559320 140079
460851 184491
898549 70789
178056 148605
967284 30842
797916 23981
934075 103961
818451 305513
581984 332626
900642 212773
948067 124988
581786 93352
852865 218659
792362 133316
256771 112543
437549 315259
458232 212656
462230 173647
303214 281913
609672 292212
563767 258007
549361 114362
314241 73054
368720 324507
971009 280103
527311 182000
568908 215675
867229 276740
804514 98085
450941 227344
470639 95593
454806 195558
694376 88070
199362 27824
991804 222382
640332 33208
129300 166089
751970 281454
12750 267386
247774 170951
631916 254172
109097 261529
966910 38475
742838 237424
301507 71181
565332 227968
732261 7080
935718 208572
641059 319449
969070 218367
812177 199193
874716 73217
592601 101013
767047 142264
775981 85091
834664 305310
880676 284401
453445 19463
527477 318610
356868 256575
413985 256898
828575 328870
230390 126272
608376 117409
961427 323728
568336 272508
879622 168700
227872 220556
318644 157891
920558 106131
329092 47012
32744 254950
244068 320807
790980 133767
830982 61477
337316 228447
772294 212679
424051 261889
171842 116440
619251 127379
852722 73658
676289 83155
194536 77484
986426 325110
125784 327655
142471 218771
295677 129001
815010 260457
59823 137997
542442 215743
920828 177371
656489 90639
944193 267911
858906 75903
893171 10239
950897 145125
725328 216300
529211 109789
264493 148482
809694 95048
957118 160650
49529 305318
552735 193320
221032 32236
473636 328463
153660 292644
53891 137188
207350 271867
58926 323654
701843 231942
863020 104342
967108 139522
703349 120989
921613 153286
611869 331114
849352 48319
563357 144440
229352 281996
294282 191057
567473 211292
664467 225023
112632 101493
294945 298516
338148 197658
655023 60741
217264 113553
269805 73541
125839 238925
653677 328407
457773 31115
456995 190347
319607 8322
274558 111404
372216 20216
229801 85730
770230 192824
547055 48712
146427 229694
807395 177000
252262 47587
688713 41184
844952 13986
123531 283398
741643 171936
753424 158550
215109 64344
527067 65065
326137 222657
47532 101378
195656 244945
895178 105505
800620 224968
732317 324343
696540 114466
920245 275399
374561 112527
145
155
103
167
81
149
171
191
83
9
89
135
85
111
103
77
159
131
93
193
79
1
13
179
21
69
41
187
169
195
55
147
3
109
143
71
91
143
71
75
135
185
155
87
45
65
145
105
65
73
169
161
29
69
91
85
125
1
7
183
97
127
11
67
151
121
45
27
55
69
59
165
59
9
143
87
77
117
37
191
11
1
33
103
85
131
65
93
49
89
195
137
61
121
61
105
59
67
109
187
61
191
91
33
15
107
127
107
73
153
35
133
157
3
115
73
45
181
117
173
1
115
161
137
57
37
179
137
91
183
17
69
135
93
185
173
57
81
127
167
19
27
163
129
101
147
113
45
111
37
163
181
39
89
55
87
67
97
175
43
133
125
155
99
25
3
57
79
15
3
63
87
107
103
47
9
121
89
195
161
33
141
23
41
37
13
29
63
139
135
33
123
193
59
187
39
