200 200
ABBBAACAACABCCBCACCCAABBBAABCBABAAAABACCCCAAAAACCAABCCABABACABBBABABACBBBABBABCACCCBCCBAACBCBCABCBACCBCBACCCBABAABACBBCBABCBCBCBABBCBCCBCCBBBACCBABBBAACAAABBCBCACBABCCCBBAABCACAACCCCCCACCACABCCCBAACCA
2 43 105
1 43 B
2 56 78
1 77 B
2 88 177
1 72 C
2 126 192
1 189 B
2 130 165
1 146 C
2 8 60
1 15 C
2 172 197
1 32 A
2 113 169
1 104 A
2 113 127
1 165 A
2 43 113
1 17 C
2 6 105
1 81 A
2 72 126
1 87 A
2 124 195
1 166 B
2 43 48
1 42 A
2 34 149
1 37 C
2 144 183
1 138 A
2 83 151
1 42 B
2 42 154
1 175 C
2 180 185
1 69 C
2 18 192
1 111 C
2 72 143
1 112 B
2 179 183
1 187 A
2 144 180
1 28 C
2 118 159
1 32 B
2 94 103
1 14 B
2 105 195
1 95 C
2 19 163
1 143 B
2 147 191
1 45 B
2 109 167
1 108 A
2 164 190
1 26 C
2 27 193
1 110 B
2 68 150
1 9 B
2 62 159
1 38 B
2 112 200
1 163 C
2 40 153
1 2 C
2 75 160
1 150 C
2 84 132
1 46 C
2 82 166
1 177 C
2 82 115
1 45 C
2 104 141
1 154 B
2 136 144
1 156 A
2 188 200
1 62 C
2 161 182
1 52 C
2 114 194
1 65 B
2 25 72
1 176 A
2 171 188
1 90 A
2 182 183
1 152 B
2 176 182
1 57 B
2 119 190
1 133 A
2 4 64
1 115 B
2 118 136
1 124 A
2 38 183
1 130 A
2 28 84
1 5 B
2 126 151
1 83 B
2 28 89
1 155 B
2 75 145
1 65 C
2 17 184
1 25 C
2 22 200
1 68 A
2 121 140
1 63 A
2 127 193
1 171 B
2 17 50
1 1 C
2 181 181
1 52 A
2 5 11
1 12 A
2 1 112
1 174 A
2 52 95
1 178 B
2 6 161
1 18 A
2 162 172
1 5 A
2 171 198
1 17 A
2 75 122
1 122 C
2 150 171
1 97 B
2 31 46
1 55 C
2 70 165
1 70 B
2 86 114
1 170 C
2 35 198
1 149 A
2 173 196
1 165 B
2 144 158
1 90 B
2 115 128
1 167 B
2 3 25
1 15 B
2 55 82
1 58 C
2 130 157
1 139 A
2 184 199
1 51 C
2 36 91
1 167 C
2 82 105
1 97 A
2 9 61
1 193 B
2 41 195
1 49 B
2 148 186
1 148 C
2 92 104
1 53 B
2 132 134
1 66 A
2 95 166
1 150 A
2 161 162
1 22 B
2 140 172
1 66 C
2 21 29
1 102 C
2 49 55
1 149 B
2 111 142
1 161 B
2 76 158
1 174 C
2 6 14
1 61 B
2 114 123
1 199 A
2 194 200
1 173 A
2 198 199
1 167 B
2 37 182
1 4 C
