0
1
1
0
0
0
0
2
0
0
3
5
5
3
0
9
0
0
0
0
0
3
0
0
0
0
0
0
11
5
0
16
0
0
0
22
0
20
0
22
18
3
6
3
16
0
0
23
9
0
9
9
70
0
180
0
530
168
894
672
1799
3053
2682
18316
5633
0
0
5633
15742
37953
43021
30539
5633
0
0
0
0
0
0
0
0
0
0
0
0
0
0
0
0
0
0
0
85609942
85816235
0
0
423478059
0
224636336
0
199144021
0
0
0
238166422
297086364
778183665
0
0
0
0
0
473811110
21333801
16783340
162121036
583927673
150534260
0
0
756192657
0
0
0
0
664649164
0
0
925923179
288322696
606638095
257616091
0
267860128
0
0
0
0
734992668
601874981
982496483
491277085
987771347
265900374
70237669
174324688
991826378
525083743
593183
277960499
593183
844170846
0
52592035
816519308
576534349
576534349
693236727
0
0
0
566707192
0
0
0
420125668
505220690
0
498099872
0
397208891
0
498099872
0
754814854
498099872
461739559
162840998
0
0
437425366
0
494281901
0
872259176
499605984
173981041
0
480325445
0
582330660
0
342380364
471865519
902172981
278400869
0
0
672017536
0
0
0
0
319894466
160546
918744733
216621938
877867013
0
963782758
0
441014900
0
323208898
263005316
576837487
0
0
894747432
0
700160777
203003221
234831145
603554894
0
334190984
826661580
808637661
469814580
0
0
192677373
0
0
0
0
162135865
0
192677373
0
667193337
0
653412682
0
0
250131107
0
0
0
18065653
0
978921652
0
0
0
0
0
0
0
919811768
93654068
0
861984998
56835385
0
0
0
0
0
0
0
0
0
0
0
0
0
0
0
0
0
491007862
496417405
269938764
809816292
0
0
0
0
297990788
474779233
244532109
476722877
976606181
0
0
366588373
407553515
0
0
0
0
235065106
963665219
679969494
200485972
891166273
144283355
743122243
0
0
595632865
675680734
0
456116312
744925862
751400438
41442773
0
787611941
102631139
863287021
787611941
0
254237856
678684589
169620670
0
758808661
905435113
0
576569548
0
756496095
0
869542206
385455033
659863764
0
672382132
0
0
635281365
950046875
0
804938424
0
0
0
0
0
0
0
712088537
91737102
395341344
0
795923004
0
0
0
802858319
781249244
0
514974271
251583198
0
995891995
770644752
0
0
0
277744555
597108956
0
295746016
0
741534923
556620357
597108956
726297258
0
604928202
0
780074132
0
885575719
806650774
806650774
715953273
57387054
0
400729340
425226945
156458306
0
0
572011785
0
944662368
469836513
0
0
903675752
203705529
0
392781711
761255606
442313815
626905842
24583829
316549054
595881301
93748719
286855565
356952244
0
480934494
0
0
0
626511431
611854673
0
103711162
0
286946344
570173180
0
0
0
0
0
611854673
0
0
0
466296779
0
116459024
395342884
271139991
131642838
0
463278722
570552181
0
0
64119273
0
871412209
537087029
955796067
445097437
0
0
0
491484829
727314495
531584440
0
0
735564116
0
498954061
0
268178971
997908122
997004304
0
534149426
527445581
336588680
184767749
934262737
0
0
532350311
0
0
0
0
932840874
532350311
0
0
712916051
0
0
0
114092453
0
444717474
301024749
646012267
595844906
0
646012267
398322130
917284632
749920905
806227561
192786035
301024749
869238502
57965757
809972362
509530943
596444979
0
0
424488268
0
227910166
0
638028371
420824544
0
0
299635936
66386908
0
0
0
455890008
814229185
142423505
0
328995933
0
0
0
0
938699613
733620300
0
0
673580047
931608908
0
0
0
0
40976953
0
81953906
0
0
0
0
0
534420930
70597507
0
0
0
0
0
0
0
0
0
0
0
0
0
0
0
0
472853859
472853859
531614417
0
0
890364570
766695069
0
691295323
0
0
766695069
0
0
0
0
0
712981134
501729362
0
738523010
0
587713602
482312460
0
462066459
0
725135428
326632653
0
219834126
605897090
0
0
0
0
0
452437959
0
0
400035416
0
0
0
300710266
0
0
0
0
0
0
694714998
0
0
903174377
439722589
0
479732370
155201962
0
764669828
661686033
0
283045843
804418268
0
169119920
0
828767123
758407989
0
0
914285220
0
0
0
189001442
265070844
970751423
0
0
0
0
778828975
649353003
0
0
139406442
0
0
278185387
507498386
211739548
502391545
278185387
869657565
546840295
180162093
0
0
0
0
18213116
44357422
707079342
0
444558641
212181674
129836430
980555659
601186027
232952451
670704306
0
0
0
493567548
493567548
342208670
343941771
499149904
0
584253862
3588481
0
0
883676252
883676252
0
70381963
0
0
0
521858219
19770820
535660728
333447527
109772927
0
0
925955380
267116018
701297219
850863362
40775151
581214110
0
0
0
0
586973510
0
16497814
730867377
123918425
457114361
362080639
566712745
870067457
0
0
540766521
0
0
34613858
0
285423711
75888986
89172731
385949726
360363129
618142879
0
0
0
0
0
0
0
0
0
0
0
0
0
0
0
285025411
0
826737545
191172796
0
0
0
278199847
459897707
820024686
0
0
832769792
813616992
0
0
0
0
0
729897064
231727091
564227918
396977018
954598368
301230814
0
0
404335548
510706092
475959091
475959091
0
0
0
162135351
827400500
0
659000796
0
0
0
0
0
222732569
662743099
274698610
178429138
858342427
573618527
58499930
708572754
289430190
0
408210893
0
361593481
408210893
0
673466865
727836778
501188785
0
247945942
247945942
0
293652159
873392233
0
413843008
195193400
0
242112219
744991677
252850034
0
0
0
363710954
0
685519888
0
0
921346126
429682722
453420450
0
792249038
0
485194663
659522307
15540644
0
196093234
694193548
0
665136082
557777771
15540644
495374309
0
533601409
0
0
0
0
976941032
0
0
254599213
0
0
0
312032752
0
0
265058131
921699636
191533866
0
0
175657811
59883772
59883772
861489600
422050670
325972598
406163072
0
0
0
0
0
48669134
0
0
0
0
0
414249115
0
0
0
0
0
0
307382307
0
0
0
0
0
0
0
0
0
0
0
0
0
0
0
0
0
0
0
0
0
0
0
0
0
0
0
0
0
400386166
719606674
0
0
0
0
760846997
0
359872088
0
0
0
615220994
190482316
0
0
147368626
0
536935348
657449474
226116681
419148599
0
0
0
0
623391250
0
0
0
0
415863585
347901402
0
0
123039364
228383828
0
228383828
803640901
0
803640901
0
0
451492527
606464249
0
0
0
581059623
0
0
0
0
0
0
0
0
0
0
0
396312098
0
0
0
0
0
0
0
0
0
358883839
