149
112 31
73 39
141 134
75 147
92 58
71 41
81 41
25 112
74 86
9 132
54 121
64 2
135 145
105 36
28 129
53 108
7 25
127 144
59 27
30 46
55 136
7 104
56 130
73 83
39 94
98 148
84 12
95 64
119 15
57 13
10 109
140 16
57 110
46 108
88 139
91 21
26 143
29 100
122 22
50 145
23 56
11 105
129 79
97 107
79 131
69 127
45 4
80 116
113 41
126 43
40 113
28 128
37 89
48 71
52 20
149 138
50 24
78 84
141 5
125 3
122 102
35 139
142 30
110 146
47 35
64 36
38 18
34 97
144 137
117 96
20 123
111 66
83 88
124 75
115 96
33 53
14 40
77 119
70 95
27 120
6 32
109 70
78 49
60 2
23 92
81 19
87 30
13 102
85 9
106 124
61 38
120 66
82 59
104 107
8 68
17 117
62 5
94 18
11 142
136 31
90 131
42 40
98 93
85 91
133 20
80 106
99 12
143 21
2 103
149 46
101 48
143 24
45 54
22 93
109 77
134 82
34 6
116 62
3 115
65 101
3 132
4 128
114 30
20 140
50 100
72 111
8 37
42 67
32 92
67 17
118 19
68 47
148 99
137 130
69 126
105 51
54 63
147 1
43 145
36 44
72 89
61 86
76 140
146 74
55 90
133 119
101 33
121 78
5
4 2
3 5
5 2
1 2
