100
17366 962
3339 391
3871 2368
5376 132
13587 4140
8122 312
22168 7392
7564 2880
30798 2565
23190 5304
28652 174
5453 1183
15538 1645
31146 354
27965 4320
38232 4661
75480 3630
55320 6048
36354 6643
58225 594
23247 1280
58824 5355
22224 960
42237 558
7280 5046
61746 108
2322 3744
2280 24
42458 2482
24864 2520
19580 3484
13764 2816
1643 128
17574 1020
26992 4500
28251 3680
49375 338
23218 1813
4945 6952
41538 2898
32256 1440
78498 4368
80 3953
49410 8918
17340 432
1485 816
23405 2070
31274 925
16560 1428
13520 1620
64880 4232
17900 410
48393 5395
58370 6432
5088 672
14288 648
5474 285
6487 3608
7747 1120
19564 1044
1136 3645
48416 2016
4501 5005
12972 4420
22649 5146
2574 2340
1344 5828
26319 3478
15561 3081
3180 5456
47900 2925
9948 996
38822 272
3900 1886
35206 7654
5313 6786
51205 96
5038 1974
6370 323
2520 88
1345 100
25263 1241
6018 845
45060 3738
60903 8272
1482 5760
87600 1246
9130 924
8120 1764
16128 6570
3425 96
8700 212
6800 3880
22088 8184
18356 924
21696 440
8085 1044
9622 266
64655 30
6976 4118
