1997
155 89 1 61 47772
12445 1 49983 1 99999
5 145 36 21 21165
55 1315 31 849 72933
12459 3 49969 1 99994
35 167 1 401 55253
9960 1 49963 9 99999
395112604522774868 96979852786979721 444079598407836465 17541123241680956 75865
89 1120 35 596 22228
91 370 145 128 12937
49 786 76 841 99807
41 89 19 1285 53961
1 63 4 490 76766
45 970 109 1207 55736
49967 1 12489 3 99999
33 77 20 273 78117
76 367 93 95 67053
25 2456 21 929 26053
20 606 41 341 2741
389788579822714833 142490356435337600 324076525395692788 16805580719033870 46898
23 838 6 616 40993
13 291 36 204 14015
49912 7 19952 10 99993
31 926 19 541 52939
16580 7 12467 9 99993
58284561782300120 175711528050097327 108166429322203501 634539628049467501 37677
31 71 19 56 46953
5 39 33 364 49453
89 565 30 1101 16206
107 109 37 180 80957
6 446 15 329 73138
22 89 19 60 12316
31 125 1 151 61415
11 185 17 1189 1494
21 70 14 187 58887
17 494 19 897 75957
49968 5 11104 3 99994
8 315 49 735 41025
33 639 21 1524 84871
45 291 13 337 69399
48735349914998531 77658702343026902 606265338931853509 219197566040702101 23050
1 343 125 63 51269
25 1601 64 775 62903
119727097382685027 35965248660284653 250726895124913450 52279773889712671 38809
47 336 69 167 65896
3 193 61 120 76321
19971 7 12406 5 99995
22 368 16 202 10611
18 916 3 1247 55730
25 118 16 282 49838
273 191 167 335 60178
30 311 36 33 89670
119 513 123 535 59981
21 115 4 472 53342
75 422 10 82 42497
33292 9 11078 7 99991
34 566 21 78 17675
8205201293539991 41705073366218186 601152714344790915 163829670002977061 17294
24980 5 14218 7 99995
21 171 32 100 99963
31 22 53 159 36568
15 516 4 1149 43191
11 612 19 898 5601
5 443 3 473 61073
1 491 17 302 35081
28 845 10 929 63125
32 137 34 415 7873
10 17 20 187 54731
12 899 11 993 70469
39044125643669840 112209379204997674 18849512604466006 681796846760356426 70043
24 235 5 323 52873
7 157 1 24 44527
12472 7 19923 6 99993
1 614 1 141 49199
162 259 10 23 43466
22 271 49 237 41176
48997326215517165 49088470715466965 298915497919071381 268605501512185 43255
1 189 32 13 74641
28 77 50 36 38101
13 226 15 111 4993
474732358844055991 635995536500820057 407546416879642977 4020627812178906 87967
33 226 26 307 92551
23 175 33 1798 32589
370804759076139436 171833889988237350 369904527674545401 356798676022549111 58061
47 9 53 373 89275
19973 9 49903 1 99997
34 121 3 184 74501
44 750 6 494 31957
32 162 52 344 13546
1 475 11 339 36941
40 247 10 499 36931
12479 7 49944 7 99997
49951 10 24960 7 99994
81 536 10 691 7145
72591880366839421 50445749266790878 63277830552166881 164145601887315601 38801
136 631 95 189 88248
7 163 15 309 62889
1 43 45 83 74413
33262 9 16569 7 99995
38 112 29 289 62741
1 449 16 539 39699
17 1591 28 748 30105
54 541 76 1711 35365
26 197 19 320 43121
143 156 33 274 65195
28583114444382259 294608122245424689 70854318473778061 210400705733930641 53541
49940 7 9983 5 99991
25 311 9 5 60225
7 401 3 777 67711
275811416117558822 12879046929235006 30387693330559384 162812154195789581 53112
40 368 49 532 53641
25 361 39 147 46451
23 580 35 1908 80147
12 199 32 865 27945
18 917 14 967 56158
1 411 15 83 12231
16 59 16 227 17204
17 1 1 25 76649
100 314 70 378 68856
18 62 19 41 8281
9967 9 12484 9 99998
16 239 53 173 95063
43 291 15 145 81155
38 23 1 516 88796
42 443 15 819 72625
46 130 47 301 65619
144 578 94 462 4437
15 59 11 76 20660
1 76 35 806 66141
58 373 22 454 14876
38 51 25 470 63011
15 80 42 348 7523
7 1545 107 770 77652
21 905 1 91 53815
9907 1 12414 6 99997
18 1344 29 1270 65681
267711572979231821 212647123974060641 82082879578421257 355645081061762465 23061
6 784 27 876 34545
39 386 17 141 4301
755041446123131960 74309077848343987 565614414897913872 115425142260071089 69300
23 493 11 196 13281
26 472 34 25 22099
16656 2 24948 1 99997
39 14 7 181 59513
31 417 27 39 66511
21 118 39 222 37738
37 69 12 43 72579
31 274 31 188 10691
18 125 36 781 6408
37 87 43 202 86187
37 708 58 1271 54601
145 133 43 155 51681
24948 6 16630 1 99995
28 1129 76 1144 55617
14 576 73 695 80881
83 493 133 559 60154
33 511 19 187 27201
281349461465220519 56032594327520561 70102692489462025 176875782854192006 41361
58 211 97 1359 72776
61 346 81 1 31533
269 167 81 178 19932
39 210 1 321 50943
45 302 41 796 73277
18 249 100 126 28849
23643057416721523 456562886298455053 135113394260815542 307964788213023523 21441
11035 1 49914 10 99999
15 163 49 105 64963
33 50 2 536 87151
58 1275 1 661 58529
9939 4 11110 10 99993
24928 7 12499 3 99998
37 526 21 1106 93193
8 274 7 323 66935
9 294 39 241 98853
29 91 30 743 38320
79 257 16 267 82895
5 91 59 193 22791
11 1511 8 1951 20287
11046 3 14197 7 99998
17 68 37 499 70045
27 42 42 241 38545
4 434 27 15 91017
124 409 139 719 52646
62 281 79 257 50732
25 92 19 275 40599
4 85 15 366 45201
3 432 29 455 71137
46694585478359155 67574717626865698 727888015602301783 276219511663744331 145
49 751 79 2696 9623
56 127 47 132 39827
16597 7 33236 8 99997
49906 5 49914 9 99993
3 303 1 387 79681
19907 7 49937 6 99997
88396645394573751 6393357991630711 380004086653344376 131025385697431006 4801
19 86 22 253 40145
190410620504198011 154092148044061501 52962777546298471 273762213357773239 39519
49939 5 24935 1 99996
30 2449 1 1635 18681
16629 1 49959 3 99999
45 35 40 101 9865
11 274 44 5 61729
93 887 88 79 78411
99 314 26 246 22014
33 192 33 34 18757
61 75 46 521 33845
33250 5 49955 9 99994
1 474 95 719 3000
7 1953 7 924 36101
24 316 70 299 2001
1 295 35 337 49367
17 433 26 508 90787
89 218 103 663 36795
16 427 5 286 6250
2 349 26 1563 57005
121 1078 36 108 4513
53654131216819585 8404695560499931 205377076010512561 55703669658519751 64909
2 193 10 74 73667
17 1931 1 1282 8196
13 1586 4 33 99961
16 451 25 45 27080
34 355 62 354 16776
66 712 75 1307 621
13 61 16 20 12549
55 182 29 165 42297
39 671 14 1353 3113
511149179778011821 141425942918545795 73624829909397845 89231166017726457 87463
53 190 45 683 50901
72 46 151 55 78726
15 41 23 94 46953
7 457 25 881 20784
34 230 63 337 56521
158 159 115 180 65185
29 343 68 745 39841
22 1117 25 88 18209
126 260 231 246 48815
24 257 7 471 8908
49925 1 33272 3 99998
31 1198 17 3006 7486
9 1904 16 522 17318
1 263 15 454 57321
2 97 27 237 26388
16 410 10 81 72751
2 21 23 136 98817
17 280 34 472 90053
49967 9 49931 3 99999
125 100 173 89 53861
29 265 3 366 38761
24 323 63 25 78305
49 385 39 492 24865
49999 5 49921 5 99997
34 2113 40 925 19475
14234 1 49993 1 99990
526735034951161127 235462636678184637 550796738743044701 24689397791279663 82245
22 391 31 241 11011
2 65 28 217 76077
1 1207 19 1248 60003
21 185 21 319 46601
45 1000 25 736 46629
19978 1 33322 5 99997
11081 6 49969 7 99992
151 953 99 115 67454
12 160 43 547 48636
49979 1 16593 5 99995
1 365 47 172 45451
28397608579153201 573408425404329945 200002012470212030 141084179587537939 61793
15 73 139 181 5601
15 412 40 858 20698
21 119 82 436 66659
51 166 169 1116 90135
40 157 10 215 4531
1 1236 23 819 81175
33252 9 12414 9 99990
2 689 20 821 1786
24979 7 33308 9 99993
97 1579 97 1581 34986
25 171 3 185 92041
184 351 100 740 73761
36 187 15 339 993
27 212 46 180 21489
73 110 5 49 1603
19 201 20 324 4665
49975 8 49986 1 99995
16 937 36 1027 81025
54 583 31 514 39605
70 407 65 450 2043
13 290 24 352 81481
27 93 2 431 19005
36357837207514977 778067501618038753 56117548326638161 9334131251650521 69327
16579 9 19903 4 99991
12462 8 49999 9 99999
29 181 37 712 69223
21 347 33 366 72353
28 1338 19 13 50613
19958 3 19967 7 99999
1 380 26 19 97105
50 278 1 301 60705
209 93 235 243 15967
1 212 48 306 7613
547566238429575 239028245407285909 72685135798433281 9903804474259696 31269
37 74 20 1 48361
29 322 53 1208 99723
49975 4 33310 7 99997
1 122 9 701 50349
821501228715468931 26663909240285929 230306376027823876 663363501954301193 96021
32 56 28 8 51409
33 92 23 294 80186
27 1 1 297 64315
1 450 10 400 6081
18 493 34 224 60105
179 121 268 995 25102
14 591 33 336 87190
9 491 1 626 79341
3 121 1 133 20203
21 18 28 237 7101
32 170 35 251 97890
54606577667160481 98537155053027180 392149429417286179 186971438115856401 32204
33324 2 33264 5 99997
159 370 19 438 81881
6 367 17 55 25415
33 151 32 171 21097
21 209 40 348 84071
49 595 28 657 48731
8 75 17 106 51881
49973 9 14274 1 99994
30 153 1 196 69086
16 221 41 277 40361
31 180 1 974 94991
69 442 15 429 69985
34 43 4 134 97706
84 103 45 189 37667
52 695 52 545 27305
46 228 19 412 33712
1 246 6 316 70471
17 193 21 223 47557
1 13 19 262 82321
36 1289 247 622 43200
19925 9 19915 8 99999
23 267 10 248 56900
49916 3 12487 3 99999
67 2073 3 1198 6113
6 127 4 365 38561
16 12 40 170 39531
12 105 23 575 75955
13 303 25 234 61163
2 302 28 263 26701
25 174 18 208 82
127 463 228 61 44769
41 463 17 565 25807
19999 2 24950 6 99993
37 303 17 215 50929
11110 7 12495 1 99991
49920 1 24967 9 99994
12 262 2 232 25737
13 235 26 151 45027
41 49 121 49 44841
131 628 182 559 92251
1 125 7 69 83853
1 284 18 11 28389
45 453 22 558 62786
35 319 52 273 13297
33 212 12 43 89336
131 7 103 17 87745
46 505 4 555 50975
28 190 24 82 32771
22 612 22 595 70473
34 229 49 79 22440
62447259878096133 39496883162475961 75620825543634459 206353908345076669 7651
41 41 6 312 91521
23 1027 25 643 27336
17 192 57 48 33782
4 175 21 241 97411
13 121 1 898 44801
3 529 19 791 75441
519714711477423185 196343319079750571 495144400081874701 177243526476917167 33181
114658429223314276 249962305848194083 180878171406218859 9294591757760921 81721
49 179 88 308 45577
65 187 77 135 12886
13 349 40 325 2793
61 528 23 834 3286
43 757 35 353 96545
50 1116 1 441 23406
12439 7 24919 1 99997
223792008122072014 352982910731276599 82619654786640749 112785700062512465 18151
1 161 38 326 80302
10 333 7 165 58837
274508939239059786 300585799537177051 67019321269940161 73420753981924441 28341
4 1251 24 619 14643
7 102 15 1009 24567
32 591 5 578 26996
24 73 3 307 84866
59 357 46 118 35286
7 7 1 61 89265
39 691 55 494 28241
13 238 32 152 81430
14 359 8 426 63317
61 370 70 301 55621
53 1342 66 1922 52801
48640241446947094 28709545845064885 320623520908531705 197063163610088061 8625
51 281 51 252 72492
29 379 25 265 12775
1 27 28 813 19558
55 1387 3 576 43341
16615 5 9919 6 99997
43 275 62 345 17897
12435 1 9952 6 99997
176 21 12 849 88971
2759231551129309 13988522818811971 420106542428288629 8242619394518056 64671
166423797086611912 255865998369156889 227847556081587681 129934631970414341 84632
35 906 11 97 35597
12423 6 9913 1 99992
16 414 25 208 75201
68 226 117 533 93062
7 250 20 171 59751
1 9 20 163 49128
10 209 31 209 27671
34 321 16 209 46951
27 469 8 420 27854
445678162018511005 441209034561395368 128062045408661343 247133662369359382 89167
70 409 7 229 85577
31 137 35 279 27745
9 1 1 131 27713
397664307623165617 483751665603342501 21268399360747717 434277391500988659 5111
29 107 1 245 50887
49 212 47 260 61759
22 46 24 61 78837
23729392297421097 81455608165320505 31302892795717876 1404889807463751 68281
2 1167 1 2027 38201
8 745 16 125 83744
64 898 29 235 26026
17 262 15 473 22533
1 264 35 260 91226
21 285 53 2905 22312
5666161048248481 161193253265180812 75072807096253405 234741923202612581 16281
27012880539169377 583462032339286176 162271313556238743 110654938450577753 82961
27 123 3 32 78888
21 355 11 1 69027
11 881 5 146 41644
1 13 11 201 82443
4 158 7 301 47994
49907 1 49903 1 99993
30 1661 12 1794 80793
21 25 25 17 38184
10 285 31 151 87785
65 51 127 8 9209
60 226 35 301 87009
25 521 10 609 15105
40 373 2 290 2596
12489 8 11046 9 99993
19904 5 49963 6 99995
8 332 99 21 36523
464900948608823698 221715015504213844 94008748000530693 118053555683950890 6907
32 367 25 376 21063
19931 5 49979 9 99999
8 193 43 406 28449
19 145 27 302 40257
111 1361 45 793 8476
9903 3 19955 10 99992
113 137 55 51 76175
24927 1 11040 3 99997
19 642 36 482 61025
78038259068354796 209516747107289116 102594124593616287 839250599519053776 72186
47 494 56 295 57731
63 352 14 875 43555
12499 1 12435 7 99993
16 290 16 199 34983
13 463 69 1401 96082
49987 5 16633 1 99992
39 565 9 861 47841
1 316 30 45 41409
3 219 1 265 86576
29 35 45 303 95176
28 1474 21 1769 18534
17 119 16 74 98206
4 39 36 1 19021
9 109 67 193 26915
16 52 3 135 84853
13 115 33 44 6817
76 313 25 83 54406
6 696 1 454 1587
7 136 36 103 65161
12431 5 16605 9 99999
24949 9 11030 3 99999
49965 9 19902 9 99991
22 470 57 139 46141
6 808 8 1149 81121
97 65 80 269 70884
41 88 115 327 37601
49964 1 49999 4 99999
19938 2 16629 7 99999
70 652 65 304 95419
4 303 14 66 79351
36 479 30 193 59309
49 239 33 227 82289
1949020874282406 30955882282138516 44949670819495649 476313615936403331 52921
5 195 11 330 34153
41 209 79 309 31273
19981 4 33237 7 99996
74 125 42 310 5158
17 197 53 250 3136
31 373 7 35 88367
19935 1 49992 2 99996
21 445 97 253 93555
26 82 29 329 9
205339230829482686 177316948845043809 110307919204776749 457235315097891489 28096
34 53 16 176 101
55 137 67 357 49561
73 375 106 463 11207
24361521032713033 442215225580757181 429906680467200769 242773680270254654 92235
126 133 88 289 91781
50 13 25 56 23892
19 391 10 803 58241
43 610 1 452 54107
19959 5 33320 7 99991
52 1161 87 295 32429
47 667 40 109 34931
37 122 39 96 99431
1 287 1 362 12296
5 13 6 242 55318
38 540 31 296 2475
25 209 32 321 26393
46 102 21 281 42746
16 406 9 433 58697
33 536 39 527 75401
85037947157249541 128693921111846580 12112520519707377 45263952471458177 79384
32 31 47 287 80605
8 2089 11 133 72272
13 595 28 169 64071
182 861 240 1013 85462
1 178 31 232 2821
17 293 23 197 49591
12412 9 9907 1 99999
39 361 10 26 1947
31 113 28 363 70535
13652627196320711 491043318265196033 202182818751816986 128884313253915703 31225
17 13 67 153 31621
24 189 7 229 85761
19 381 39 110 37221
121 2506 139 754 38881
19955 3 16637 5 99992
13 82 21 27 1501
18 294 101 1264 32901
117 625 276 36 90751
43 354 17 406 71633
48 284 15 61 34858
22 277 21 78 15851
142976432745652507 176568531632369227 19390452064974092 464048216601849671 63201
37 132 20 142 48850
33 280 1 195 39145
9 135 66 157 76869
60333774034152031 125038270273847903 37456493371306609 162071035201510541 54117
61 173 38 503 35833
23 275 23 21 57599
79561933297768855 32905339983955489 67987589219371777 148622958828727371 20441
33211429240067786 734574075592652171 25313020479183501 48367667302832901 59251
31 363 49 543 380
17 520 9 2659 96169
19 811 22 739 94921
61 781 71 613 38397
119 196 178 254 92131
18 70 3 121 45696
19903 3 12441 1 99998
36 397 21 371 97071
19973 2 14242 1 99995
129294302626884777 54220940377061610 270028952274811357 52563727710258172 3329
78 257 33 29 41501
14222 8 24903 5 99999
15 639 53 86 91021
129 149 123 315 1891
24964 3 9955 10 99999
4 467 29 89 40617
13 821 23 868 95691
13 831 7 218 23951
18 1765 3 583 46281
22 176 4 1931 99530
19971 9 14220 1 99996
377649191804647673 342076138535478151 218809030958677903 321822557466428709 52273
14244 1 16664 10 99999
32812463650380741 2790432451265053 40874310065474117 36710095732281685 12251
44 391 18 439 52581
278108132593201729 177546322380225875 324883921317676165 169521500374140601 35828
61 264 62 269 21963
11 712 22 501 86123
57558118986127079 17700481326171701 38072552187611509 398043347749507507 41505
105 321 13 374 82871
16657 1 14249 1 99997
187 1793 150 1322 28187
13 481 29 15 67201
23 57 14 454 92257
63 308 48 356 87041
88059644826873314 123943316083411501 483987026758417903 453883641768537129 35161
40 227 36 26 7879
12 106 30 540 83533
190824576276659221 69404091990256306 373348699763152165 171835666153110575 10098
23 129 65 805 25877
31448186189871571 52731201458578444 194546499037797022 356014320382956433 61424
17 211 20 301 95891
19927 6 33235 2 99997
41 291 34 209 53111
103892471702330651 251293624010392393 295194354890837182 55035935369808513 84726
175461457040820105 69822004971093809 558848647786590301 341042690727792297 3343
27 1877 73 11 97720
7 83 73 173 51081
6 1342 34 447 29812
54 573 27 602 4781
11 226 43 212 19265
209462931833675286 339915796345419945 313944074267497906 272636892972852562 24163
54 199 71 851 2485
26 542 19 554 81347
37 48 17 367 22932
1 208 7 346 56653
14188 1 9999 1 99999
26 253 32 215 50489
34 247 15 358 72113
55 66 23 288 20180
33256 1 49980 7 99994
544490893068190433 141704196763073953 240754826227078276 350373971471875495 5121
1 120 1 142 7387
1 28 22 342 87241
56494475321773357 83478038631420961 60402829402416871 359822988829501331 26469
33 229 18 277 58607
61 47 35 141 12009
44 254 102 374 88725
77755343062862595 29320969764747501 66203184105680001 393876311065204309 33841
16 312 113 153 24449
57 265 67 106 36242
10 416 57 355 88513
85 718 16 767 24673
9 65 9 325 28603
29 33 44 182 51005
29 344 25 161 62437
44 791 16 699 92571
154 16 68 14 31877
31 172 23 103 88086
11 199 11 100 43001
29 55 7 1565 90137
3 1052 19 312 49483
31 544 63 202 12547
12400 7 49911 5 99997
99 442 131 24 34830
1 771 22 645 27857
36 344 158 1493 24585
181 2229 157 3116 18253
1 26 1 166 31429
409825519368736101 54727047965582176 146152258219050203 179028756934195201 21153
29 83 29 230 59329
99 91 52 169 44150
7 301 1 243 89776
53 889 125 341 7505
7 597 12 533 32697
12479 1 12408 9 99998
7 155 62 61 87077
38 127 23 156 43813
23 1154 29 526 56067
107 349 50 49 61432
21 261 12 215 95669
13 265 23 65 27633
15 61 35 361 94817
13 7 50 495 75196
49929 1 19910 6 99999
210370695641285674 668009434058205706 5324910565927953 76935743163597151 54005
62 181 5 436 78422
31 1605 7 2496 22511
261630772270962121 48667405954221655 7919250541229497 6886052219578688 18136
41 53 89 73 14201
55 709 30 824 24937
19943 9 49935 8 99997
17 1621 71 133 413
55 126 77 243 9505
12428 2 49939 9 99999
8 76 29 229 66157
11090 10 49979 9 99992
42 1146 11 772 3160
55 1610 147 297 38879
9 313 10 131 79625
578700436030669042 565568308182042481 191324832173574952 92525525239732156 58547
1 149 31 413 54230
32 997 5 1383 94281
17 222 48 292 12012
492743492659133521 985879387848025 15828637660178092 87797290267633409 55841
1 52 29 232 77645
21 64 6 186 48567
239036930833188273 338552750163461069 748783705773831681 390015959048628793 97956
147 322 81 379 2782
28 160 22 533 64873
35 439 29 1 25003
70 695 11 274 67683
87 246 23 155 14425
10 699 19 983 56385
16 153 19 21 30165
1 37 17 282 18901
33 505 1 219 11453
247194521955441800 209743811948320738 103348713755764523 88321373468441889 88872
9 132 13 263 70346
10 186 46 76 98040
29 297 73 19 14261
87 254 28 11 8616
33 817 23 1140 41643
1 183 18 46 41341
49 221 61 321 32449
9 145 17 283 33787
49915 6 19905 7 99997
73 199 27 107 84101
187 519 184 232 52901
25 149 22 444 75353
889398515633243608 446734383358650751 209956334244823761 19348588917392177 49293
480999116301972361 372514046644475754 129047259542517801 193686114867222826 80101
21 337 5 656 31113
43 459 1 159 5191
17 969 2 3063 83953
696749226360316637 81654618780331741 9977087311637427 690334527272497849 48772
45 981 35 816 30106
68 299 34 1 82651
46 175 49 333 99995
47 183 179 153 44706
49930 4 49973 1 99998
1 2044 30 1495 50108
196 408 190 515 68725
19934 1 19939 1 99993
136 373 121 59 6113
11019 6 19919 3 99995
57 305 67 403 63553
49 437 51 2041 93836
9 271 15 218 12927
388978156603891339 8624990932216079 45582992892139173 586506348986906041 26956
11110 9 19987 4 99993
50 380 54 1837 93161
30 1084 61 697 191
11 136 73 1096 46042
21 241 1 104 20359
19931 5 9919 7 99996
32 183 16 361 92565
5 219 13 676 16697
21 207 17 118 90373
33 152 9 623 41389
35 473 21 533 12545
12444 4 49975 9 99992
74 871 163 463 19266
3 2932 17 1013 83201
1 221 15 121 7903
45 799 43 505 69729
307 332 282 330 25702
9975 6 12461 5 99991
59 1835 39 1720 52281
232483825746932368 15658367265320008 37857991971338441 198741165944700146 53651
31 521 16 415 3583
43 202 67 313 13433
5 245 10 149 15137
33 171 13 97 90602
90 1 64 741 45001
184607654429915811 48660625747415746 113739253138592147 34237121917098741 71051
19979 1 49900 10 99994
182841008888831255 2572845769774996 725795971006642191 261461101993257825 20267
6 115 1 314 7925
12 45 1 143 25992
3 1147 1 956 40657
13 293 19 84 68745
51 22 49 54 71581
9928 1 19965 7 99999
21 317 42 114 73978
8 103 8 639 82368
49969 7 19993 9 99999
56 54 31 96 55091
13 139 42 949 91406
1 1497 6 2441 79841
13 73 55 773 42512
12499 10 14224 5 99999
2 581 12 807 79087
49 580 1 442 75441
752464032204656593 392212799349302801 784008961871889757 140940584984779833 47041
16573 1 49957 5 99997
28 395 31 421 11361
12445 7 49919 1 99994
210360081057535111 434531721852957326 6163191265301001 132513191879770891 93205
34 241 3 65 13521
67 392 12 186 89195
101 324 46 138 41548
41 129 35 210 68511
86 394 29 451 12273
12 936 8 387 21843
3 185 32 406 24911
135 208 135 312 8051
6 78 14 184 99318
192 46 239 158 67391
73631954424905539 174201183042246849 37343175762496770 368646782524907833 35377
105848942683385662 20114120854998800 145906825279852561 924891227118785421 45435
22 587 48 810 87506
253822184872295386 633393442188112684 6084099715956697 63412390415153521 72901
34680247219486611 340586349207391585 58064651309837066 89637772388946391 80121
13 388 17 200 54399
30 181 24 149 38246
48 914 24 27 18905
44 181 48 33 63929
3 745 34 421 52826
28 284 50 341 62521
29 281 19 485 22991
21 63 4 169 62621
8 15 21 92 67009
81 613 47 115 54537
159 29 107 10 54259
64411803595636678 24924240427324211 81964906604778195 151837827060580345 17836
545409156002334157 146627927702874177 299250187470724993 67666262380385417 96051
108519428239706837 471390515462770489 76564364561132509 220572118154769341 88888
12435 5 49911 9 99999
33 321 42 291 2535
3 675 3 101 94521
54 274 13 55 23669
12 224 34 319 77099
37 369 58 8 69993
9 97 34 199 12361
9 363 29 899 31385
24989 3 14209 1 99999
19949 1 12431 9 99990
29 305 6 248 57749
7 234 41 441 17069
38 362 12 135 47469
106316304522420266 330657701922849421 9293060415098625 335178758562579607 86047
148 278 114 1432 54033
12427 9 12448 5 99997
64 2044 57 1099 79993
37 14 15 153 80125
19 196 2 1 76001
19 286 19 160 32441
93 604 166 977 70017
19991 3 14284 6 99997
102346129565227855 195339645650838475 267090159284875885 274962666251269351 83789
21 265 32 891 75832
74 2005 87 346 66038
198 389 97 130 39457
20 139 29 511 46223
788323696873329310 164005299136096633 24289493287177191 855900268952241086 41
41280064102844113 335363507905574657 587629943563094515 607134202534225530 79942
34 150 2 240 8301
7 596 11 115 93367
12454 9 49979 1 99997
17 49 42 145 46685
17 41 30 139 11729
13 209 56 295 25601
57 68 31 59 73039
105 503 106 316 17204
18 179 46 398 87687
28 492 7 386 2827
30 477 3 251 81341
12445 6 24907 9 99991
106 1452 46 883 75857
70 208 46 145 69921
8 808 16 532 4906
33240 5 11035 10 99999
18 336 35 365 49410
1 661 17 682 38878
19945 3 12487 10 99991
48 758 15 624 27885
15 380 7 136 63174
48 221 39 237 58221
1 26 7 81 39829
16609 6 16582 2 99997
35 1093 29 793 88721
36 282 36 90 74361
61 53 31 263 28602
516119261398559486 273791512102784357 209397870169779445 514426074435222571 32966
9963 1 49931 6 99993
27 173 33 345 22920
1 95 23 330 91821
57 323 13 161 86671
43 659 51 783 90381
104 250 46 236 70667
1 379 4 321 60106
12499 3 49971 2 99995
34 1049 15 576 53841
264246147622538953 321944127559888751 335062053727950305 12439513057055257 62015
206174180389238721 175510587395393328 512000689747850977 40908727541006387 94641
8 313 72 259 25833
5 381 3 47 62946
1 911 22 1404 13508
29 153 14 309 53429
9 174 93 317 49797
15 232 103 66 33721
20 98 1 487 3523
68 160 51 89 20666
27 307 19 1 21680
745312317706857345 565064947303621332 201198226203302581 2265607313670771 45834
190146632545786687 176562863893822771 5303909690541736 545004352800652844 29761
3 652 9 576 22557
14214 1 11022 1 99992
21 1161 25 1018 31908
34 431 55 381 58941
29 64 39 108 89476
12415 8 14236 8 99995
113 439 131 626 39804
9938 8 49939 9 99999
19974 3 19961 1 99996
40853420238532161 539681945945706545 280204159007860473 390387250156294469 9598
3 368 11 201 55811
75 2 133 60 63301
168 109 53 223 11953
12409 10 11096 3 99995
16 304 45 419 38651
37 241 45 297 44005
67 177 32 349 75752
36 664 17 518 15501
22 297 32 551 76775
1 16 21 193 36116
5 427 29 419 14497
33 228 30 729 87481
40537346766335473 92789929719174161 286966197795652531 20153316785410929 14838
649804007614252401 86401109382650257 435523141517113689 98410948298623810 40381
32 34 15 1 95979
135 134 20 612 60081
9 561 50 1151 79441
13 633 50 224 13553
44 287 207 387 88873
89 166 37 181 14749
43 270 52 364 30453
11 437 150 511 28790
16 241 11 169 2313
5 196 1 625 15368
10 19 18 81 61473
37 105 48 1101 92867
11016 8 19967 10 99999
3 267 69 195 19541
31 27 36 72 84701
17 884 15 604 1441
87 1183 65 235 53001
32 1329 26 2498 30646
120 167 143 915 31714
21 358 16 301 68613
8 29 7 379 8397
14 295 28 79 16301
151 263 115 118 60092
16 513 37 411 42993
49975 1 49944 1 99997
425675784144109570 41841830452796851 169318783739358501 322206840283111841 20927
14 49 18 159 6927
30 115 17 137 22401
19 397 2 278 74801
16 293 26 68 9281
10 132 28 16 40436
43 1 19 28 49451
25 133 18 605 33697
26 305 44 113 7069
16635 1 12427 1 99993
1 645 1 670 19531
86 337 6 50 5209
25 127 1 157 69878
24992 5 49959 7 99995
33332 1 14226 5 99999
63 876 25 878 53831
19919 1 49990 9 99994
21 277 5 99 23341
19 130 9 176 92425
16 67 22 146 80189
18 248 77 129 34478
9968 1 16661 1 99999
19971 6 14189 7 99991
69751045663421311 64532563184317451 126847496857714151 63974319631747465 21410
16 725 56 601 83550
19949 10 16631 4 99994
17 292 42 61 97802
12 11 10 103 30805
398711098857621936 35803849534886161 523076777011187344 343513742059235534 61651
19 162 27 59 2700
28 185 57 142 94830
26 781 9 177 91857
11098 3 9963 4 99993
24 1152 9 329 29355
34 148 74 58 42187
66 175 13 196 14111
37 769 70 2305 14441
45 489 3 551 59901
35742083526051681 33523988035143601 585796120686671474 403395045782291416 63792
87 891 19 419 40199
18 617 7 631 59493
61 243 94 225 23073
10 1126 10 516 72044
64 124 1 120 12911
41 19 57 147 37521
25 901 25 91 29979
572061098939204581 140556764449789633 30729653045114101 117039667928293672 749
51 38 75 336 18169
177481164223332269 6501341444869826 58543133387412565 91486351075330494 12116
31 140 2 803 33911
33288 5 49974 9 99991
37 243 1 258 91802
2 90 10 381 74373
33 37 27 220 15865
43 271 5 319 34466
53 228 49 7 63873
9999 7 33244 1 99995
166 167 163 261 54213
8 97 5 187 95376
82 381 122 1020 43104
55 71 16 69 64663
83 229 1 362 40941
22 2751 55 1297 28345
24994 1 19991 3 99999
67 230 7 5 47703
23 33 3 62 39911
66 151 11 531 91771
97 30 31 172 83388
41 227 62 108 8711
728911265994341862 713625499195793842 45824504434037044 91005138759812866 82019
4 289 15 188 44859
20 671 13 1135 36921
71 198 31 250 87449
81 518 22 364 12637
49971 9 9995 1 99995
39 278 13 124 60958
12423 1 11032 6 99999
45 110 4 414 80273
309171887407232919 4976118453557210 77534669395973585 145843915478766681 77291
7 229 5 53 33479
258 336 255 118 47484
9 649 25 219 6327
11 63 51 271 73161
1 199 33 76 42809
21711163979105163 54318569693220873 1977904566077569 10642109930787169 79234
7 231 3 377 37789
29 186 12 329 59125
10 81 34 64 93826
25 373 22 391 74127
25 58 7 631 37244
95 310 17 343 23433
49 63 133 316 87910
190373214242537089 22762730065252146 16426364905458509 95308283219681585 46145
13 347 20 470 21576
55 207 73 296 64528
25 345 32 231 23730
47 55 22 58 50462
91 169 110 49 801
12456 1 12459 1 99999
48 127 31 74 14178
51 897 91 313 69025
73 217 195 93 95933
24979 2 24999 5 99999
32 137 103 85 34581
41 1 5 376 68532
33 679 15 799 32621
45 271 34 45 21596
13 486 13 283 9623
7 799 28 193 35852
8 648 10 465 79859
27 351 9 249 18321
22 43 17 491 99643
18 331 26 44 64252
41 91 12 607 63436
45 357 41 463 92877
40 649 15 691 23917
1 254 37 47 43901
16 373 45 121 85905
2 271 1 163 15701
9 157 23 37 59381
49 315 4 382 57737
52 83 60 40 29825
28 62 9 340 87529
33 197 9 187 52528
54 65 28 13 68921
38 538 36 100 41879
19 6 33 301 49857
11 421 21 56 1957
46 628 2 805 61565
21 767 21 584 17937
19914 5 12493 5 99993
15 187 25 77 67601
19927 9 49974 1 99999
168 121 1 3 13953
41365738325781266 72412311666225313 178342481304263181 508025560502293677 27699
25 237 25 99 48541
72 116 158 188 1818
9989 10 11085 1 99991
12456 5 19981 7 99999
14 75 7 221 35589
1 12 29 134 18026
34 212 33 147 28503
49967 7 49919 5 99999
6 1745 28 1400 23067
85 292 58 256 20929
51 261 4 246 51826
12 112 47 347 74066
11047 10 49948 1 99995
18 228 7 71 28373
57 181 59 217 85365
25 247 21 274 99768
45 665 25 1141 46626
57 41 36 526 54953
37 1301 30 964 14729
10 834 31 61 56017
9969 8 49935 7 99997
198449962339383701 725501598021049929 477940208637786301 96475321944126709 71501
11 327 15 206 95851
28 95 50 79 90070
57 57 22 485 27064
36 211 31 220 57399
12 287 1 157 349
1466320878821691 12806784503564926 224070071691035389 7972400437518349 96781
18 155 3 407 78871
50 241 17 238 25897
115865362438984451 50024533164314073 643412351587074229 624727856326081 8593
7 277 23 527 12281
41 1057 37 709 53317
14 51 5 160 87953
418410335924717965 451022735688967702 589062827825021833 146195750775651521 85965
8 441 35 736 36951
665359883210985894 285591144830606526 42982676689950141 730026425725781779 44395
12489 7 16593 9 99991
29 38 7 246 70344
24991 9 14188 3 99990
170 365 66 257 38101
4 145 30 151 82737
49913 1 14252 5 99993
37 180 24 190 45289
55 327 16 247 34913
34 112 11 151 90735
30 95 1 268 46123
49324481485879640 82771584674365171 109621928243795863 444462990371352301 2589
9 340 19 160 47497
72 185 160 169 89639
23 488 21 671 26069
21114249317870401 154330602290334621 253841040275272959 87446548121183521 54256
11070 5 49969 9 99993
32 594 29 98 82545
151 258 137 351 20834
14635467442538785 97206256527801652 141374677658270645 840280592099466545 43351
13 330 29 199 48061
24 533 2 164 96722
341873684269356016 413590114492863608 109737008854198201 96593267313475687 89746
46 339 12 216 57477
26 139 47 409 52201
16 633 50 544 96811
19931 9 12447 1 99993
221579195426027900 47196060715305356 152051099828112325 162278391246662168 4435
11 341 42 58 62359
73 463 73 127 81516
3 365 30 428 17710
14 93 21 349 41681
50470679346995185 23079582421446673 68221480644043261 126977777309764513 11993
26 517 1 469 10181
62 51 111 675 30783
150 1342 159 825 34476
51 139 45 175 2283
27 183 23 430 39927
123 244 45 318 89126
3 149 17 267 2396
42 81 49 15 90971
26 261 23 103 92889
9 516 15 343 79903
10 598 4 577 3526
57 322 63 64 77097
7 213 1 353 71790
25 395 38 237 53761
5 78 19 94 83269
39 248 64 85 23225
3 422 16 153 63569
631829098609758193 20616207235549836 196499574672304181 265653620536778146 54792
7 91 60 169 82865
49 409 93 7 49561
1 328 92 564 64561
20 64 23 77 97805
29 1771 7 105 73296
8 161 58 178 32466
19 355 40 329 70701
27 1191 38 1597 74207
11060 6 49979 1 99999
41091249289971388 483465214780522371 699743597552320201 605087659378435995 38291
15 468 21 346 35837
188 127 174 220 43681
47 349 29 76 80681
12468 6 12485 9 99992
7 174 14 342 57905
1 1178 44 13 21824
65 308 65 494 67999
71 281 53 435 63292
49963 1 9985 7 99998
29 81 67 683 56191
51 57 48 48 33341
33 1893 23 265 20961
7 9 7 145 98511
54 485 49 457 39036
49 174 39 249 95569
23 130 16 61 68341
21833633829720245 88012294478144309 184964646552300971 67540702601131291 6913
17 374 114 200 47697
79 166 11 258 27667
73 321 36 361 53133
22 359 39 391 35261
4 435 81 241 7717
49939 4 9916 1 99995
3 44 73 339 4865
1 287 5 432 38015
19 177 49 208 11753
104 93 107 214 33941
45 41 35 47 65481
23 229 5 484 46081
49909 9 49943 1 99991
21 44 69 108 63801
106 466 91 106 12417
19 142 26 97 48513
126 661 32 601 5937
12455 3 49991 1 99991
20 82 16 45 90001
28 52 25 251 28141
6 1439 16 740 96616
31 547 37 141 50113
11 231 6 49 15056
267820126473191566 657437221683135649 81419426190318529 234713007620365465 46625
13 497 18 154 41551
19 364 7 247 51085
115 455 168 171 56851
11 618 1 304 43401
16 111 2 195 95601
10 214 115 240 94351
73 49 40 457 69549
31 63 11 13 88001
15 247 1 897 93585
5 252 1 532 18130
25 110 9 310 95489
213 209 17 491 80009
129 71 32 221 24852
75 720 23 1126 78949
2 748 11 1948 80483
133 521 133 81 21051
188973855604648809 23638119336515431 11053842367800693 179117469339480901 22221
6 401 26 196 55206
28 281 59 41 67597
5 271 1 7 31401
14 465 17 227 34281
49945 8 49939 1 99998
24032369741456109 267815862544252426 204060408550805885 103353116317145736 11611
49932 7 9956 3 99993
43 519 49 1298 39104
33 203 69 145 46641
51 45 72 429 50751
20 1917 87 2611 82019
19971 3 33274 9 99996
39268866149980128 55661691297254009 563575462488213505 393808923839552269 42376
10 529 31 257 38
7 170 19 452 30841
225050009993853859 12804616116552926 136742722228704641 33196591939115795 87025
39 72 31 79 47425
21 409 25 29 76225
94 1151 161 868 1501
796156739906142707 37779420295987448 21125700779596701 48166270383962953 82961
17 500 21 551 31961
12412 5 49909 5 99992
3 391 19 359 4929
199465575011762389 84005333702830774 182754364282796629 463865762841845881 65001
35 289 1 131 52154
49979 1 14223 10 99999
69 109 68 511 10145
31 1429 14 580 62697
10 247 10 8 681
26 107 29 65 17803
14252 5 16624 9 99997
28 268 1 189 86766
24 196 22 381 93281
129 305 188 281 46185
94 27 82 520 41290
20 808 33 717 62097
99 574 144 956 37168
1 249 10 71 73841
49903 1 24962 7 99990
29 16 28 42 77231
1 1053 4 700 32941
29 583 9 242 39004
45 444 39 422 442
12 547 41 249 27005
16107292424094631 16251671341126456 158488321162570393 413341503032285101 36122
41 8 38 502 59776
8 188 28 19 77065
2 1817 34 994 3194
45 236 3 150 13057
1 343 21 290 18383
13 68 20 535 2005
498916699708916593 187059022887481361 86031668561505879 116724542675242542 54401
16 610 97 487 53853
23 854 19 3211 25758
48 256 52 205 40001
24957 6 24943 3 99999
5 1005 1 1957 69581
33312 6 49961 1 99999
89876842266548977 223236186713272261 484059128718007681 347829858278410281 93696
31 390 43 521 44773
26 583 21 32 52085
5 190 22 292 68481
33 95 132 347 42241
50032681139527610 75392066967849263 34821381352190018 4892234384312284 4551
273 651 17 500 18521
47 337 43 295 16795
59 1093 1 577 28876
31 889 17 1297 16135
33 745 31 834 35797
7924027988763061 299933424010047027 74701611281067091 43146290072968171 57108
47 359 44 412 28572
27 1314 10 2118 66985
11 188 4 345 24676
13 93 23 10 62161
12 37 32 261 90049
24 1037 19 319 27041
22 680 11 673 60109
29807481013177459 302905667005504096 2014729237756237 375386185705779340 79877
17 1290 33 73 99721
42 26 49 2428 3009
57540700635373951 158045267410270171 70908247733157428 250828852284771803 13670
97 359 63 129 71045
9999 9 19937 1 99997
24 255 9 159 26921
36 135 24 46 88704
25 85 31 23 501
30 315 48 256 67126
41 155 35 84 64633
96 19 170 10 1708
512031813971262861 531626143468377673 9917350750819156 365542470648923694 63184
78 168 31 269 4921
15 155 33 162 74383
24949 1 49932 1 99991
35 2202 53 1771 43921
13 645 21 607 60071
49900 7 19995 1 99994
22 482 28 372 80776
139 79 80 369 21095
40 445 3 181 75597
96 407 87 121 58481
145 1625 94 813 14947
77 305 35 10 44241
1 208 111 211 28995
32 245 1 23 42888
64 2 11 264 6081
118 666 151 1549 93256
23270340915905266 243634792891892545 246931441082581745 50759132564210535 8135
15 978 39 328 90449
24 38 1 377 21227
50 100 10 73 72441
330912623459457271 6601399518058297 566126906226681921 84387044723973614 40294
28 953 5 87 96325
31 95 36 334 33441
58 1093 72 1601 43965
42 163 27 196 54211
1767876191664826 68447892686980283 646475770890125325 492406580800800381 21833
13 307 39 178 82645
86723844002885937 478483659104935981 768531515151470097 9781387587540405 43952
77 1150 53 1073 97375
40 481 25 469 1009
56 309 5 197 68819
103020198124947964 509397388434922471 11352619183739401 68864069751829209 87962
3 761 22 859 90336
1 269 9 633 63911
10 775 21 421 54871
23 516 4 389 41342
46291769803888386 2561547093848347 162715656318534019 428724517773011329 60401
3 794 25 267 48301
66 353 57 537 11830
286117312782543841 87662092470954701 591748346655355159 150413817277010219 11821
128 642 140 79 40622
10 298 19 227 31201
137 483 129 52 19297
53 301 39 182 781
17 636 20 485 83403
1 249 16 85 45873
117 197 179 145 92737
5 63 157 76 41921
18 49 42 132 49842
19 424 1 235 16152
37 928 21 628 98401
102 409 5 13 34131
135447786889476622 360787659956860225 468408857838849985 610685077325855281 85985
16 1675 6 644 35001
19 225 5 72 77177
24 627 57 59 78129
19 643 1 581 37889
52 394 29 280 43211
16609 10 9999 5 99995
18 34 1 155 84134
25 283 32 206 46265
23 1247 9 161 59624
79270471573144636 4280484944355634 142674850822148737 36835656688049723 8443
107 347 184 73 26870
13 305 22 113 69961
1 85 17 106 13429
5 436 18 55 22377
573599435556117517 12494497667698297 498518583921177425 299970916848382347 8401
52 324 48 43 13376
25 1228 31 733 74393
9 931 14 905 30001
25 1171 29 1338 20676
6 1362 16 625 97684
19935 9 24979 9 99998
65 604 15 569 70311
21 489 21 433 84223
145540642185522911 488322147868647361 367044749302910740 2965097250877937 71676
35 326 46 25 78411
49977 7 19905 1 99997
15 783 29 464 10157
30 57 14 441 21142
19934 3 12453 7 99999
24 120 14 1298 30995
33 435 80 239 2133
84 373 39 501 32695
33 201 3 1 32161
26 201 9 85 76877
9959 1 19919 6 99993
30 443 5 115 1808
63 283 25 303 35105
19949 2 12491 3 99999
20 294 31 492 337
50 797 52 765 97093
49942 5 12459 5 99998
15 325 3 239 97861
439903472037569382 131807463008943361 246829552465410971 70101948569932315 21205
30 337 41 353 16996
17 1 1 79 81389
32 856 14 1595 62053
24582207767756473 617139839176051163 175398740876683809 295694951450935672 45043
39496888125494955 103163484081746803 280027880510038297 228288028110120119 37561
23230447107187401 320053814606678551 12009174000048589 191183270394930542 90307
81 1 59 331 61845
14 58 4 217 5624
49975 8 49911 3 99992
1 162 41 229 27729
21 169 16 389 93105
64 495 36 271 14088
9 34 19 512 49436
35 1436 38 353 81617
27 657 22 908 83274
35 322 72 263 57221
56 326 45 973 14126
6 305 12 129 86167
19 358 18 887 91491
53 190 157 69 90271
121 205 85 502 58545
84 984 7 15 98276
16 2 24 118 63612
20 295 22 362 9715
9993 1 12437 1 99993
31 52 13 163 64543
33 1310 1 2097 80201
36518591322066841 610171701881374426 224958115338863167 120804344014677121 73561
134843158303804501 186879592747872033 654568746763781431 551715299894804501 34651
52 285 39 329 10133
32 433 16 9 91613
129 199 99 150 14676
11034 6 14284 9 99993
25688034655399103 234603015810275625 750117001088798851 53681194583337799 23091
83 562 103 342 31945
33327 5 19936 9 99994
46 1983 47 1397 67956
1 465 19 1420 59101
42 127 11 110 69697
9939 3 33268 10 99995
9 259 42 200 26081
6 361 35 125 65803
69 159 21 153 23501
1 477 43 361 87669
1 101 40 282 52921
100 216 13 146 28797
108 136 57 229 50145
24 401 48 318 84321
14214 4 19995 3 99993
387883617028399342 63365795578868085 4781309749110001 231169861578410182 3196
38 764 34 463 29221
161 255 135 6 16221
44 2656 10 1038 30740
14284 1 19917 9 99991
7 1569 26 1339 34701
11 215 33 127 88188
68 289 9 679 78545
36 478 31 544 62693
32 663 13 1901 69544
73899575759183385 11730524845485720 136553068178662465 312840155156310001 33464
1 460 22 831 55104
89 143 117 127 53750
49927 3 24903 3 99997
72 759 64 907 5289
14289196732427794 410827991025246451 63946190088052821 573854817069705601 48015
9 351 37 293 61806
46 1385 65 1813 7790
48 328 51 301 58727
49 386 61 578 99836
25 45 13 97 98279
73 2 41 171 11401
2 927 34 63 59571
16585 3 12499 5 99994
49919 5 9969 6 99999
12442 1 12433 1 99999
7 2071 46 2079 26535
44 123 35 507 50250
19999 1 16605 1 99995
1 110 1 22 7090
93 121 66 265 7125
49999 5 19949 1 99999
41 399 45 403 62625
35 196 23 259 37045
18 403 103 477 56173
33332 1 49959 1 99991
35 993 34 267 91200
1 232 33 647 40018
3 213 52 381 54997
16 98 6 435 9601
34 3 30 145 49873
34145913994519393 445371225490758497 54729851266986805 294017793365865529 20997
21 347 21 64 18755
3 145 45 83 32505
26 222 3 243 55057
522995357475929035 194675318514621297 78542411240373473 239258177381070881 10593
34 377 33 413 22216
15 127 21 407 96379
113 79 19 75 45006
40 403 16 130 44997
65 371 14 497 47177
57 241 13 535 87885
854510553420338998 501636890245096033 515201632355495969 101319946318927061 91867
61 524 38 442 83349
19994 5 33242 9 99991
25 190 58 11 67954
33332 5 14278 9 99995
16 249 5 96 47009
39 2681 5 272 81456
41 376 35 10 49541
79 59 1 56 35999
13 105 31 436 87224
33287 2 11032 1 99993
113 1 75 829 59201
19933 7 49971 7 99993
16600 5 33272 9 99997
3 573 13 35 27540
31 739 15 61 20597
40 515 28 470 61754
19 241 16 414 42803
5 31 29 255 32156
32 95 31 524 25487
12 581 1 232 31637
5 475 12 446 98630
23 294 3 372 33849
17 272 16 270 85121
24111480337590111 332040560047353901 505895782372018193 124997342732217372 3153
45 1055 17 1085 45217
265456480186499315 434897300373671917 93979098969301455 49935753664136242 23777
41 289 37 211 26556
55 169 49 235 23290
4 250 16 779 54057
49939 4 49968 3 99993
3 166 45 187 16223
25993315095826 644123309231004974 449492180309194433 248177124206758721 1692
28 334 2 94 28967
22 424 4 49 4392
17 128 30 376 32431
201 134 101 95 39107
243318182420783731 69817870011013319 644802552576450021 65996775911617651 12301
27 916 13 750 40661
6 284 48 705 46951
133 2481 17 351 50706
14 358 24 296 73461
30 352 36 171 9061
9 664 23 529 76725
25 1525 31 1613 33603
10 253 1 468 50807
30 466 35 457 75678
49 1487 17 698 14541
66 171 143 863 14787
853510747755232 594308530581720571 31586924322590077 108795020648478872 83590
37 1053 76 173 66212
9649045781557469 43124966388734569 719378181182949691 688327793158572568 82709
9052865190345241 75559880316429466 123036749334545311 855843357045548896 76628
14 93 37 399 36925
29 397 49 179 84359
29 214 16 9 406
1 613 31 323 17985
16 457 43 253 56901
19 222 15 450 35312
5 83 1 301 54234
73 1733 242 683 57745
9966 6 12495 1 99998
49963 1 9931 9 99993
12403 2 49919 3 99995
61 175 85 240 53026
36 829 51 670 8991
21 712 47 106 24021
78 845 84 1543 48353
2 364 23 427 7073
49 189 44 275 80221
46 178 41 43 54641
11 70 19 106 68225
12434 2 19919 7 99996
15 470 3 363 39761
13 267 13 231 85768
29 653 13 2613 39873
53 333 1 460 39661
27 499 6 213 67488
32 961 8 1171 57641
40 354 37 128 72209
21 225 67 702 29301
925386794111508476 26900402519120651 166367772931869847 15973420411087831 79875
19 267 27 161 50721
52 438 101 201 74151
163 67 139 52 21176
9 1025 13 628 6547
21 221 135 47 27053
11 664 33 340 13928
143698807919972005 31822916093718796 902647406443238177 112376635778066577 95521
301 418 207 281 87796
19 1091 31 2494 92657
31 430 3 143 23277
17 1031 7 613 60326
16610 1 16629 1 99997
22 1740 6 1549 65593
25 263 3 186 21463
49919 5 9995 1 99999
85 809 79 101 34317
177 336 210 1885 37797
24903 9 9957 4 99999
47 274 114 74 89267
158242156894698753 80243261155723251 640156764411995641 37218553216000001 99710
59 461 32 146 7421
90 77 76 251 58209
1 304 7 342 17153
23 390 1 316 30613
267605179307466401 61420412642467641 687948026977214561 96512481441720226 56913
5 337 7 273 24969
67 321 66 253 74209
31 380 1 7 11326
19 1 28 392 35625
63 185 9 1645 4946
13 241 3 289 27337
30 51 29 332 68609
49955 9 16585 5 99991
17 43 27 106 81572
28 285 37 34 790
31 313 33 16 46477
31 253 16 25 40739
8325870548395258 89360940562459575 40006678383084001 102496045982040001 30927
72 371 42 247 37441
33 2060 1 1177 43496
49927 9 19907 1 99995
31 550 29 586 251
61 1247 64 1229 22359
1 259 125 569 30873
47 83 13 13 27249
12466 6 49919 1 99999
7 559 22 360 84753
46 240 8 240 62753
10 271 35 221 56121
29 365 11 369 26211
45 451 13 201 61381
49931 6 12417 7 99999
135 237 39 721 71957
99 280 167 50 85851
60 45 13 309 36511
29 137 2 9 67061
3 99 31 163 19761
26 1464 1 1146 44241
82 565 34 63 4440
17 701 1 413 83511
84 173 64 393 73601
52 103 7 2592 90939
9 1664 42 1091 24313
16 66 27 421 64610
404586398451437827 397650833602707140 517586929455850619 7467032765930375 71874
35252799161252611 18229114530082792 236277727059401021 799217731980837163 30730
41076516457214974 4893121341494921 137206119257139142 18295287350196942 53644
44 151 49 376 71386
35 346 57 123 24751
12 191 30 81 59675
9 2059 28 1654 50521
247558926069294073 115398041457279420 378568944721361179 146635462425656315 72403
6 1000 9 103 91692
71 71 60 178 64770
122 76 44 425 61473
7 303 25 85 81141
232 224 51 50 781
75 373 47 115 18497
4 785 3 453 75833
54 533 44 343 63316
75 1426 11 245 87429
11 431 38 471 40507
4 433 41 135 75496
29 493 10 253 2535
78 160 91 160 55544
5 67 8 571 5757
1 85 12 151 35769
23 933 26 681 33659
5 418 43 207 70751
27 391 11 479 2467
59 99 3 680 65453
10 1277 41 1178 2276
12403 3 24917 5 99999
19 841 2 431 59383
23 112 15 319 7735
18 304 19 289 87041
1 16 1 370 10281
16 105 51 12 86501
220627474842564529 242202027265154845 108016240417904470 203074248385814326 95721
3 64 22 491 78411
375749052736054882 591037043733555377 285532366428105421 127591864361132626 83101
21 343 17 222 36455
6 733 6 929 53889
32 213 95 301 36433
126 119 34 51 76001
93 150 31 248 14801
51 197 7 365 74901
73 1101 43 1369 76657
11021 1 12487 7 99995
1 182 19 690 74335
446550820445773281 563544793372246676 20787195567109435 341583152248919626 61296
59 433 23 1 6513
49931 2 9957 1 99999
69 69 37 78 56964
51 351 45 131 48109
3 585 1 53 61344
14252 3 49974 1 99991
63240354864304471 129519817747321332 184972580976800485 49568031230990658 66511
36 225 30 65 82751
39 185 39 262 69425
14224 1 49954 5 99997
34 169 52 141 48185
31 101 19 241 46376
51 521 43 585 19591
27 84 9 197 95025
105 1198 155 457 14001
11 201 43 215 3409
11 415 9 636 56655
150 183 219 481 77178
28 9 38 263 42261
147459105070259286 152326060207323009 274518782793525481 299739847163573717 50585
103 820 97 325 93615
193365903361361415 344451101630157655 13554449755906697 574690156520384661 40889
6 1 27 29 36089
52 311 42 190 70829
7 139 9 408 6635
3 209 41 120 29526
55 841 27 1393 98621
10 358 110 352 67737
3 665 2 21 34180
110 95 196 93 60254
14 580 23 106 60251
9 235 46 431 10464
50 226 42 291 51499
24955 1 12475 4 99999
19949 1 33316 8 99991
12453 2 16645 10 99999
13 305 1 398 20453
27 105 33 265 51905
21 81 31 262 18321
43 771 33 391 28772
156000705030932761 379748350788175261 199807799754292209 137130322045540461 2803
33286 5 12483 5 99999
59 169 33 337 16616
167 369 69 1621 45553
37 277 31 182 57033
34 82 59 388 65235
13 35 37 564 38833
39 173 28 349 7405
54 1607 59 1699 91761
11 305 9 273 84200
31 301 43 49 59641
18 1547 15 13 69660
18 512 24 147 89537
37 375 17 183 85151
25 71 29 1006 19408
11 2817 23 2227 82929
16599 9 12431 6 99999
1 9 5 76 22626
69 476 93 425 21604
35 729 19 273 18163
17 360 5 722 77017
109 617 127 145 47136
214647451814116081 72532364810360314 30733232823250783 73918312801099601 21797
51 193 61 95 35438
19 221 16 78 69361
41 477 18 1083 30309
51 212 63 365 72437
33318 1 19955 6 99999
4 104 22 52 54461
22 42 14 467 57376
20 1 95 253 75560
43 395 18 200 9176
512363330304302161 238244897083461217 833159031246680497 2626547207474909 64725
1 37 50 153 77361
32 280 55 451 85841
1 683 11 585 48326
21 485 1 553 90401
19908 7 33288 3 99996
21 296 4 419 11496
9 219 19 513 24681
15 212 27 281 78051
44 308 73 225 5913
49921 9 24985 1 99990
3 903 13 707 4739
34 1676 79 2073 63558
1 211 75 401 26849
5 81 31 562 98681
7 495 41 41 63839
296936915998773006 216670032919054465 39266200436753901 14709634187135501 8908
33 1 46 211 54371
19 203 11 383 10852
19999 5 16625 1 99999
1 260 1 193 34423
14 410 66 276 10689
163 887 24 163 9191
77 249 81 608 67155
156 418 51 109 36901
11 234 32 317 53634
4 113 25 321 87141
88 304 37 130 33866
12 381 6 289 72857
23 95 67 485 4317
46 174 34 216 39231
652981536375862961 554354180635585663 72137290306068501 649525211063263093 80821
33326 1 19943 10 99991
24 253 77 227 75460
35 209 20 321 77053
12411 9 49901 3 99994
14192 5 49986 7 99999
9 1319 41 1142 84328
11032 3 12472 5 99994
19 631 29 489 13873
11052 2 12446 6 99997
833734684425068920 494621475738852065 38452904705260329 9763369201954369 39871
31 241 15 23 48611
12499 6 11014 3 99995
119 74 29 631 90607
6 494 28 697 78701
5 386 13 327 89883
1 1727 23 792 48889
73 3 61 47 66306
602055571985596520 120351020079292399 9956251677356266 274986707882261161 23979
1 47 27 573 42707
72 245 19 73 41903
107 179 39 173 28087
38058590727966219 212383124616215281 931505115556734440 25810784577963331 32501
21 356 118 155 1021
57 30 18 561 42497
77 154 120 437 66613
13 352 13 357 24027
13 14 9 220 20888
85 544 39 643 64731
42 13 15 97 99265
10 991 49 1054 59961
18 318 43 377 89412
1834058716493043 26694730859616883 472900730264112151 243347477001914497 77480
73 495 74 49 94047
42 214 29 252 50327
13 235 54 283 65447
14 391 7 621 50233
37 981 10 2211 40034
4 321 35 477 49353
12 29 28 55 34238
19957 9 33275 1 99999
34270296574009397 62382451185768573 18510203447812495 894278723833772037 37505
25 211 9 143 60270
48 389 71 419 75995
5 306 13 292 71449
114 281 121 273 71745
25 1246 31 287 94453
19999 1 14238 9 99999
22 161 60 247 34428
5 78 18 391 28533
15 199 15 341 57521
36 297 11 236 13885
1 331 28 208 3717
183 280 193 341 77221
1 385 8 379 76274
60 277 91 141 78697
18 611 23 47 38359
12467 5 24946 1 99992
19999 5 14208 5 99999
7298082407269434 896905384857401641 559170933880212129 440817440292176666 97521
29 879 9 953 18057
37 205 1 319 81657
1 131 29 185 75291
19927 9 49959 7 99994
25 263 27 197 60718
36 337 5 129 38435
22 3 44 651 16290
49995 3 33257 6 99994
39 325 47 163 17417
52 257 25 229 79875
9 346 31 534 87025
45 430 31 152 16516
12403 5 19903 3 99995
11054 10 11066 1 99997
23 25 18 15 83065
43 588 74 191 26243
31997806638849325 43457212173307585 675922418184410251 16093549064417086 3421
19 606 26 898 80993
36 379 43 397 51901
31 65 49 346 94976
121 550 9 140 67893
5 262 39 330 8289
420826178188099909 11037801450943708 450369892206314381 46901497599487441 3071
47 275 44 448 40671
9 400 37 527 12551
216 467 88 166 69015
49973 1 12459 5 99999
14 9 25 611 52213
29 119 34 102 64431
36 1093 47 928 28396
6110546293374537 391585969670009301 439603316536046436 40229946729107371 4537
1 1 17 232 75335
23 1310 28 5 22493
139 160 47 337 13907
53 991 100 395 91626
22 34 78 197 52469
20 335 27 193 98611
8 336 19 673 59262
1 190 31 18 71924
12459 10 14250 6 99999
27 297 53 356 37624
6 370 30 343 46949
40 475 3 462 60859
139 38 146 159 92440
29 388 9 569 82393
39 331 6 234 86311
30 546 6 256 81636
25 455 8 371 13679
394576734477202831 2416519271187261 121586438484717445 403609861843090183 30561
10 137 33 41 90365
1 190 49 183 79287
10 197 1 61 52831
113 2044 34 1504 32047
200 88 9 41 65321
16 742 30 171 56921
89 995 139 1065 50361
34 135 9 405 80637
24941 6 14209 8 99994
148 283 91 523 44402
15 325 35 265 67175
1 370 5 459 9359
19 531 20 128 50369
9929 1 12435 6 99999
46 2576 34 37 67079
16 774 28 841 10861
16 543 1 609 49419
12423 7 12400 7 99999
26 25 10 477 71868
13 7 34 133 26873
990043389524682 168779708708876714 45398871006427912 179543802759976113 18433
105460419394642558 591431064258241765 135862080275729305 383493687353323947 9244
180230870260483183 11279162905389665 280633204611931073 6920097856893961 50303
6 257 15 298 3318
35797119320183572 35538268179316993 8256249976596092 39646366946025139 39377
21 147 43 85 32932
75 393 6 38 60001
10 167 7 701 63799
2 447 29 498 64017
5 259 33 241 82526
15 113 19 184 63400
23 301 91 473 1612
65 91 13 28 39169
40 67 36 61 10952
13 390 29 11 91671
32 487 26 33 17435
49994 7 49912 1 99995
6 188 9 144 74817
43 340 27 931 14452
40 230 9 201 73813
10 1157 8 584 80011
63 165 26 208 55094
24 298 8 1354 11665
53 466 53 715 77350
19 85 19 15 92368
21088749456131161 192141459619319089 241099059173861515 100267100263536130 58631
67 384 28 427 19174
33 207 21 687 56775
4 709 16 722 45833
5 184 1 43 65337
22 281 36 183 23133
1 106 14 97 80391
1 346 2 2113 80733
23 119 37 300 81948
12473 8 12491 1 99996
1 109 3 866 39717
13 37 21 345 34110
43 156 1 30 31987
28 54 16 327 98069
377955519922936801 64332061420835300 149411470384888309 225427456152292741 41921
9 436 43 43 46849
25 86 2 92 25003
9 1921 25 1012 3293
19 58 25 124 29852
9963 7 12410 1 99995
19909 1 33237 9 99996
15 345 43 897 65209
123911833589681905 142247052919726516 40757301517544449 514703518616705173 19211
303427544990332456 523367081479701357 33217384053967457 322530452208903001 29060
29 215 26 407 35107
79 262 1 45 88453
8 317 15 401 58103
28 150 11 264 71237
58 573 10 676 7083
34 387 149 394 91133
10 135 11 167 65221
15 208 26 177 89103
16 90 5 351 35009
40 15 17 1 31401
1 163 27 319 52855
124 204 154 390 49377
22833370597435189 2121613524589933 168118424724005225 59296746018647476 96911
19987 5 33321 6 99995
5481275503249273 96331476472300417 328186826702134401 143358711058481284 22582
