100
3 2 1 2 76
3 10 1 1 40
2 19 1 1 81
1 14 1 17 11
3 1 1 24 20
1 21 1 41 17
2 10 4 1 33
1 13 1 14 85
1 1 1 21 78
4 9 3 1 18
1 10 2 2 97
1 36 1 3 84
1 30 1 1 77
2 3 1 8 61
1 1 1 12 1
4 3 6 8 51
1 5 1 11 81
2 41 6 16 13
1 11 1 4 84
1 2 2 27 16
1 1 1 1 13
1 1 1 3 93
1 15 2 1 83
2 23 1 7 21
1 1 2 11 78
264020935285844107 187179739759154609 27955993393049809 266710779342011616 33
1 7 3 3 36
1 9 3 9 71
3 15 3 7 61
1 3 1 10 61
1 5 3 5 1
145542964119266571 84131471955866027 16686918171374725 279463462832167873 32
1 11 1 1 63
1 1 2 2 19
1 30 1 10 77
9 22 9 2 1
5 18 8 13 16
1 1 1 15 69
7 9 1 2 77
3 41 1 31 76
1 38 2 41 61
1 23 2 31 69
7 47 7 1 89
1 33 3 36 87
1 13 1 13 77
2 42 1 17 85
1 22 3 7 1
3 10 3 1 25
2 7 4 1 1
2 9 1 35 9
3 1 1 14 81
3 8 1 27 4
2 18 3 18 37
1 19 1 25 97
3 12 1 17 89
3 19 5 5 21
5 1 3 17 9
1 3 4 5 5
1 5 1 1 85
3 3 2 7 44
1 9 2 10 5
3 13 1 6 30
2 1 2 3 39
393255865937380048 5518528533726801 359932439142370977 142927926652507900 41
1 7 2 5 6
2 5 1 13 53
2 1 1 4 35
1 31 1 50 76
1 9 3 5 60
1 11 1 27 52
1 10 1 5 31
1 5 1 1 21
2 10 1 6 1
248649678874246377 71754828691499011 82514260392973761 104833332249109843 61
3 6 2 13 93
1 11 1 8 41
366347467703729662 85399015065371762 563978032023762625 822647555973743509 3
1 2 3 6 52
2 16 5 16 99
2 23 2 31 85
1 27 2 26 23
1 12 2 1 14
1 10 2 7 5
1 33 1 1 13
2 9 1 3 23
2 21 1 10 93
2 8 1 5 1
464163066326355161 122242950213204817 114287356603577614 157733384266046908 27
1 4 7 15 41
1 27 1 1 51
1 1 3 1 50
2 1 2 9 9
2 28 1 14 33
1 13 1 5 41
5 9 5 24 26
1 10 1 2 26
1 29 2 44 28
1 18 1 11 51
1 1 1 7 86
73684295639269611 241362144848061931 27808739856225277 389098279870838621 93
