50
8
47
17
8
31
10
0
11
16
23
36
53
15
8
51
41
9
5
0
16
16
5
18
8
0
54
53
10
48
28
26
43
5
48
22
8
20
20
30
0
42
16
0
34
45
8
13
15
35
30
77
21
34
35
9
23
0
7
56
60
16
6
24
20
17
13
84
18
0
28
66
8
30
64
26
0
109
54
12
0
38
21
0
138
5
45
15
16
20
21
7
4
7
0
35
35
72
6
39
18
11
13
27
36
0
9
155
23
0
23
30
19
19
16
19
27
383
28
26
9
44
41
89
23
38
6
35
44
12
52
15
18
37
10
15
0
13
9
0
14
42
6
93
61
31
74
14
11
53
16
37
6
14
23
22
20
0
28
183
20
29
26
26
0
9
45
62
17
10
7
23
31
39
31
36
27
7
9
49
46
111
20
27
34
37
26
0
6
35
6
2
31
5
0
36
0
4
7
6
26
150
46
18
35
32
3
5
11
5
25
28
21
9
21
10
0
53
5
79
36
14
2
40
31
4
0
26
76
57
12
29
38
19
21
27
11
3
5
10
27
28
47
104
32
2
45
23
80
15
2
8
7
0
12
56
14
29
15
5
9
36
28
6
28
0
14
13
38
35
10
19
8
4
4
10
46
25
4
21
9
9
2
19
17
5
32
22
0
6
8
31
29
88
5
103
29
19
11
0
294
28
3
32
0
118
48
334
8
28
20
29
25
26
28
44
0
3
29
33
23
36
18
49
7
40
26
36
26
77
33
14
22
32
31
116
14
5
30
8
5
29
83
42
31
20
2
37
15
4
29
8
4
21
32
58
25
62
72
23
14
71
165
20
34
22
27
0
71
12
41
44
29
22
0
0
28
18
6
5
29
13
8
0
39
33
0
9
23
14
54
28
168
14
42
26
26
12
0
33
13
39
15
10
15
10
86
0
0
29
10
33
34
35
108
23
28
16
0
34
25
228
0
37
33
77
0
11
40
17
17
38
14
0
0
79
362
26
117
31
2
14
85
42
38
37
11
6
9
5
57
0
15
5
21
29
6
10
63
9
21
0
25
19
8
25
24
6
17
46
38
77
7
66
165
28
67
20
41
4
47
8
9
5
29
19
51
33
2
6
31
54
30
38
0
24
22
5
11
8
75
5
34
0
0
2
32
10
0
44
64
21
21
5
17
27
61
13
95
5
21
34
24
24
0
75
34
32
19
8
29
10
13
41
0
71
41
30
12
6
12
17
66
28
37
23
0
38
26
46
0
24
76
0
0
2
22
23
15
40
46
8
32
7
0
56
7
49
5
9
33
22
17
15
36
7
0
7
0
23
0
18
25
0
31
7
9
95
60
33
0
25
44
0
22
0
40
5
30
0
0
128
43
14
6
19
0
6
25
33
30
9
30
32
27
3
0
16
83
0
31
25
34
0
22
31
31
12
33
60
34
23
80
52
36
58
21
13
8
50
13
14
6
53
0
44
38
37
8
16
8
63
35
18
53
41
33
60
146
5
0
35
7
0
29
12
5
3
15
8
48
8
4
18
42
0
32
19
14
0
61
45
0
5
33
197
27
17
17
57
34
13
0
40
60
37
38
14
48
22
27
5
49
25
37
0
0
17
10
16
0
12
375
42
32
2
11
24
5
14
9
27
23
15
0
8
25
2
28
24
10
39
15
49
26
10
8
11
15
15
22
16
9
11
0
6
15
19
54
224
0
5
0
14
39
13
46
93
10
42
44
4
56
39
14
36
7
22
25
0
6
11
8
0
23
38
29
41
11
13
20
11
61
56
0
0
23
0
0
29
31
38
66
20
29
16
52
102
34
106
0
0
0
8
6
47
32
35
127
20
16
7
8
29
15
31
0
21
8
15
110
389
25
20
6
0
28
21
28
29
0
0
14
44
8
50
27
21
67
13
38
6
32
8
17
40
6
9
24
16
7
13
36
32
64
6
20
47
35
0
10
20
50
40
23
34
27
7
17
0
0
19
55
8
33
30
35
10
26
191
0
0
13
9
11
24
66
8
18
10
5
0
30
219
17
9
21
26
36
11
29
70
12
32
0
0
429
33
21
13
33
18
20
16
7
15
89
44
9
19
92
3
23
9
21
29
25
23
37
20
2
0
19
27
31
18
74
280
25
13
8
11
16
45
3
7
16
5
26
50
59
28
10
7
0
23
6
62
78
0
11
49
36
10
16
44
18
8
22
0
17
20
20
21
21
65
27
0
32
0
24
3
39
46
31
22
131
9
32
55
18
60
24
9
5
138
61
40
78
15
0
28
14
40
11
10
38
9
43
0
40
31
9
54
40
0
23
32
72
28
38
17
57
0
15
33
19
59
4
8
24
25
52
4
35
332
14
33
11
22
25
16
71
57
40
31
12
47
43
18
63
26
45
58
33
110
32
127
9
19
11
7
50
5
97
0
37
6
9
8
36
57
26
2
8
17
29
42
9
33
42
40
15
53
8
44
9
0
39
64
32
33
3
0
38
21
0
12
16
68
0
17
0
7
65
7
22
48
7
31
23
53
36
0
30
44
14
0
9
44
16
0
28
40
0
30
32
26
8
0
50
40
14
34
0
10
35
12
8
25
36
8
117
50
28
5
53
33
27
63
27
34
0
53
108
25
75
39
28
29
15
9
0
19
31
51
8
32
56
27
27
9
39
49
14
152
19
43
57
0
27
23
25
20
10
10
16
22
16
31
76
25
2
63
16
41
6
8
79
36
20
30
28
0
27
27
29
21
52
41
55
127
32
15
49
32
29
19
18
23
0
29
60
96
22
2
0
10
15
33
49
13
5
0
1
23
0
50
75
3
0
16
8
8
0
34
7
15
18
13
29
7
40
38
25
54
19
15
52
4
113
13
22
2
18
0
119
94
4
17
16
8
0
20
9
27
4
15
3
0
20
58
35
33
0
12
15
13
8
14
0
18
13
21
115
75
15
19
0
54
15
0
38
9
24
72
6
31
49
10
0
10
44
4
10
20
5
28
24
35
35
8
92
23
64
53
20
0
28
35
58
0
50
30
12
35
0
39
0
19
3
34
0
22
27
20
20
0
22
11
0
33
22
26
4
25
38
46
48
53
15
23
73
0
13
54
53
16
23
9
78
28
29
0
28
41
24
30
0
26
18
12
9
22
5
22
28
0
81
5
9
29
8
24
5
18
252
51
10
7
22
7
2
23
8
38
0
14
390
15
0
0
0
281
16
2
24
40
13
56
24
21
28
11
44
27
58
28
115
247
11
10
57
15
0
0
12
143
18
9
0
17
5
13
19
49
10
22
38
24
30
38
26
34
31
7
0
15
55
10
6
10
47
28
23
17
0
20
39
4
5
0
28
5
28
30
80
77
45
7
10
8
8
32
6
28
13
5
25
26
23
2
30
22
29
16
174
0
26
35
31
0
15
45
47
31
21
33
0
27
4
110
6
37
26
98
49
46
9
250
5
6
41
27
23
24
48
25
20
30
21
36
0
13
0
21
22
24
2
19
0
28
15
26
35
0
15
22
19
31
13
23
10
25
26
8
14
0
30
0
0
32
37
8
13
27
22
41
15
10
10
8
32
7
23
14
9
38
55
57
8
20
38
13
21
30
15
39
19
0
32
33
34
6
35
12
0
31
16
21
18
6
13
20
10
27
16
10
54
0
12
43
15
19
0
19
32
58
249
8
21
56
6
73
7
77
60
0
23
11
5
2
9
19
69
8
28
33
31
17
30
8
28
60
42
126
26
12
12
26
35
43
9
48
0
0
0
36
23
46
11
0
45
50
42
50
5
20
23
25
29
19
38
6
37
14
37
14
32
5
39
3
8
21
14
35
37
123
0
53
0
24
17
24
64
18
34
16
9
33
0
94
10
55
32
51
7
0
57
36
7
35
36
12
57
9
8
22
33
96
0
28
0
267
35
12
28
20
28
58
48
37
12
29
8
5
8
16
37
24
15
0
7
17
17
32
44
49
12
15
35
53
103
40
38
24
12
8
75
14
14
26
28
0
33
49
14
33
5
56
55
370
12
0
72
32
18
27
5
12
18
36
10
4
5
12
20
53
58
0
299
13
6
25
12
12
28
29
29
46
27
30
11
29
0
5
36
35
8
7
17
9
10
9
0
68
9
51
24
32
14
193
0
45
39
25
0
4
53
34
17
56
21
129
16
33
0
64
30
32
21
11
23
60
5
0
38
28
31
32
29
7
27
30
31
15
8
31
29
41
42
8
7
0
9
36
45
5
33
29
98
3
18
37
29
17
8
9
131
19
0
22
23
59
35
11
0
22
11
33
8
107
48
11
0
388
90
15
26
60
40
23
92
8
22
23
23
74
27
36
31
12
0
75
41
48
9
66
29
14
40
7
22
31
10
32
10
60
8
19
8
77
88
0
0
0
7
0
35
59
31
24
37
43
4
60
25
129
33
2
43
11
37
21
35
10
24
119
0
14
27
16
62
21
57
24
44
8
29
45
51
65
0
48
34
4
39
10
5
23
0
0
23
68
26
39
7
31
42
43
32
240
32
27
0
5
0
