114689
256
27537
15456
78487
57200
1944
504
144330
6000
28656
124
145458
33530
10762
42443
33945
79588
25460
13778
26388
3528
72342
14924
134933
61988
93
84688
95090
36542
61988
22122
25032
116010
11213
14436
16822
34760
20753
8350
128620
137038
86764
23577
1860
4553
9274
61988
837
29732
43963
20753
15629
25032
1488
5202
128620
34760
122312
18103
42040
103440
26571
3904
15629
19384
93007
43963
109719
7517
141248
86764
960
288
184
63908
10944
24108
1225
29238
39530
936
103726
3888
24599
24316
714
55868
70206
64051
10560
2783
324
52911
4048
89906
