97 100 997 10 1000
6 81 90 98
48 2 79 94
89 21 95 39
20 36 64 39
19 11 28 95
9 69 26 97
12 76 21 80
46 96 62 100
95 44 96 46
41 73 95 99
47 7 83 15
6 60 9 65
86 5 93 5
21 17 25 45
29 28 32 96
4 32 6 65
37 21 68 28
59 74 65 81
9 26 65 34
9 22 29 37
22 35 23 90
3 91 19 93
8 33 30 50
6 12 18 81
60 24 88 39
12 6 32 56
25 3 84 38
11 74 21 98
39 66 53 68
19 2 41 37
16 31 20 69
90 64 94 72
56 20 82 25
22 18 24 32
8 65 87 98
44 27 78 31
29 20 56 20
21 22 23 32
21 28 48 32
1 12 4 45
34 4 76 6
6 7 27 50
60 11 64 18
63 32 66 41
37 19 40 25
50 7 89 21
58 75 82 76
16 60 18 63
24 72 60 86
41 23 92 33
8 84 81 87
66 6 93 22
3 20 32 73
10 21 16 45
40 1 72 30
1 25 3 73
22 8 68 40
3 76 65 82
26 10 87 39
50 21 91 37
37 65 40 75
18 19 53 28
50 77 92 81
80 4 94 18
17 29 49 29
7 17 13 91
10 1 29 34
3 12 3 28
80 6 90 17
22 64 97 67
23 21 64 38
71 21 72 21
13 65 48 91
44 84 73 94
47 27 58 31
44 5 68 18
54 12 79 41
1 10 80 28
37 87 73 95
5 9 32 28
10 19 68 28
12 68 34 82
17 66 44 83
3 37 17 61
26 27 47 32
72 72 79 87
41 26 45 40
22 7 34 29
37 76 47 82
25 69 54 79
82 18 88 38
7 16 8 38
18 83 22 92
55 7 68 13
39 21 84 41
72 5 97 18
27 68 44 77
31 83 58 89
22 51 30 52
12 14 28 78
28 6 71 40
23 76 29 86
24 81 45 100
35 67 77 87
34 75 75 100
10 3 51 31
27 65 87 86
58 15 75 38
7 28 56 30
34 69 92 80
11 9 50 23
21 64 34 66
2 4 39 19
1 78 89 93
43 19 68 23
31 66 36 100
22 69 25 96
4 15 46 30
44 73 64 87
27 72 58 96
1 69 15 89
16 3 43 4
21 46 30 83
13 65 95 99
3 73 10 79
21 18 52 27
48 74 80 93
11 74 15 75
52 21 90 33
39 67 41 90
71 77 90 94
78 89 94 94
11 67 86 68
42 64 89 87
51 76 62 79
24 49 26 80
3 68 34 74
29 11 64 26
40 68 87 86
7 73 83 95
28 11 74 40
28 68 87 69
19 29 80 38
47 6 59 9
44 83 67 91
37 65 93 88
46 18 55 29
4 16 65 17
10 28 18 89
20 80 50 95
24 4 41 38
34 11 48 37
60 79 86 83
16 28 25 50
35 4 62 7
5 79 63 98
32 23 82 30
46 74 49 96
21 15 24 28
10 25 60 36
13 19 40 39
63 74 79 88
25 30 27 72
1 21 29 90
14 82 55 84
14 11 47 13
4 35 22 74
8 20 32 93
66 18 86 19
3 12 12 92
9 34 15 49
9 60 16 74
25 12 50 21
17 94 33 96
21 71 66 84
44 91 56 95
43 81 55 97
2 49 24 68
10 77 90 84
16 23 58 28
36 87 95 92
5 7 22 16
45 12 56 30
6 8 53 35
18 27 31 31
83 76 86 93
4 65 27 86
90 67 96 99
51 79 65 83
27 67 68 73
12 79 37 88
22 64 54 97
8 53 15 78
4 1 54 33
1 80 48 100
33 71 85 78
6 6 13 18
31 5 64 31
34 16 95 21
15 27 18 63
48 65 54 99
34 65 37 67
27 21 33 35
52 33 92 38
38 81 58 96
10 5 93 21
58 11 92 12
7 7 58 23
69 77 88 87
33 95 86 97
24 23 84 25
33 65 33 98
9 17 30 66
1 25 21 41
44 90 60 92
32 17 80 31
51 15 61 31
6 62 14 75
5 88 18 95
4 3 25 83
4 16 6 82
10 55 16 79
34 69 69 92
27 10 66 13
38 68 91 70
20 9 27 99
45 64 89 92
36 3 61 31
32 38 32 77
33 14 92 34
48 86 52 97
73 6 93 34
94 35 96 82
78 69 85 85
69 77 89 95
12 6 31 38
92 73 96 97
22 6 27 46
34 19 65 25
12 26 14 27
52 10 58 17
23 84 84 94
45 2 51 18
43 14 43 19
23 81 87 93
19 20 27 55
42 19 75 26
33 12 83 15
25 93 26 97
19 9 60 15
4 64 20 79
10 14 62 22
41 83 61 92
89 7 92 10
49 13 87 33
17 73 36 98
26 65 32 83
2 75 48 99
2 44 29 44
68 19 69 36
3 5 37 37
15 81 22 97
57 90 84 100
3 48 20 71
15 65 65 87
41 4 83 12
81 80 89 95
13 31 22 46
53 95 56 100
28 67 85 74
12 6 17 14
28 91 60 92
6 11 62 17
5 27 26 70
13 47 21 67
4 37 29 40
56 5 81 41
36 1 62 32
68 3 86 6
30 18 45 31
30 19 54 24
11 4 48 40
16 58 17 77
34 68 72 69
69 75 82 87
3 36 14 99
75 18 86 38
64 13 96 41
48 3 97 31
13 29 17 64
14 19 37 32
63 5 69 26
55 14 68 40
1 77 89 97
17 18 76 34
18 29 37 32
92 60 96 90
2 37 44 40
4 65 50 87
36 64 48 92
16 21 56 23
16 8 23 31
53 77 96 99
14 20 25 63
7 2 8 40
22 1 62 31
85 8 90 23
35 65 45 65
12 7 22 40
51 27 81 34
20 14 22 79
13 31 52 31
7 74 32 75
13 59 30 99
11 18 72 35
9 58 10 62
48 20 54 23
4 3 28 94
7 61 32 88
40 64 65 80
8 72 11 77
18 51 28 88
4 24 25 55
53 4 65 7
24 14 27 67
61 1 65 34
38 20 77 38
32 1 86 15
19 10 75 20
14 6 71 31
49 64 84 67
38 7 83 36
59 9 94 24
3 36 13 84
37 19 55 27
2 19 31 22
32 21 38 35
18 17 25 41
20 67 76 95
68 65 77 68
36 69 68 73
32 79 39 86
1 20 71 33
13 74 80 95
18 72 61 79
3 57 5 78
12 22 18 92
5 30 7 41
32 14 52 21
3 4 9 39
36 8 74 35
49 29 50 30
27 9 58 23
10 18 78 20
79 66 85 95
71 69 95 81
26 17 68 34
30 20 36 21
5 7 48 24
13 25 82 34
47 14 92 34
56 82 82 95
37 16 74 16
26 67 76 97
63 64 86 74
57 74 69 90
14 4 19 54
23 3 26 49
45 80 65 95
14 87 84 100
22 30 24 78
73 25 96 36
11 9 23 63
3 64 78 94
17 3 88 36
3 81 89 84
56 29 77 37
54 72 81 83
1 45 25 46
7 12 28 66
34 11 91 38
14 33 18 62
15 52 25 86
25 75 43 77
38 6 63 10
42 5 95 23
29 73 37 100
68 78 81 88
40 70 82 94
38 4 74 9
28 24 91 33
5 12 28 20
9 66 57 95
8 52 16 56
63 34 97 34
13 74 90 76
21 11 28 81
32 18 42 40
55 92 60 95
9 45 20 63
6 7 7 42
21 69 32 87
10 90 33 98
67 11 78 34
36 39 78 41
48 86 63 87
11 7 60 18
94 4 94 12
18 17 39 19
35 72 89 76
10 66 61 75
51 86 61 89
32 11 75 17
52 10 65 20
8 15 21 36
7 11 29 16
13 23 28 55
89 11 92 22
23 30 26 81
13 8 25 100
6 76 44 87
4 43 15 85
19 30 61 39
1 2 19 3
60 74 61 80
22 66 69 76
12 69 78 89
9 69 30 74
58 84 88 97
38 73 50 99
41 13 53 15
35 87 82 97
29 4 35 10
28 71 48 77
15 37 54 37
41 22 79 34
27 84 92 95
7 7 20 71
3 39 27 78
27 55 32 59
10 72 41 92
66 88 76 96
32 66 93 78
16 57 26 77
6 72 35 77
7 3 84 18
14 77 55 100
43 8 76 25
12 93 71 94
57 14 83 41
34 30 49 41
23 1 28 92
78 3 85 34
2 2 41 16
40 21 60 24
8 76 20 78
15 11 30 68
8 13 24 81
28 21 66 27
15 16 19 41
56 7 80 23
13 14 36 38
8 41 16 56
42 10 80 27
16 28 23 99
54 82 92 92
16 9 61 31
87 6 88 39
11 30 14 75
43 73 66 93
6 73 52 84
27 79 46 93
32 84 85 93
59 88 82 94
40 72 97 81
17 37 32 48
15 24 21 46
42 64 91 97
49 73 55 94
19 25 25 34
24 98 26 99
15 83 91 98
64 13 74 27
2 44 16 67
12 2 77 3
32 73 51 92
6 53 27 82
52 31 85 32
34 25 66 29
6 10 14 48
62 93 92 94
54 13 68 14
28 70 77 83
5 21 16 75
54 4 62 27
44 8 56 32
24 22 70 33
80 75 84 93
17 22 94 24
33 78 36 91
9 85 85 95
9 12 54 23
77 66 77 70
3 4 87 37
7 73 48 79
5 6 21 47
82 70 86 99
59 10 76 13
85 19 89 20
25 11 97 13
7 82 41 83
78 65 93 94
9 7 68 28
61 25 88 40
25 8 73 11
27 73 89 99
24 16 25 30
1 68 51 90
53 64 67 97
4 46 12 68
50 33 59 33
6 46 30 83
37 69 67 95
18 65 71 95
85 17 93 26
54 73 95 83
17 1 21 79
34 72 42 76
63 8 81 15
16 12 43 27
70 79 82 84
13 22 76 24
24 54 32 96
55 10 71 16
24 75 66 84
11 4 19 36
81 4 88 34
37 3 90 17
40 20 86 30
1 29 19 88
28 51 32 72
26 39 26 51
18 75 58 77
4 14 11 96
10 85 45 87
63 84 66 92
15 54 32 70
7 73 63 83
21 10 30 24
11 42 18 49
75 12 82 20
23 79 30 97
12 78 97 97
51 7 54 17
2 9 38 38
13 23 14 68
59 7 77 18
35 17 92 29
63 65 68 95
27 20 77 28
4 22 8 42
15 53 21 100
21 17 76 29
1 65 63 78
20 72 44 100
63 26 77 32
65 3 80 13
9 17 43 28
72 1 85 25
8 17 55 37
61 1 85 23
67 71 86 89
4 33 25 91
10 10 22 100
38 64 60 95
13 28 22 86
30 11 50 35
47 5 66 30
47 26 88 36
24 82 34 96
54 25 91 41
2 71 19 80
42 67 80 76
36 11 43 22
22 12 26 14
6 43 23 55
38 5 68 39
19 13 58 15
63 68 67 85
19 72 26 78
8 34 29 74
36 30 58 41
1 38 90 40
6 29 27 83
14 63 28 67
41 6 46 25
17 89 36 89
43 28 73 35
4 28 13 48
74 1 85 41
35 8 70 11
24 84 95 92
44 64 79 79
7 84 94 98
54 1 89 23
43 2 96 8
52 12 61 19
2 9 46 20
33 1 89 28
20 3 57 5
5 66 57 92
2 7 88 20
27 18 57 19
15 65 63 85
31 79 90 86
48 67 55 77
25 18 69 22
49 27 83 32
75 13 85 22
39 15 51 38
23 23 46 31
1 13 66 38
14 65 43 97
15 69 18 92
67 13 79 28
39 6 72 35
34 19 67 31
26 26 77 38
29 69 90 77
5 26 60 38
10 27 97 38
61 25 70 40
57 71 66 99
22 11 40 34
4 7 57 18
6 40 6 99
32 3 46 28
10 36 17 50
16 22 52 35
12 25 82 34
51 74 65 90
12 54 16 74
9 12 15 75
23 16 71 41
31 65 81 96
5 27 66 40
10 71 21 98
1 43 31 54
6 9 86 20
9 15 57 41
5 50 28 99
71 9 81 10
5 1 21 91
15 2 95 3
10 83 59 88
6 26 7 81
68 9 78 28
1 24 7 98
5 84 84 87
47 7 93 40
41 14 82 31
6 75 59 79
9 8 66 14
15 13 87 33
47 75 54 91
13 20 91 31
3 81 23 82
53 65 93 94
3 13 13 87
66 67 91 94
29 9 94 15
74 86 96 99
60 24 71 36
7 82 53 98
7 72 39 88
8 1 51 18
60 88 92 98
80 17 90 33
18 62 19 69
41 8 56 24
68 18 92 25
9 24 19 69
23 59 27 69
5 64 32 65
15 66 67 71
70 19 92 21
61 27 92 40
3 3 65 22
33 86 66 91
7 28 74 31
2 2 22 19
5 37 87 37
51 2 63 28
94 4 97 94
39 34 86 36
48 5 56 18
11 14 74 14
16 71 25 96
33 36 61 37
9 78 47 84
49 13 56 25
33 97 57 98
58 69 63 76
66 79 69 93
59 81 63 98
26 33 29 48
65 67 80 89
39 72 95 93
7 65 67 85
41 22 71 29
37 13 53 24
71 85 96 88
16 17 79 28
50 16 80 34
9 76 69 81
83 15 89 36
29 67 66 87
11 16 49 17
59 24 97 27
5 32 31 44
10 13 50 18
31 7 80 8
2 32 18 70
18 27 28 80
3 18 79 28
53 9 54 36
32 20 36 22
5 66 58 68
29 84 32 91
54 27 80 31
4 19 55 36
11 22 21 22
13 93 33 100
51 76 73 92
44 67 57 86
45 64 57 96
23 17 44 35
8 7 79 21
27 33 29 48
55 14 59 38
24 39 25 66
31 22 47 34
6 71 25 83
10 16 66 37
6 36 10 83
35 69 45 90
22 82 48 92
15 13 60 17
32 80 90 96
88 82 92 96
21 18 32 67
41 77 78 79
22 56 22 98
20 17 30 50
6 26 50 40
47 83 95 95
7 3 45 11
31 64 35 78
3 4 51 24
13 35 22 88
25 28 29 46
11 3 41 29
6 2 11 35
80 93 95 100
8 28 9 95
2 35 14 43
32 32 80 36
25 45 26 74
21 72 95 93
43 73 75 88
12 75 65 77
25 14 37 27
20 7 67 14
48 14 84 20
5 65 28 70
3 23 79 40
10 19 78 22
59 69 63 91
86 7 86 25
7 8 17 37
9 79 61 89
11 25 83 39
6 6 43 39
17 24 26 58
61 87 81 89
10 32 77 35
23 3 68 8
18 13 23 14
6 58 25 78
17 25 17 95
3 40 13 48
45 7 88 27
5 22 17 29
36 94 83 100
8 29 28 78
66 82 88 99
1 16 8 55
33 13 37 14
27 34 29 64
25 66 93 68
22 7 68 32
16 78 82 80
64 74 87 79
49 75 57 76
17 20 19 55
57 64 87 75
12 18 23 72
7 58 20 100
12 33 31 44
23 8 66 14
30 83 70 94
7 19 26 71
63 70 66 87
24 54 24 88
47 83 57 95
7 37 69 40
8 33 32 88
17 3 85 28
42 28 90 33
25 15 61 30
3 52 12 80
33 32 66 37
46 74 86 87
95 12 96 27
4 9 18 47
97 65 97 91
40 65 76 78
17 54 17 58
9 1 15 32
2 66 32 92
45 27 97 39
61 15 73 20
22 74 31 81
17 16 90 22
43 3 87 26
43 64 48 94
37 69 45 76
56 18 67 28
77 26 90 37
46 69 91 83
33 2 79 9
20 9 21 23
21 22 68 41
26 30 67 40
16 16 24 34
4 5 62 37
6 31 8 53
18 84 45 90
10 19 75 39
20 28 20 29
67 3 68 16
2 82 65 95
4 20 27 20
22 51 22 97
18 12 85 30
41 90 73 100
7 27 17 96
11 16 11 54
53 66 82 90
13 6 17 17
43 96 54 98
51 24 60 39
66 29 94 34
21 23 31 34
8 28 18 31
27 13 63 36
4 30 8 55
31 14 84 26
4 56 19 78
25 63 26 94
28 4 65 29
95 35 97 82
3 14 11 77
25 2 88 22
14 3 29 79
70 1 78 3
12 10 18 88
3 18 83 41
50 32 51 37
7 42 24 84
70 88 76 91
49 1 53 19
23 77 26 81
9 36 29 65
7 89 20 95
36 1 40 21
13 9 37 40
6 47 17 97
30 18 36 27
5 15 7 69
25 47 31 54
26 25 74 40
11 38 32 70
38 34 60 40
10 33 41 36
15 2 59 24
2 24 32 45
88 77 91 100
24 21 64 23
74 89 97 90
35 23 75 32
1 40 27 64
70 65 71 91
23 77 69 95
74 26 75 32
34 5 72 8
17 8 27 54
10 76 28 89
58 12 75 27
16 18 67 39
27 39 65 41
26 81 50 84
46 5 55 6
46 8 68 8
63 9 87 20
22 8 27 80
18 30 29 78
41 71 83 76
73 23 96 26
26 87 67 91
30 34 35 39
27 81 87 86
1 7 3 64
11 73 86 92
2 2 8 69
10 6 28 27
35 65 82 68
28 5 85 31
26 67 93 74
32 78 36 98
8 85 97 93
59 67 95 86
1 5 7 17
8 11 27 49
41 8 77 21
16 31 97 41
16 74 19 85
60 15 64 20
40 4 52 41
19 13 61 13
4 77 94 92
10 65 16 87
33 92 40 92
11 2 25 7
82 78 90 87
11 29 32 32
30 16 59 24
26 86 42 97
25 35 89 41
31 15 64 35
5 17 76 24
63 14 76 29
60 65 81 66
26 7 67 16
2 70 72 93
9 8 18 63
88 80 92 93
20 15 22 41
41 69 41 91
23 5 70 33
16 2 31 39
16 10 77 26
16 23 97 32
81 65 84 66
86 73 96 81
67 76 96 77
4 3 79 26
18 26 80 37
42 1 53 11
10 14 38 25
83 76 89 97
37 82 57 93
32 95 46 96
31 4 37 5
7 39 14 57
46 65 60 80
18 21 86 40
43 2 45 28
41 65 58 69
15 73 23 91
49 5 83 39
79 91 85 92
7 10 83 33
33 11 62 23
42 67 94 83
17 13 79 35
21 76 39 91
2 71 13 88
33 16 39 18
81 74 94 86
22 9 77 18
6 19 48 19
9 45 22 77
9 76 33 88
51 33 72 34
61 70 77 75
19 28 36 37
25 16
35 14
14 72
12 66
70 24
82 100
52 61
38 75
86 59
92 78
59 64
81 73
90 75
95 76
34 23
45 69
31 82
56 4
31 10
41 77
64 67
91 30
92 64
48 74
50 18
44 13
52 86
27 93
3 34
87 4
80 60
33 79
40 19
80 74
47 2
45 45
30 32
5 38
43 48
46 40
96 54
72 72
29 22
78 74
5 29
9 34
89 53
11 7
29 8
38 36
59 64
83 97
31 33
10 52
78 84
29 85
83 35
72 95
73 28
10 32
50 99
64 6
74 98
33 30
9 63
19 86
38 92
87 98
6 78
55 88
32 60
18 85
1 85
20 37
97 73
76 14
14 51
35 76
40 71
39 29
13 59
44 75
62 23
92 20
57 65
28 14
81 69
76 55
2 29
33 44
35 32
61 78
45 52
76 56
21 21
94 53
39 64
55 41
25 76
60 99
11 28
40 18
77 54
20 48
45 14
81 10
33 29
36 10
37 59
58 77
4 47
68 57
22 75
66 74
43 80
52 11
5 90
52 39
25 67
85 21
44 52
19 88
60 1
88 39
64 66
50 24
43 90
38 64
95 19
13 83
74 73
87 100
47 72
8 6
70 4
56 28
58 16
22 14
37 23
86 93
40 21
31 33
51 68
79 65
22 80
34 31
76 41
96 81
39 21
56 99
41 42
44 65
3 5
35 44
68 55
70 40
21 2
81 96
81 15
67 57
33 7
95 4
46 16
13 71
68 13
56 86
68 100
76 66
73 83
68 85
92 65
94 15
39 83
14 57
84 71
28 8
68 11
54 68
5 68
33 58
21 53
9 87
18 11
62 61
72 7
78 71
22 34
13 24
73 99
79 44
21 90
5 18
10 28
46 81
6 87
22 34
59 71
57 41
41 50
22 56
97 28
66 48
90 21
10 9
78 47
41 40
19 38
54 59
13 91
55 17
36 69
13 58
35 30
1 9
6 5
89 57
87 26
19 85
18 27
12 47
35 81
61 18
57 27
53 74
39 94
51 5
71 88
57 60
33 83
12 3
65 8
21 40
82 41
46 5
92 35
53 90
95 59
73 30
30 75
51 8
87 60
48 60
58 66
20 74
23 48
17 55
11 4
42 55
66 46
48 50
97 69
97 62
97 53
97 25
97 25
97 33
97 56
97 58
97 52
97 25
97 9
97 18
97 70
97 61
97 20
97 78
97 2
97 15
97 69
97 38
97 36
97 43
97 53
97 35
97 16
97 99
97 49
97 25
97 68
97 100
97 46
97 10
97 69
97 9
97 26
97 20
97 22
97 36
97 87
97 63
97 33
97 6
97 61
97 51
97 38
97 46
97 35
97 25
97 5
97 56
97 85
97 31
97 19
97 45
97 68
97 77
97 76
97 22
97 9
97 97
97 68
97 38
97 11
97 10
97 16
97 70
97 99
97 37
97 54
97 4
97 77
97 32
97 43
97 38
97 20
97 87
97 3
97 23
97 50
97 36
97 98
97 82
97 65
97 18
97 34
97 89
97 26
97 85
97 29
97 97
97 24
97 20
97 1
97 97
97 11
97 63
97 5
97 51
97 33
97 83
97 17
97 2
97 56
97 79
97 49
97 77
97 42
97 11
97 65
97 16
97 25
97 88
97 77
97 17
97 55
97 86
97 40
97 48
97 37
97 80
97 34
97 42
97 86
97 75
97 79
97 19
97 66
97 28
97 40
97 66
97 92
97 27
97 8
97 43
97 17
97 32
97 63
97 79
97 54
97 67
97 57
97 61
97 40
97 96
97 90
97 89
97 37
97 79
97 29
97 72
97 34
97 94
97 55
97 15
97 59
97 33
97 82
97 1
97 18
97 77
97 38
97 86
97 43
97 24
97 78
97 21
97 32
97 92
97 41
97 96
97 21
97 54
97 66
97 43
97 30
97 49
97 58
97 54
97 96
97 35
97 54
97 99
97 100
97 30
97 9
97 67
97 6
97 91
97 79
97 19
97 61
97 52
97 94
97 86
97 92
97 55
97 79
97 46
97 96
97 35
97 52
97 48
97 43
97 97
97 13
97 32
97 49
97 10
97 48
97 68
97 20
97 12
97 94
97 80
97 77
97 33
97 19
97 17
97 96
97 1
97 5
97 34
97 9
97 38
97 48
97 40
97 77
97 24
97 20
97 9
97 59
97 72
97 11
97 19
97 24
97 11
97 76
97 10
97 3
97 52
97 73
97 55
97 69
97 58
97 57
97 14
97 19
97 55
97 85
97 83
97 70
97 6
97 20
97 52
97 28
97 26
97 16
97 19
97 7
97 62
97 7
97 53
97 87
97 27
97 74
97 30
97 35
97 1
97 33
97 11
97 85
97 87
97 88
97 4
97 70
97 18
97 80
97 51
97 71
97 55
97 24
97 16
97 33
97 74
97 13
97 99
97 71
97 13
97 31
97 27
97 30
97 86
97 43
97 36
97 33
97 66
97 46
97 59
97 22
97 30
97 20
97 49
97 42
97 98
97 29
97 97
97 88
97 20
97 94
97 90
97 65
97 33
97 27
97 32
97 64
97 62
97 3
97 14
97 45
97 74
97 96
97 32
97 62
97 39
97 85
97 61
97 5
97 55
97 74
97 24
97 95
97 19
97 67
97 22
97 8
97 14
97 76
97 91
97 24
97 19
97 91
97 43
97 17
97 62
97 62
97 43
97 10
97 22
97 34
97 84
97 76
97 87
97 100
97 38
97 23
97 58
97 95
97 52
97 63
97 6
97 82
97 71
97 71
97 12
97 68
97 44
97 1
97 66
97 54
97 3
97 16
97 63
97 59
97 74
97 63
97 26
97 13
97 65
97 22
97 57
97 47
97 83
97 42
97 40
97 38
97 77
97 32
97 31
97 20
97 45
97 22
97 72
97 11
97 82
97 2
97 8
97 78
97 42
97 27
97 63
97 98
97 16
97 36
97 22
97 15
97 27
97 94
97 44
97 73
97 10
97 89
97 32
97 9
97 94
97 12
97 95
97 86
97 85
97 18
97 41
97 77
97 92
97 80
97 76
97 72
97 99
97 11
97 68
97 78
97 60
97 80
97 52
97 56
97 45
97 30
97 53
97 34
97 98
97 19
97 45
97 13
97 90
97 99
97 99
97 52
97 21
97 2
97 85
97 28
97 26
97 41
97 60
97 37
97 97
97 91
97 19
97 61
97 36
97 56
97 39
97 47
97 26
97 69
97 22
97 52
97 40
97 76
97 11
97 89
97 27
97 3
97 100
97 14
97 81
97 12
97 5
97 32
97 79
97 84
97 21
97 33
97 64
97 1
97 17
97 4
97 76
97 60
97 41
97 51
97 36
97 31
97 30
97 21
97 47
97 61
97 5
97 59
97 48
97 59
97 2
79 78
73 91
47 38
90 28
74 70
85 85
72 40
89 65
60 42
64 15
53 89
46 37
9 37
30 42
50 25
13 99
46 32
69 58
59 91
26 42
31 13
46 83
1 6
31 39
46 44
55 99
2 71
20 6
13 21
44 82
96 8
7 52
18 4
15 55
66 89
26 28
53 38
5 40
94 93
37 29
37 61
20 45
30 70
52 9
9 95
36 6
74 14
53 10
93 48
97 25
58 94
71 88
59 80
85 77
36 15
58 80
65 77
22 74
7 68
46 56
89 15
34 26
78 26
31 68
79 7
59 97
32 80
47 67
40 71
42 30
64 60
62 40
2 1
89 88
43 32
2 89
90 88
12 38
79 73
71 28
91 57
18 87
96 31
86 76
49 39
89 90
95 94
72 93
16 4
2 80
28 63
88 89
87 26
9 93
59 57
10 88
55 99
23 95
56 9
24 65
26 73
88 35
96 27
26 90
60 86
91 61
14 51
79 40
53 61
46 29
25 64
7 57
53 64
67 8
19 24
5 84
78 20
9 95
62 18
37 24
13 8
53 29
6 91
39 62
63 26
76 68
40 58
7 74
64 8
32 36
44 60
50 90
87 60
59 19
1 68
34 55
61 25
35 34
4 23
27 11
93 44
96 55
36 10
65 85
96 87
58 73
10 47
42 7
29 98
43 11
25 88
63 11
4 21
52 81
90 36
39 78
62 71
86 17
35 40
77 72
94 14
20 64
12 95
92 95
97 69
21 27
45 2
82 92
13 8
33 94
69 93
48 96
9 20
55 8
12 8
10 84
23 64
49 44
47 23
32 86
93 33
82 78
79 47
51 2
22 59
5 49
8 2
62 29
25 66
12 94
28 59
26 77
25 78
31 67
97 64
84 47
36 83
86 58
40 1
79 44
12 9
57 77
23 20
45 81
33 17
56 1
96 76
9 7
67 51
32 40
3 92
35 83
22 1
52 17
81 90
94 63
17 23
15 27
25 42
52 88
14 1
13 67
67 91
86 2
2 11
61 54
22 98
55 66
70 38
46 92
38 86
23 35
52 56
42 36
53 48
43 61
26 83
11 89
54 80
38 25
11 14
81 90
15 11
78 8
24 63
1 34
30 68
76 44
39 60
90 94
