2435290797
3516472514
279343480
2915503695
326428322
1863279024
262620
232592661
45158400
1081242310
111724800
69032756
869153290
93914150
398511971
20092856
319438260
30755538
1017112044
27107716
1031109543
406079856
472795678
151713030
2374801724
68973190
265302000
4147472660
507845000
2335284865
1082847448
463132461
966761874
104408071
67947908
358050510
1628418068
813678015
193935832
1448925221
836981564
913891068
801444000
2788894673
453542519
67955316
80724000
1021281905
2323782621
3140093732
796893002
4865824
26666896
2079621152
576558400
2229505668
710552173
103452860
328846792
1696469499
3419627790
3301082014
4032715658
24753600
357173896
263232068
1808664056
2873933868
2236615578
1914813392
668009664
1826043669
284307045
205072416
7159152
375840
95136195
1009523222
355622400
9474080
1161835000
557408930
199255433
349966030
4342032
1358351245
619081375
55370
61967496
1560322586
288283200
931541976
166606664
82840830
5469516
2851173326
94865568
878172280
89336520
1413770112
16659215
2869732788
511122029
2607460541
972628720
290591928
2424439110
2309275987
1320908411
1267982939
97396292
323974035
3756138269
423380100
2795171648
1237690082
5306700
616449596
200154177
1987362134
13879269
1950325294
2423683754
860940230
237697947
349207650
26534016
38527398
540640422
961046856
101978210
790074720
3895155318
3759912
10999872
107496504
51038449
88139224
1908598684
19220300
82651693
6986007
1096376400
34823398
80899200
370952886
2281703618
2959574146
2106073264
293202180
759903768
952302473
711151354
489219072
419033538
378438112
3656749716
362949384
26352
4333182171
211410000
646709800
1576842347
80828200
661767150
102554495
8199112
391849152
16843200
15250032
2161198892
3747244562
182505383
441870660
1179492023
1024005270
686247775
2716752364
367115252
9577440
183590
1413892632
1683757050
180249300
1088379324
352335522
1819681752
13369990
3955201160
1545636792
608276131
1211513275
3350766400
1323929590
763542360
788794626
1575069196
493522170
45180212
3585120
2280440805
3367940128
2878044
90732560
263737728
1317282032
60656040
846505941
2137431146
112063833
1714652166
2985903146
1035772920
923939316
372204560
300390725
146897750
257006647
394613460
775898020
2985066480
60472440
2129321024
78468750
234969525
703284014
205881620
168767690
538747356
974838400
117096418
1161635010
216149400
3091788138
536848374
6543810
1230318101
1289006233
201581376
313088
57206754
504634806
1327052858
1022879614
84934656
5382400
1634662343
210362536
1608994739
1424379012
3934284712
977241596
20290500
1620082876
926475209
252050472
232321320
2847990446
110575020
49464900
3817767222
864781675
61920
808902425
414656120
1736465226
1442107610
627214259
3148350140
218567436
532396049
3262347893
3281527954
835200
307830780
407969541
511531020
226683240
442225776
511254208
2392089542
764374384
21566514
313162320
408867525
420201600
58296672
12742644
970238611
1993777628
1272013162
1661863948
853663318
55415436
189221760
12073042
16807050
3294617008
1291074224
3740352
3563145180
163875228
824113068
148073688
178487491
130968576
52023447
3340252691
3343401136
2838016368
1409805
280508840
1270290
238254750
120727152
1446713598
15744312
11038670
678660648
893690824
12295662
173586270
3150483327
469272366
520566592
72399600
911542064
36097160
274052250
10139646
186200
2054505948
1042286804
1076594248
1099612536
282893600
183455618
1985883114
92127616
1573371007
32082624
1807284114
1935206112
1272414750
2140618270
1917019954
91241977
1463017986
1137101074
2505380944
2963400514
4924433
3409365264
495066816
37832344
3249000095
884730196
101115000
222932208
228075120
346410
1767964590
55424760
2030215486
1753419398
161055564
139237460
1057551633
3323980578
1631724704
728282730
1136699408
430932200
527645776
302650136
1457235066
60884814
34114128
130772880
45930510
1400894066
3292463086
1356846958
1482447064
2302930386
2162283561
894933016
9931020
3593181348
893927438
165553752
73674964
3670245322
191244096
56747808
4027712
3515621036
287754768
14858992
58379640
28178577
47829680
1303016
47026980
145720928
548261809
15475270
169379525
1488552
1187883414
188412508
1572281078
21695256
1057086616
1821621830
2642278150
13902420
22237020
1842981171
412267926
1471034718
103511850
3288156052
1299119064
592822362
17939097
279330248
122640672
982693740
392782500
685469014
1596237615
19377
54556992
2152778090
150682752
2009421999
3480372727
4288875764
1934233416
1254746971
19531776
635589531
424261239
3345312600
1554204841
2233437627
403285696
1379097161
262895625
2259341
1260008464
244096944
1988283180
450265538
8193024
1216682548
1194065874
269876214
569370219
531844128
1261875
7441434
1689172451
165564730
464288760
95691432
1942499660
232197420
118120522
833340246
227734814
2475018131
10936224
44370
578412630
3826669143
2138617562
1863043288
698628288
3497827946
2601635856
41877756
3213021114
507185172
99331114
3202841
6610032
52587712
197392000
2126425605
5803394
8714790
786298411
3038697862
878764848
1609354911
10771524
210420210
771600
1579771486
2198556638
1713027040
84147270
2119828179
3407189482
3744904358
649216000
286786352
200436390
759853656
503483195
1189627322
354354408
20582100
136971450
171288
51504420
38923016
3191916
66681720
499665208
2585565936
2757205472
1082179309
10780560
739062930
2551472597
147835940
1230256068
1083582526
3002477560
348986679
20915192
171180576
872523877
3676852445
3831788372
928290
451441980
2619701664
121876128
1211482820
310720662
1497530194
192553920
2398589222
1003402890
1189361616
1940986437
1613640
86757426
3286822271
3345566724
1200016750
75778560
25462107
108725436
4182438
3862395127
340034422
3540504790
279108576
62912619
498274392
15595200
2716366472
254007
1408657398
1566553771
814416
1354816162
551919280
1180536856
391824991
33411125
988246231
3735037510
120035574
493964172
1512734900
572030976
280229040
1946915720
1291253648
1387979170
535323166
550524
2245809452
2219617827
1187784
537409872
102286164
785583876
163605204
2322527764
6082128
1001916737
795822297
990123524
51736320
565220585
496461160
830809670
3481086518
1703985758
216846240
131480682
371216274
784127751
2380655350
2650207150
113293884
147062
308015664
701067510
3538280188
383139288
279602950
25891230
914032120
834209646
69124275
3628318927
278312256
4393752227
142334492
1622589784
1666894116
459808398
60843648
2311639366
2003719926
34858908
604849392
8236500
244699879
206085033
125329252
1515360
226591760
129032000
2597780620
12255022
2762937290
13458900
8298000
1353185908
1568904836
470651479
2286547006
1523940644
650282034
1435832812
705171109
966874656
321675964
233526888
192677095
33563072
516743172
178299400
569872749
1858594076
976677888
695928762
420688384
2480753586
18262530
97945680
1060435390
3976380069
4135671807
328501800
305030880
266141052
2823016762
202069856
1184179198
566032116
733600840
4143552516
3445075330
789827748
1419132762
1756080
27350484
2331270153
2700638014
39416418
1126042028
232226688
3124562690
82453800
3698535030
701810928
712530
1856897148
7556459
976963524
1584505039
59084192
33826408
727600350
58125600
790303893
1591342147
773471992
365783040
217179072
256323141
42446250
174297120
23823488
94534416
1067708283
2318817081
1530523076
1647850852
2386992
686511530
1288980612
793380492
864968309
1015611418
254028320
635983072
398240550
2549140056
1719368474
838010826
3185176
131712
1841416295
3773757429
16277404
1598543623
2317419062
302316116
29384487
919770
1866131277
33685456
801570816
1372847874
3876958215
628036200
1862039092
1573146796
11550210
96183912
1580553883
964470209
863519438
4405864968
26632833
911928109
2545448164
3835424741
2487404405
19991322
768916580
1974886548
2146388939
783670546
809446952
257119122
335849565
1186117170
2626074298
1147492614
1454209732
3191676600
876218094
1780863768
467422146
220855305
362412496
1204011097
824540711
1575165796
97691240
906171725
238646662
2285990747
3560221288
876218094
3529510964
3930128876
2695121668
1573371007
2001345596
2779014354
3674650070
1976773596
1184496926
313853134
2721647440
3996202076
228506440
684287395
4304549554
1491304103
1255081444
2923832923
1165125251
1815976944
7065020
312951772
121718280
416049319
1935349200
2549463906
1372167653
11377919
1166733618
3479168228
821787237
3544859943
3727507202
4333182171
3022190136
778291214
1795630200
2421773658
798548224
51888289
3969772742
37902138
3661435838
2652419071
3112965843
2453538738
148381580
802628044
734540982
1758763620
2455527749
8636760
4423485040
1660052327
1927838934
318375100
63916242
1268415300
2188818832
2008920156
4405864968
3975921
575500132
3797983826
3096020427
3055879140
104883474
2157940976
561460018
1877317476
470651479
117254152
36347126
2048794540
1071955838
2915503695
1134744478
2431689162
1797477654
3599780158
1285171630
130312550
3098136978
1039633508
305791408
1680060470
819037870
1365251541
122281506
3751733484
149004721
3437684112
179730308
481483689
3923521581
2210108260
964470209
313853134
24312978
35126058
1098447174
345229411
3943343480
1907145
1181258417
352822631
201571924
1048823242
2035483028
2346752766
185246856
2340855515
1491304103
465274964
2589711454
1786397880
3901497296
1293587377
195101400
293455394
955621409
2493392758
4106325076
2336925930
1747735821
15483889
33628400
457794071
390828502
1840087896
191553265
3303237556
1755086037
2206233714
142838436
1711083805
4313359590
2658508210
40458982
1431382172
3773757429
3296771740
2944684553
857901946
2789291966
12980698
2577619990
3070651083
313853134
3626198062
204481288
141620809
70186721
3914711861
49344800
2729823076
2140618270
2208170987
471729350
2489399976
242605566
4185614410
384875284
123413168
417071524
2713478356
2519386021
1729389160
4364017297
2803698270
940954949
15282910
2545448164
3034811274
3087557475
477137965
2111821712
253045600
126839414
1828951197
35733985
721505404
1036578340
4350802243
3163958187
1107865603
4359612279
2227564283
3305393908
1293587377
4399257441
2388138611
3062207647
3490100570
314754496
4035846212
46516880
3157571136
3868460962
2529401596
1377363510
313853134
1946626974
1150689548
721505404
3597580383
1215459652
1856820582
1681882186
116701346
2060220652
3593181348
1790089488
1523299244
2233390082
499037785
2252836812
2876028806
244197816
2376295670
917700821
389834156
233159631
3723102430
2423756102
1133155911
1131567344
124550040
1723893006
3987392290
3956558102
1160304110
2248944178
44111509
469573608
2411868827
491323628
3072762756
2161794947
876218094
3549247648
3850841630
4359612279
3422427237
2280131262
307573918
853699052
1546501252
385865344
2731867804
602827916
61490400
3344273854
1933471221
1967341652
3093903876
548721549
1566195571
402850660
237859488
78097489
946809297
1041162102
2933808
1412146738
1133155911
551028400
2297720390
3501039633
339586357
4119539920
1535782750
3198083163
7759524
383887367
405880844
623378052
279660782
2577619990
3155443203
2148313044
443249
1692820128
3573398308
1341169700
249005141
2529401596
2719604350
1048823242
1450691026
703429240
4172399476
299593059
2882252063
94687004
2173366736
283079042
287381000
2527397825
12255022
1150689548
4388244896
2744145994
3496663284
2955125464
2210108260
2453538738
3903699722
1623807354
2096501296
1742227284
625815460
1021363150
2783124255
3795781424
63102416
1755086037
3912509432
2413848808
3001187546
698301850
346173706
2117573452
1176407580
709862267
1025916586
84072642
452481772
1736722872
3877270640
4253891856
1866131277
278810018
10203178
15483889
3187407726
3615186823
1336034018
3610783668
179730308
183169033
470651479
1509060044
3731911976
1123642330
2652419071
3824412692
450364560
857901946
3213045360
1952271636
6929250
3041127555
704714191
93203121
147140508
2930083924
4414675004
1123642330
2955125464
2781068896
2219802031
1270086977
883309469
1019846686
539535606
2640251440
3466057793
1521517482
3861853709
929295229
2291853516
122847337
1194236201
4029238845
575500132
457794071
955621409
259577476
451423166
169612113
3119326878
3899294870
622161420
3848639216
4381637369
342401574
4020429029
4194424376
251425346
3003286173
3433323136
1253419657
550524
21150070
20682921
600429876
3422427237
103321441
640526926
2206233714
4137159740
240226130
442988574
211102902
745043798
3577792708
286517570
3017986354
2229505668
2052601596
189438972
74529481
49704805
1635401
783670546
907608780
3492287969
940954949
2992797934
155937422
2609896654
1349747622
4117337445
4353004752
647938582
1779019614
1117319750
257936878
4137159740
1548289531
605230100
2390113666
7065020
1436640662
916255602
66388992
616090692
513896
8339130
927841846
20450650
220855305
1670959554
863519438
3301082014
4441105112
1899734424
1139518099
356645719
1525081006
602827916
2229505668
1711083805
3283850638
1740392205
3106608060
1027437094
693191012
2386163556
18866465
2884327026
3566808768
2971852464
983767872
661623919
2274275882
2029783980
3260199646
2992797934
4361814788
29333558
7065020
2497387180
300474204
560297264
299593059
755612660
2811939314
1241810884
2024089052
310257791
1084386120
877634734
2923832923
1602147151
1308796644
3786971820
628998
2483414083
2206233714
532689886
79456332
2519386021
3136308066
1103151422
618515668
1834517484
315658384
4414675004
0
251425346
3326977678
1044223330
3923521581
1268415300
401843456
2086939204
1895994141
258757177
1627423871
223900129
11900008
176325448
846716042
4436700094
2299676562
3370266717
93696012
3705483362
619730228
582576148
288244430
455666154
1197490542
464203513
2495389969
79912753
149004721
53743040
14301487
3593181348
499037785
373084570
1821534981
195815716
3806793440
1976773596
47920416
57940241
2811939314
2613938608
3378943957
3901497296
158497716
260400317
2961395233
3153315270
2111821712
2081207216
4832489
1784552901
2221741772
2934253434
2793405952
2869809629
126839414
94860
2545448164
36039252
185246856
2742098811
4286698
3930128876
1245122590
2079297102
3850841630
10532112
394818744
26632833
1463017504
1841945250
1580553883
2010814620
1270086977
1085944916
32454258
155301256
384875284
2237276140
2999089735
36965481
59505349
2223682335
1678239605
789066378
1171566639
848110190
224663940
1480678295
1136335025
3632805126
152136056
20915192
1281812452
164335225
110714260
7477548
10866262
2401973848
3011683945
755612660
3221604246
742411902
159141697
1250098061
170944360
1475373334
317468686
136802401
2246998683
2750290815
216327144
1468309016
213334420
2020294356
4256094362
4293537009
1519736651
4394852423
1995668796
1634662343
2202360814
1690995866
359523750
119475796
3716495276
4218651824
4033643756
968907854
281367378
2693084311
2043087252
2020294356
746361810
4225259320
1044223330
353776260
190142868
3555831008
2005132052
291713342
8192924
1877317476
377820
1291901854
2050698068
34223292
1032002662
3760543056
1494850927
3833222330
797191028
9093641
967427960
220855305
353776260
1948508253
3839829564
179047252
1013792966
3409365264
33628400
1205643214
1103151422
1689172451
2934253434
767582062
1354907028
2192685971
2541434062
2942597350
1650974566
3599780158
2597780620
37275962
997229397
760921850
2239219991
260400317
2695121668
459926270
65147405
2646333208
1067311585
2559510640
3129937275
1879183080
353776260
3784769420
720208047
2398018812
228506440
607636428
414007052
84072642
720208047
1525081006
3281698336
3507605966
63916242
2942597350
2233390082
2090762724
11205628
17772898
46516880
1788243684
479308687
3991797182
60692210
141620809
731925600
2276227128
201571924
785017442
2682902440
3134184198
967427960
1429630158
3474797049
3091788138
1503727792
4090907781
2878102953
168300
3905902149
2248944178
94191508
907608780
1672778712
513896
513501648
1678239605
929295229
1722062056
830059962
1342882912
10041319
1261740460
2356590275
3579990423
1307103209
3956558102
27162550
184553380
4379434860
93203121
39491041
622161420
2173366736
1429630158
412986990
2703276010
1753247658
2965576983
1869858360
69758960
2933808
26632833
2750290815
2285990747
563789672
3146934723
2955125464
883309469
458859100
1795630200
1087503712
1452450379
1205643214
2851173326
2527397825
4007214320
662873686
409935376
271203888
2740051628
3389799406
1961687100
528147339
1136335025
2282084150
4156982076
3685661949
3452956664
90269220
310257791
272044502
149627862
436707591
32746490
2423756102
636835595
1195862382
1727556558
1478909160
491323628
307573918
589689460
1564402642
4326574644
995729154
3174610860
39491041
6401824
1104722154
3079101027
2301633555
2085028267
525882479
3411541046
602827916
1672778712
702146358
57165505
3531703012
2756438908
4372827333
2648361556
4381637369
1117319750
32454258
234721084
95185105
429427950
3444227884
4174601964
669141151
3020088245
4341992207
2107989139
656633131
514622319
1117319750
16713235
3672447696
288244430
2797521572
157856340
1744063188
3760543056
392821480
113415770
3292463086
2275524
112330998
4324372135
2085028267
2882252063
17558879
142228320
900431669
2138695811
1567988500
3426784464
1443660952
1731221762
364343327
3916914290
3087557475
174972361
4355207261
5324
81748857
1213821601
1907145
1760602824
2662
2092675307
1910965173
1546501252
2285990747
15888455
2479425401
101769828
2046891836
820411526
906171725
1999452780
247397608
2196554756
1991886460
1208911404
2758489363
342401574
877634734
795833832
2624050864
277111027
3407189482
3102371706
3571201623
118917780
539535606
2626074298
2256731090
400836252
628998
2477431470
299593059
520238502
234721084
308467700
98197156
767582062
3837627152
3650424006
669141151
145289320
102802500
2632147876
4311157081
3780364622
80828200
331206352
810814438
134424457
362412496
3060097602
531552112
2010814620
4284726973
718910690
124550040
271203888
3579990423
4152577109
1907145
3363762832
857901946
4132754782
926390504
1828951197
1243466737
170944360
2752339634
1329200940
497932094
2551472597
3288156052
4832489
3712090509
3888282749
3455139410
1676418740
11900008
608840628
2152162900
2123998
1317281621
20450650
2275524
3808995845
587314212
1240157009
398826130
113960761
156576193
2892631774
3498851200
5409588
1475373334
771589742
730619975
3773757429
72776741
517988608
1631042202
3368098216
1714741564
718910690
2258679051
2756438908
577854660
2457516760
546418844
382899450
1375631084
2892631774
2407909686
3646019280
3703280981
4832489
513501648
2012709908
1663686352
2374323078
4308954572
2738005263
1548289531
125121081
684287395
502359138
2973945379
519113555
3153315270
2307506176
778291214
738472314
220096704
741098018
1916585910
3292463086
903299656
411969071
1155492869
659126455
12077515
196530032
752964254
153397968
4095312720
2886402805
619730228
689369263
33925846
80828200
2878102953
1548289531
3198083163
4304549554
4075490510
1980549340
4011619221
1991886460
3549247648
802628044
1095315645
1519736651
728010792
3283850638
1989996116
1591342147
1544713904
1230251561
3232312199
1769806269
253858270
4132754782
1048823242
92710230
4443307621
347120525
1596742324
2921749800
34223292
1190985818
1399945064
152136056
78548700
160432264
883309469
3324817276
154031529
3905902149
3301082014
2237276140
3187407726
2622027430
2050844
8339130
3221604246
236287710
1649160560
2060220652
2699198020
14690405
418095872
1621999550
72776741
1871722314
418095872
1709255342
2199761
813551468
2041185372
28509002
1012282576
2088850964
881888742
395819519
77197672
18425387
214828177
623378052
2202360814
968907854
1403428284
1654604296
1751410104
1711083805
398826130
3861853709
424261239
2179157980
3206630667
334917892
3255904774
2362497378
887575732
1139518099
1290218309
4182236
3087557475
1375631084
4207639340
4220854322
913369246
3875068220
101256097
262873918
23850
552182862
1004742796
3043233526
3593181348
3221604246
1358351245
568461418
3681257196
220855305
1815976944
2104158212
2144464834
153397968
4132754782
409935376
3874068
2994894929
1033527214
2597780620
2758489363
1661868910
674173339
4441105112
2433673248
1296960401
712690
3846436802
3901497296
2955125464
3281698336
4401459950
54118681
10203178
4082097909
1881049509
2946771756
876218094
2260627012
2603836999
933659460
3496663284
1129980757
32454258
3806793440
1723893006
3155443203
18425387
57551570
47920416
1860543540
3650424006
2313382902
191553265
1391247418
4247284340
115053348
2327108946
220855305
1118898414
968907854
6796089
3329138080
4075490510
3151188150
2225622898
2427721811
3223745187
1058049274
2071661584
2634172948
2370379536
50790032
2231447875
4104122604
127991916
2127168464
434622494
867742782
2723690530
821787237
2567555236
1799325933
827298287
2776959812
2307506176
893279050
731925600
3514174884
4293537009
3675580
147761044
2628098551
1231899502
7903121
3370266717
2447574986
2123998
11205628
512383117
529280838
3372435218
15483889
3275244674
381913676
33925846
4071085580
2863593716
304902680
484753682
509031804
4284726973
3163958187
3518555368
2892631774
1986216252
478222256
2150237972
172281817
537249488
4366219806
2545448164
4128349826
3723102430
68063552
1575165796
661623919
51520466
4370624824
610046900
1853099274
23811938
2156014402
2735958898
1762442853
3738519141
2615960404
845321894
3466057793
2913422204
770253161
3859651292
694467687
188036390
2362497378
27162550
3868460962
832825735
2291853516
2210108260
2374323078
3866258544
5895270
2903022093
3791376621
3837627152
754288457
27697481
6532376
50064810
511264586
3288156052
14494642
2150237972
4421282531
4093110250
19764265
713733664
3747328701
504579080
4944778
2882252063
907608780
1079717738
2039284316
2067846294
3648221642
2515382579
2709396271
2965576983
505691191
1246780421
2073570052
44111509
42765306
3298926472
4214246829
3734114364
2102243160
4302347045
1054969898
167622860
1745899092
3925724012
976325648
3183140478
1447174766
44111509
37902138
1618385800
1727556558
98197156
32164633
1096880416
3174610860
569632464
1039633508
2081207216
2332997987
2274275882
1283492041
741098018
1016817802
3151188150
733233291
1559027575
2403952187
3388284
933659460
2134851716
2200425187
355687804
605230100
846716042
691916406
3525127900
3850841630
2988605576
2425738546
317468686
3337784548
1179640152
4027036390
3804591036
4359612279
52830
11900008
4291334500
71475216
29610148
3198083163
825918474
702146358
3767150240
1018332244
2601817660
3415894228
3374604528
3586584598
56012522
2223682335
1825242264
1450691026
2946771756
1045755962
1959803348
2495389969
1004742796
3461689716
4040251126
1984326732
128570772
110714260
731925600
3262347893
156576193
3017986354
2809878236
1223667709
2123998
2529401596
3132060330
1412146738
4337587189
4020429029
1336034018
968907854
12077515
3899294870
1225311694
19764265
909047876
814921012
242605566
3866258544
3337784548
4141564700
1777176285
9404316
28509002
6401824
387847607
1827096318
4291334500
2398018812
3866258544
824540711
4368422315
3599780158
2123329307
1303718317
185246856
3121448307
1584148111
1640095684
14886168
3945545916
3208768356
2611917631
4020429029
8939608
2475438359
165646632
3232312199
2266474182
2083117330
3273093994
1652789431
6662928
4370624824
560297264
1780863768
204481288
2695121668
3127814220
3005384800
2990701755
3357262996
277111027
296954682
1965456252
2646333208
602827916
203024001
3459505936
2691046954
4033643756
0
606432228
1764282882
1281812452
1503727792
1550077810
1853099274
2142541552
4419080022
1413892632
44792429
3079512
180902500
2545010510
121504032
1441796316
1330165688
263247680
2809541397
680486344
4062236633
679434125
553339397
950140762
9186120
669141151
122000256
267325740
942742836
789980296
476256
1890699490
3197915472
1697138
2894670804
1509829348
823693366
1536640
237900432
29050140
214709248
1360340082
2242962
451423166
505123500
2016059754
62380773
173465820
3596071884
1005322366
302660300
3001948650
587814000
856499618
1847507686
12903300
159103698
484791764
1184390762
2788554454
487729220
308455680
1139968554
180859068
702146358
1726319
3208768356
3165662818
2697159844
847784256
2593648434
41289192
1114191820
102279636
1123723774
1473606643
19962217
99793320
1115741086
2083536
3215725247
4906962
41527200
678386016
944692428
879402964
582871954
59589420
943831066
452656512
590564630
302760
2177227291
4059542342
1127581363
153389600
92219944
189944440
4300906436
530455710
262873918
1139152127
1306557940
132840
90917740
1186583114
52318100
18225000
31587990
3888282749
824251001
1507266854
1851239445
1946868860
455249322
381913676
1308047551
1291209572
234648468
1583054058
67643016
216492192
2277464915
54520425
363675648
51514320
65609225
1460164304
248220720
1444948670
2106271470
1678964834
4043284
568134567
559292653
1051886225
1681237402
899317634
168300
2809187812
635333238
2531323526
2662569820
671655175
63046740
327240
1983918779
3990281174
29258597
2856217230
381831067
1704864
203113350
3170324310
3222380012
392485072
2048727106
426435360
235501056
2059850936
2031683388
2020294356
445426452
68765727
252309750
1415920986
9657648
198332856
2555941728
34795707
6995040
736705841
729032791
1303305568
1345077727
330129856
551850
1549188040
1360100364
1083750
130071825
586246045
43056090
772992640
360793632
53037600
721410300
1366978592
20896512
179494392
415047762
1025040661
81289670
1500153544
62555220
571008438
25520
329340960
234577800
3082012976
964071680
432145476
3448208089
1464780526
571976629
28015625
88657170
861884124
40542208
23395214
177708708
1651624265
73605414
618266166
313417104
4038048669
87500303
1229062284
943716115
1077145727
30026832
17813250
1689384232
2173763452
560701894
1311331532
1163146501
48768750
2584918988
466057974
49171890
1214149253
133290036
4688586
107053056
687456700
179024450
153625000
1435627690
140972832
3729709589
7568638
3070080123
1691346410
1663806278
663375936
56778768
174676879
61710
192236724
2287259883
1429850944
4276079192
1898672866
30828252
310195871
29783904
3880634
29575000
1722590266
1447788406
1408657398
2221729804
105917692
63105960
1328172498
2815750504
378609363
1316915138
1040639040
536603220
29889345
123100416
1874353650
2966813693
1444101427
175108608
301861827
1227382232
4108527549
659126455
1248725126
304013952
11866428
2369639918
2457516760
1912632604
1281501447
1348956517
1471913844
854502382
2156973056
46490496
968759598
1948944494
163067520
726211658
123209400
453200790
2926665981
409135364
21848190
143727780
466591440
467605110
29075525
36850950
1785993640
1557909252
1565040106
1517352054
1919964693
389056776
1284667100
540334800
11654860
50049000
477623727
1612313974
3619638892
1411350
1656420020
3190687676
605473836
2515382579
1836360900
8124480
727704900
2126983266
69054174
702509034
10633216
63997577
832588564
291881040
1961190886
702126
2327692025
3767110738
658744132
688384704
648903090
119689076
279744460
3525127900
248805222
1095106531
23434320
1398204066
1413892632
88664756
2325661558
2704880020
639740640
1182680928
1385155764
3151489893
881961536
574230020
808065037
2293377478
909555750
104006000
78745176
3090176533
69620000
49192080
3674650070
2544272668
89231436
24347000
2796366476
18126180
1256152597
1680482400
1902075592
141311243
881496
1281829411
506419520
882532400
358705332
7147800
2869217282
966840396
2477431470
2425192164
384765064
1013389064
62431272
25111188
1527376772
820941432
193349088
61091472
62157780
54196170
1324087009
3208554364
291006799
22164480
290786636
2142745790
638362296
1957623782
486703013
10651390
5895270
177276120
458846208
171052803
109642513
1740392205
739746418
55449100
73280000
1718565388
16927648
2686496462
1651968
3318282111
265321836
637848330
1717015056
3905902149
2993221716
3788979730
147172032
46540800
2006521274
119151
13529880
46561856
1524816778
24323420
279706680
117708543
4047933590
507591808
197400
314529354
2011537202
135965696
3346572303
55632896
1255705774
519678188
617303180
1713836932
491149568
11798340
2587507066
86515956
1784679709
1415887406
580920570
464369040
3281698336
1760335598
1025129932
11240721
89640744
440752158
26228800
253059456
87821350
597211346
308011320
228427776
69229440
3522936884
1110917098
5499936
3314022556
287370240
336436800
2258956656
809999586
110576024
549396
213785000
66388992
70635068
23786400
4062171180
249817446
17027472
21420
429054670
439596560
923741276
2281328332
494016878
126637632
239184
1770327569
3638010015
3331299292
723443307
529432722
17562510
473889372
702701712
849506383
1566941108
99420164
2762830432
1534044584
189886788
933768647
1598926272
112737744
1824342367
1041888672
832598088
2238582616
77145920
221318112
692127129
3846436802
206938314
1560029034
886995631
441784000
1775936112
8989926
531019632
26941460
119515410
87282228
583317678
160432264
270809528
3600500
12965400
182857158
749266912
251705740
226184424
166303638
625668233
707822820
337238676
1634662343
2127168464
801140625
1005312800
1541616259
340820100
4093719506
1800715726
2376295670
461068146
858653357
207411492
2936183470
2900943050
3129243148
16220250
339982580
1974485898
228742668
603017426
1550532597
1385996198
135266076
36077084
328275916
2499476460
1928447282
1683254710
118049967
2720335626
3411541046
417507048
2275511930
13118336
1935227999
4787300
579387642
3639412198
3365930524
133171875
128362752
2102007396
502923341
1316072174
614880276
504010008
812919230
5212711
3003079428
13015350
1036470398
912884454
3538280188
319083744
406327320
648588200
481068168
67979736
291788244
897500864
1068960832
1068516680
1797009800
647988660
1105852736
3914711861
1315980506
13539299
1187739393
68129100
2281104
1121719440
4071085580
853699052
2304764672
880551449
713663104
50532352
857679266
1870650164
893791800
850179421
2546076
739742126
1028950
510142360
8831496
456265548
1587784004
2372126386
2615482918
682159054
761108400
1004977888
6107112
3391702319
598787280
186078060
2262654636
229055152
3136308066
3339417118
443163600
706550
228969819
267969015
240422
10199706
45822930
224521146
2398345356
800817073
3912413516
2338728838
17747520
849231830
551553240
36910181
551991360
191096048
123019680
507102891
849260775
958242843
3749531092
546647400
39811950
26410760
105133400
2604768066
43574144
235857825
23304318
539332778
4207588
2855335542
2835653981
6432103
2270846354
1497481321
688408175
1219985
1093843782
73858400
1792210810
378252252
2771169078
2060048261
189671832
3494820
1123529764
2004300
2664601444
1928006363
741098018
154762876
1935112648
138406942
2163990274
128516520
29056968
182347680
391314480
541403476
9869904
50401400
1212551567
639182742
935063706
1766687863
17676396
1070407082
348432670
86155524
1415635106
168285076
596643400
351907445
721520904
14515620
984072594
203243964
613551294
101748420
1964989131
1380562116
644840000
28558140
2844294604
852232669
111089664
2465220260
1841556036
1936233011
827165100
2402319124
56347200
23702880
210481656
138273906
1412356126
410466060
1345408044
1487779657
1963414388
177466080
2240565780
2206993336
1663054388
2351367816
1705600090
42520764
950363565
365245596
243841257
3022660627
906111360
3747328701
