96 96 297 10 96
15 8 22 41
4 44 7 68
28 92 71 95
2 4 46 10
33 8 78 11
11 5 70 15
46 90 91 96
40 90 75 94
2 71 10 92
5 96 78 96
59 87 61 96
4 7 9 45
16 1 56 5
1 9 9 79
40 2 65 8
9 10 10 80
10 91 11 93
14 94 19 94
77 92 96 93
69 91 95 95
62 3 93 11
55 91 81 92
90 96 92 96
22 5 63 10
2 24 4 94
58 86 91 87
15 4 17 12
50 4 85 11
48 8 74 10
11 7 95 9
34 91 36 92
38 6 43 12
44 4 64 5
40 6 76 13
42 1 69 5
20 86 63 90
43 89 65 91
88 8 94 10
6 1 51 8
55 3 73 12
38 10 71 12
33 90 33 91
30 96 70 96
50 6 76 14
1 5 6 58
25 7 41 14
22 6 92 8
3 7 5 81
43 6 76 7
63 14 67 14
30 1 32 2
28 87 83 89
24 11 61 13
5 1 8 11
82 87 87 89
34 1 68 12
79 6 83 14
21 3 53 11
51 3 56 7
12 6 36 10
4 48 8 92
92 26 95 74
8 3 60 6
2 53 2 91
18 2 33 4
20 91 85 91
37 9 55 12
3 6 49 13
10 7 63 10
6 10 42 12
12 91 65 94
3 4 5 50
24 87 72 91
7 7 44 8
67 12 85 14
3 51 7 52
32 3 60 9
85 90 96 96
3 55 8 63
5 3 81 6
16 3 70 13
14 1 41 7
4 29 10 70
52 6 81 10
4 87 91 94
10 14 76 15
2 8 4 46
11 11 39 14
92 34 93 73
2 73 3 92
53 9 67 9
1 15 2 89
24 86 28 93
73 89 92 95
4 88 26 93
68 1 96 13
2 56 4 90
31 2 70 11
65 3 80 4
58 7 64 12
7 78 9 94
58 14 96 15
11 7 75 15
19 12 68 14
6 75 6 84
1 83 5 86
65 86 85 88
92 9 95 52
44 3 48 7
27 8 31 10
39 2 39 5
2 54 9 90
19 88 50 90
33 15 67 15
5 1 36 4
7 31 10 70
19 2 96 15
46 1 54 6
52 2 55 9
32 3 90 6
21 7 95 14
39 87 55 90
13 9 41 15
1 38 8 96
65 5 81 5
29 90 46 94
43 86 86 88
55 89 69 96
32 4 44 13
5 9 7 67
51 3 66 15
63 87 64 88
21 9 67 14
10 90 44 91
35 87 36 94
25 14 68 15
20 89 57 90
16 1 47 7
21 86 37 89
48 2 87 13
36 6 70 13
4 2 66 6
15 86 94 96
1 42 4 88
94 24 95 35
7 29 10 78
8 90 70 93
68 1 73 7
7 39 9 48
9 30 10 76
63 92 87 96
10 13 10 49
19 87 89 96
39 1 73 12
10 62 10 68
12 7 21 8
24 7 56 12
92 3 94 41
64 10 94 13
39 1 73 15
2 2 5 73
4 8 7 44
37 86 95 93
7 43 8 53
32 1 60 6
53 2 70 3
2 12 8 37
31 1 53 6
71 12 83 15
13 90 47 92
39 94 40 95
56 90 88 95
2 31 9 47
43 87 80 88
29 88 90 94
1 30 2 56
14 8 53 9
74 3 76 9
13 5 24 14
4 1 56 14
8 42 9 80
46 13 62 13
47 89 63 90
12 88 42 93
92 25 94 50
21 11 94 14
29 88 52 89
5 31 10 65
93 29 96 78
10 8 16 15
26 2 79 6
51 8 80 10
47 88 61 90
8 34 8 62
20 5 91 5
6 7 10 14
21 86 74 89
34 9 36 9
1 55 5 68
1 56 4 58
10 1 35 14
93 4 93 19
13 3 56 12
30 4 32 10
28 90 74 90
7 28 10 44
9 15 9 23
8 26 9 91
4 12 70 14
10 90 69 95
4 3 13 14
14 1 94 14
5 52 5 74
2 10 9 50
37 86 91 87
83 5 83 5
47 7 53 7
54 90 55 93
63 1 72 3
6 87 75 93
61 1 69 11
8 33 10 42
54 12 88 15
75 91 92 95
1 92 43 94
79 8 80 11
90 89 96 95
47 5 79 15
7 28 9 75
6 40 10 48
6 12 70 15
58 4 93 14
3 11 41 13
41 89 80 90
13 2 56 11
3 13 20 15
20 2 57 8
94 15 95 84
54 12 95 15
59 6 96 13
4 91 87 96
73 3 74 8
1 37 7 55
13 4 60 6
25 96 63 96
3 23 5 55
5 47 8 79
10 86 11 89
65 87 72 96
39 8 88 15
50 86 74 94
48 88 75 89
19 87 91 95
19 86 72 92
21 3 32 11
8 2 96 10
91 7 92 8
25 11 44 14
23 4 78 6
9 77 10 88
4 22 9 96
55 89 76 93
6 1 76 9
3 58 5 73
31 6 65 8
3 7 21 13
39 4 70 8
57 3 89 7
14 1 39 8
7 89 89 96
95 47 96 60
14 86 55 95
72 86 85 93
2 11 6 66
45 14 77 15
4 16 10 47
40 1 59 12
24 7 62 14
29 7 74 14
92 45 93 72
7 89 41 90
4 92 95 93
8 89 85 95
45 88 73 90
7 86 85 89
45 86 70 90
40 3 93 15
58 10 71 13
10 14 13 14
35 91 63 93
95 38 95 42
6 12 6 73
42 87 87 88
8 1 96 9
12 88 85 91
67 9 93 15
14 8 74 8
84 82
64 4
38 54
28 47
60 78
36 87
24 18
42 7
87 95
60 20
41 53
31 4
96 93
25 77
7 80
46 62
22 84
78 67
67 39
12 69
26 65
49 17
48 85
82 27
96 88
96 53
96 2
96 64
96 69
96 40
96 53
96 31
96 33
96 79
96 22
96 25
96 27
96 39
96 30
96 19
96 85
96 89
96 65
96 32
96 9
96 14
96 20
96 53
96 6
96 36
96 44
96 30
96 26
96 33
96 8
96 15
96 85
96 39
96 82
96 28
96 43
96 73
96 34
96 13
96 26
96 29
96 68
96 44
96 76
96 18
96 91
96 65
4 31
32 6
46 4
65 65
32 37
17 79
49 10
39 55
22 93
26 12
83 77
48 18
17 80
26 62
17 13
63 61
96 57
85 56
44 31
23 22
54 5
52 66
8 45
68 79
