1600
1715
17564
12909
10010
130855
46928
48746
59720
93745
57674
83350
88150
90653
4488
50152
46230
224
775
54622
67320
17086
69103
59718
4050
1848
80954
49052
867
348
60747
46270
3600
84949
47
22770
7680
1805
24768
18400
52213
79687
3509
84661
1050
2601
49780
132
464
12312
57674
125768
8432
6760
102080
45872
22312
119308
13888
2560
95252
576
125247
7425
8908
31443
66359
128297
9016
88311
28314
29372
1806
6840
85480
3679
9100
46032
46894
8190
11284
56090
8184
7987
57220
1372
76392
51712
420
15972
8960
81646
30348
53398
2310
50290
38474
23100
33417
113252
2156
3240
50188
11520
2205
1986
6930
900
31660
76246
2208
53060
28954
80268
60624
1560
9784
19760
27048
8474
29676
32586
0
27810
65684
7200
72198
37514
7336
20842
81952
131835
56032
72
280
10976
3712
1078
4884
119270
4400
8432
55301
69212
32152
8160
29578
99688
4290
106052
18081
44428
18
16940
49766
27290
21
123631
4344
52590
396
380
2944
15946
2856
86906
125788
70432
98906
100218
70850
4682
58426
11358
80282
448
2040
58469
5779
27429
14736
16020
540
55808
864
79454
6358
1872
126604
34249
36981
405
1960
65882
10976
6358
68326
23940
25614
17191
15262
37694
8664
200
38776
16400
6859
45940
24166
3960
40432
10916
7875
20
36
56618
12854
30872
3276
6624
50834
4941
10374
65718
70122
306
106799
49914
49930
24
1040
8400
30118
276
22906
88038
60746
15884
38954
816
61559
42138
59699
25868
13248
12846
44
31528
34645
29982
78402
66095
50494
12330
12330
20746
55660
59124
48789
12330
1808
6677
80170
64346
8131
94353
96
4734
78402
27062
24446
34146
50494
23170
5359
131812
43710
12330
76638
133599
38802
2226
78402
1808
13286
8131
9719
24446
110380
67844
20746
846
64346
47084
27062
38802
23170
12330
576
55660
106814
18450
7370
37208
76638
92576
90801
9719
1808
128238
76638
27062
2644
2226
5359
80170
131812
25722
52213
384
92576
19598
34146
27062
8131
110380
192
10546
45397
24446
130025
101469
71354
6677
21958
113948
13286
106814
16282
128238
11438
8131
0
128238
2644
67844
576
47084
20746
103250
5984
96
55660
96130
43710
92576
32678
2644
71354
5359
12330
112164
92576
5984
53932
108597
29806
42053
25722
97909
21958
32678
108597
89026
96130
7370
73114
15262
29806
73114
119304
14242
1462
34146
5984
19598
67844
96130
52213
74874
57388
64346
29806
126451
115733
113948
25722
96130
16282
83709
21958
122877
53932
4734
60860
20746
101469
0
6677
92576
27062
108597
34146
11438
94353
8892
19598
119304
31210
126451
8892
52213
73114
34146
17366
43710
59124
52213
126451
23170
52213
131812
133599
17366
1808
74874
846
117518
96130
7370
64346
48789
122877
108597
119304
53932
96130
38802
126451
23170
48789
42053
34146
128238
3620
19598
43710
2226
42053
76638
8131
3132
122877
97909
92576
20746
7370
5984
126451
0
576
21958
1808
27062
42053
29806
92576
11438
8131
1808
60860
83709
2644
7370
11438
2644
90801
2226
192
48789
85480
53932
78402
59124
57388
4177
7370
53932
106814
103250
80170
846
8131
48789
15262
13286
5359
7370
1116
66095
1116
50494
110380
14242
87253
17366
23170
0
20746
2644
106814
110380
112164
384
80170
6677
97909
47084
81938
53932
11438
5359
20746
87253
3620
131812
81938
3620
18450
14242
17366
108597
34146
24446
20746
73114
38802
60860
9719
17366
8131
43710
32678
130025
16282
128238
112164
8131
122877
115733
71354
20746
14242
19598
69599
66095
192
4177
37208
87253
126451
19598
66095
28402
106814
64346
576
53932
87253
11438
124664
7370
74874
9719
1462
4177
90801
117518
11438
7370
117518
34146
5984
66095
66095
34146
2226
9719
21958
105032
90801
110380
133599
27062
10546
59124
124664
48789
67844
846
101469
81938
81938
3132
76638
35677
0
73114
52213
192
5359
67844
60860
87253
67844
13286
3620
71354
9719
57388
40396
103250
32678
29806
27062
92576
19598
18450
8131
37208
9719
83709
2644
101469
96
1462
94353
32678
14242
67844
130025
5359
24446
9719
4734
14242
122877
35677
85480
2226
113948
19598
1808
122877
3132
124664
108597
106814
6677
31210
92576
119304
97909
90801
83709
131812
2644
76638
94353
62603
97909
48789
55660
37208
17366
50494
21958
130025
7370
37208
3620
115733
131812
131812
48789
8892
96
106814
15262
13286
31210
62603
25722
128238
117518
7370
64346
24446
55660
28402
40396
13286
78402
9719
48789
29806
90801
2644
113948
14242
192
133599
4177
99688
3132
576
19598
96130
105032
8892
20746
69599
0
5984
384
90801
62603
31210
47084
24446
18450
17366
8892
40396
64346
576
60860
42053
60860
96
91769
112742
16967
14950
76792
104988
27640
70472
26460
3584
86638
15732
3078
13230
7800
27516
11776
55072
99086
11466
1302
68338
9
11780
22264
104252
2520
180
1430
64326
1462
4732
72
11338
105448
5096
19133
2000
120726
7770
33608
10120
34783
1040
18496
324
3599
1325
41777
12330
102042
106799
82128
90926
2016
80784
84562
28318
8071
35679
4552
5746
12422
34181
946
108360
45840
49842
46894
9450
55917
24800
0
110960
11008
3948
111132
4332
83066
13677
56838
30464
18450
89321
18620
114501
122693
115850
64
3200
27116
112556
12854
17874
47150
17975
104252
43602
1120
24652
32482
22642
14242
45106
92858
63756
9100
28514
47816
9660
24959
5684
51914
1072
2736
8653
7483
18496
5022
5328
208
11130
11862
36412
10647
73872
33141
9488
1024
10368
38682
83286
61559
5310
1156
25576
9516
10115
528
810
35425
53932
900
97904
110380
70210
5520
504
56577
1290
42036
1890
440
74090
24038
53134
71710
5684
14000
80982
4129
20084
24004
123920
78402
3822
45
116784
208
60042
114448
87806
900
880
192
16639
23009
23716
6204
51194
20560
92225
38866
51
18980
3000
8
13020
26350
23612
24080
35430
34845
33330
69599
39316
54178
58004
0
34249
240
74974
2300
64514
2376
0
90801
108
42832
12800
6223
52762
0
3744
113093
67600
2244
2730
11025
83703
0
14354
109626
86
60
44138
43802
56675
24682
79415
60122
7038
40287
13608
30528
38936
39882
19984
75408
5928
539
113093
450
1246
23316
289
33125
33919
34362
121773
