30 435
1 2 1
1 3 21
1 4 20
1 5 0
1 6 25
1 7 18
1 8 23
1 9 14
1 10 10
1 11 17
1 12 13
1 13 9
1 14 7
1 15 11
1 16 11
1 17 10
1 18 4
1 19 4
1 20 9
1 21 9
1 22 5
1 23 5
1 24 5
1 25 0
1 26 5
1 27 3
1 28 3
1 29 1
1 30 1
2 3 8
2 4 3
2 5 8
2 6 15
2 7 5
2 8 19
2 9 21
2 10 2
2 11 14
2 12 16
2 13 3
2 14 10
2 15 10
2 16 10
2 17 14
2 18 6
2 19 11
2 20 6
2 21 5
2 22 2
2 23 7
2 24 4
2 25 5
2 26 3
2 27 0
2 28 1
2 29 0
2 30 1
3 4 27
3 5 23
3 6 2
3 7 4
3 8 8
3 9 12
3 10 0
3 11 4
3 12 12
3 13 9
3 14 2
3 15 1
3 16 15
3 17 2
3 18 8
3 19 1
3 20 9
3 21 6
3 22 1
3 23 8
3 24 7
3 25 6
3 26 2
3 27 4
3 28 2
3 29 0
3 30 1
4 5 13
4 6 10
4 7 15
4 8 22
4 9 3
4 10 16
4 11 8
4 12 18
4 13 12
4 14 12
4 15 6
4 16 2
4 17 11
4 18 10
4 19 5
4 20 10
4 21 4
4 22 4
4 23 7
4 24 0
4 25 1
4 26 1
4 27 0
4 28 0
4 29 0
4 30 0
5 6 13
5 7 2
5 8 22
5 9 22
5 10 18
5 11 12
5 12 0
5 13 14
5 14 15
5 15 5
5 16 1
5 17 3
5 18 8
5 19 0
5 20 1
5 21 9
5 22 6
5 23 2
5 24 0
5 25 2
5 26 1
5 27 2
5 28 3
5 29 2
5 30 1
6 7 9
6 8 13
6 9 20
6 10 1
6 11 1
6 12 17
6 13 11
6 14 13
6 15 4
6 16 6
6 17 1
6 18 11
6 19 2
6 20 8
6 21 3
6 22 0
6 23 3
6 24 5
6 25 4
6 26 5
6 27 4
6 28 2
6 29 1
6 30 0
7 8 18
7 9 19
7 10 13
7 11 12
7 12 19
7 13 1
7 14 13
7 15 5
7 16 8
7 17 1
7 18 6
7 19 1
7 20 6
7 21 5
7 22 1
7 23 6
7 24 6
7 25 6
7 26 0
7 27 3
7 28 0
7 29 1
7 30 0
8 9 17
8 10 13
8 11 15
8 12 6
8 13 2
8 14 0
8 15 2
8 16 13
8 17 12
8 18 3
8 19 12
8 20 7
8 21 7
8 22 5
8 23 7
8 24 5
8 25 2
8 26 1
8 27 0
8 28 3
8 29 1
8 30 1
9 10 8
9 11 13
9 12 2
9 13 16
9 14 3
9 15 10
9 16 3
9 17 12
9 18 7
9 19 4
9 20 10
9 21 3
9 22 5
9 23 8
9 24 7
9 25 1
9 26 5
9 27 1
9 28 0
9 29 2
9 30 1
10 11 9
10 12 7
10 13 13
10 14 0
10 15 8
10 16 1
10 17 2
10 18 2
10 19 8
10 20 1
10 21 10
10 22 2
10 23 6
10 24 2
10 25 5
10 26 1
10 27 4
10 28 1
10 29 2
10 30 0
11 12 15
11 13 4
11 14 17
11 15 5
11 16 2
11 17 4
11 18 13
11 19 9
11 20 4
11 21 3
11 22 8
11 23 4
11 24 4
11 25 2
11 26 4
11 27 3
11 28 1
11 29 0
11 30 1
12 13 16
12 14 1
12 15 11
12 16 11
12 17 8
12 18 11
12 19 1
12 20 0
12 21 0
12 22 7
12 23 6
12 24 4
12 25 5
12 26 5
12 27 3
12 28 3
12 29 0
12 30 0
13 14 0
13 15 10
13 16 1
13 17 5
13 18 9
13 19 11
13 20 0
13 21 8
13 22 3
13 23 6
13 24 5
13 25 5
13 26 1
13 27 1
13 28 1
13 29 2
13 30 1
14 15 12
14 16 1
14 17 7
14 18 0
14 19 3
14 20 6
14 21 7
14 22 2
14 23 2
14 24 6
14 25 5
14 26 2
14 27 1
14 28 1
14 29 1
14 30 0
15 16 10
15 17 6
15 18 5
15 19 5
15 20 5
15 21 10
15 22 7
15 23 4
15 24 3
15 25 0
15 26 3
15 27 0
15 28 2
15 29 2
15 30 0
16 17 1
16 18 0
16 19 7
16 20 1
16 21 9
16 22 2
16 23 2
16 24 5
16 25 4
16 26 1
16 27 0
16 28 3
16 29 0
16 30 1
17 18 12
17 19 4
17 20 8
17 21 3
17 22 2
17 23 2
17 24 7
17 25 1
17 26 5
17 27 0
17 28 1
17 29 0
17 30 0
18 19 2
18 20 3
18 21 7
18 22 7
18 23 3
18 24 0
18 25 1
18 26 2
18 27 3
18 28 0
18 29 1
18 30 1
19 20 4
19 21 7
19 22 3
19 23 7
19 24 7
19 25 0
19 26 1
19 27 0
19 28 0
19 29 0
19 30 1
20 21 8
20 22 1
20 23 0
20 24 3
20 25 3
20 26 5
20 27 3
20 28 0
20 29 2
20 30 0
21 22 7
21 23 1
21 24 7
21 25 5
21 26 0
21 27 0
21 28 2
21 29 2
21 30 1
22 23 7
22 24 2
22 25 3
22 26 3
22 27 4
22 28 0
22 29 2
22 30 1
23 24 5
23 25 6
23 26 1
23 27 4
23 28 3
23 29 1
23 30 1
24 25 6
24 26 1
24 27 3
24 28 1
24 29 0
24 30 0
25 26 0
25 27 3
25 28 3
25 29 1
25 30 0
26 27 4
26 28 0
26 29 1
26 30 0
27 28 1
27 29 2
27 30 0
28 29 0
28 30 0
29 30 1
