200 300
34 74 0
128 137 0
77 153 0
86 71 0
32 14 0
187 34 0
138 119 0
109 85 0
57 22 0
183 141 0
189 172 0
102 92 0
65 67 0
141 126 0
131 58 0
171 34 0
57 173 0
98 132 0
86 188 0
28 48 0
101 165 0
9 105 0
182 180 0
60 59 0
143 58 0
127 197 0
69 195 0
44 132 0
19 164 0
134 196 0
17 181 0
175 160 0
89 140 0
115 108 0
62 194 0
36 112 0
182 154 0
34 167 0
192 138 0
147 149 0
18 143 0
119 59 0
9 6 0
92 183 0
124 94 0
52 146 0
12 114 0
194 6 0
10 162 0
4 197 0
96 39 0
130 28 0
158 87 0
62 56 0
41 170 0
44 23 0
63 187 0
76 179 0
78 131 0
5 186 0
109 19 0
164 33 0
67 65 0
61 131 0
63 78 0
122 132 0
87 109 0
130 35 0
45 197 0
83 199 0
7 42 0
3 137 0
150 153 0
51 11 0
97 187 0
101 167 0
35 61 0
152 99 0
122 117 0
170 99 0
170 191 0
61 184 0
57 41 0
85 16 0
20 163 0
17 93 0
26 44 0
15 10 0
183 89 0
29 164 0
148 94 0
118 181 0
197 122 0
57 15 0
99 110 0
24 31 0
43 127 0
111 176 0
118 188 0
60 170 0
67 185 0
191 145 0
98 166 0
161 187 0
146 162 0
2 149 0
174 108 0
77 45 0
107 163 0
127 61 0
77 188 0
16 166 0
42 60 0
168 180 0
183 142 0
110 129 0
89 15 0
5 76 0
55 105 0
113 43 0
143 157 0
137 62 0
100 101 0
100 102 0
100 103 0
100 104 0
100 105 0
100 106 0
100 107 0
100 108 0
100 109 0
100 110 0
101 102 0
101 103 0
101 104 0
101 105 0
101 106 0
101 107 0
101 108 0
101 109 0
101 110 0
102 103 0
102 104 0
102 105 0
102 106 0
102 107 0
102 108 0
102 109 0
102 110 0
103 104 0
103 105 0
103 106 0
103 107 0
103 108 0
103 109 0
103 110 0
104 105 0
104 106 0
104 107 0
104 108 0
104 109 0
104 110 0
105 106 0
105 107 0
105 108 0
105 109 0
105 110 0
106 107 0
106 108 0
106 109 0
106 110 0
107 108 0
107 109 0
107 110 0
108 109 0
108 110 0
109 110 0
54 52 0
196 134 0
124 128 0
16 30 0
71 198 0
97 145 0
111 55 0
168 12 0
26 95 0
44 117 0
72 93 0
5 85 0
194 125 0
102 114 0
158 82 0
138 39 0
166 24 0
115 120 0
90 16 0
23 57 0
131 189 0
76 167 0
74 160 0
86 1 0
192 111 0
166 55 0
47 75 0
4 12 0
145 129 0
49 96 0
192 129 0
54 33 0
149 86 0
98 172 0
164 13 0
82 158 0
200 49 0
185 128 0
139 110 0
42 50 0
89 21 0
99 54 0
198 40 0
29 113 0
37 87 0
161 150 0
123 41 0
141 4 0
115 6 0
31 16 0
18 189 0
106 94 0
158 34 0
47 148 0
163 131 0
93 111 0
158 98 0
196 27 0
22 85 0
174 21 0
167 173 0
111 27 0
184 188 0
127 190 0
200 58 0
61 142 0
109 137 0
110 135 0
149 136 0
142 180 0
184 93 0
39 113 0
5 79 0
96 141 0
165 98 0
79 111 0
157 100 0
122 111 0
56 120 0
178 9 0
12 81 0
90 38 0
107 33 0
87 100 0
117 50 0
8 103 0
92 29 0
151 127 0
104 73 0
96 196 0
124 79 0
89 7 0
105 180 0
43 11 0
33 174 0
73 92 0
23 18 0
142 79 0
165 109 0
4 146 0
102 177 0
106 125 0
53 19 0
78 105 0
21 59 0
51 152 0
43 156 0
124 174 0
65 164 0
50 198 0
61 110 0
130 144 0
169 118 0
139 41 0
187 148 0
166 115 0
112 86 0
55 79 0
189 31 0
139 112 0
198 188 0
74 130 0
51 136 0
