199 399
83 63 1
89 66 0
165 90 1
101 11 1
118 199 1
164 101 0
27 146 1
85 55 1
8 13 1
21 5 1
69 111 0
120 34 1
140 15 0
15 108 0
84 143 1
21 12 1
28 160 0
23 87 1
51 29 0
170 169 0
171 52 1
12 186 0
94 8 1
116 144 1
23 115 1
17 115 0
154 180 0
16 18 1
168 47 1
113 116 1
38 38 1
23 111 1
11 4 0
148 133 0
30 67 0
172 147 0
127 5 0
73 158 1
60 87 1
191 14 0
64 52 0
20 50 1
60 9 1
89 73 1
133 65 1
15 6 0
51 23 1
42 101 0
90 150 0
72 190 1
16 41 1
81 149 1
94 44 1
142 80 1
115 65 0
41 119 1
39 124 1
181 55 1
6 142 1
137 191 1
53 109 0
12 97 0
195 25 1
1 10 1
37 130 0
125 180 0
111 129 0
195 69 0
173 87 0
168 146 0
116 90 0
110 142 0
51 36 1
194 154 1
53 41 1
34 82 0
17 166 1
164 112 1
42 91 1
183 135 0
77 40 0
92 88 0
68 103 1
126 146 1
8 19 1
40 135 1
41 174 1
70 193 1
101 110 0
191 130 0
155 198 1
29 60 1
102 184 1
49 30 1
139 41 0
112 89 1
143 12 0
30 188 0
73 69 0
26 182 0
15 12 1
150 11 1
67 113 1
189 76 1
19 176 0
123 135 1
24 86 1
108 52 1
30 197 1
52 143 0
170 24 1
126 191 1
118 25 0
8 9 0
37 69 1
96 71 1
193 193 0
6 74 0
88 77 0
94 124 1
167 74 0
123 148 1
106 170 0
63 153 1
53 58 0
65 157 1
76 55 0
36 48 1
21 50 0
45 48 0
60 47 1
96 148 0
111 7 1
170 21 0
195 60 1
71 105 1
145 43 0
131 188 0
59 86 0
141 30 1
189 44 0
22 114 0
167 92 0
18 130 0
44 44 0
27 184 0
158 183 1
138 145 1
114 23 1
11 72 0
75 132 1
99 157 0
176 33 0
104 187 1
40 184 1
68 89 0
121 112 1
160 31 1
47 194 0
135 87 0
5 4 0
113 73 0
70 76 0
15 37 0
33 74 0
102 16 0
34 82 0
160 186 0
180 159 0
100 151 1
199 79 0
93 124 0
138 66 1
63 66 1
101 108 0
194 135 0
18 117 0
84 13 1
136 88 0
9 62 0
196 186 1
198 165 0
187 75 0
196 139 0
163 18 1
64 25 0
138 130 0
159 146 1
99 97 1
199 16 0
161 181 0
110 36 0
31 174 1
27 109 0
24 198 1
101 86 0
42 29 0
141 107 0
126 123 1
109 141 1
77 161 1
185 24 1
173 43 0
55 129 1
137 30 1
55 128 1
9 67 1
142 178 1
146 40 0
57 105 0
135 90 1
101 97 0
94 73 1
113 97 1
179 7 0
180 1 0
49 146 1
196 147 0
145 6 1
26 93 0
150 60 1
51 178 1
103 82 1
169 18 0
1 113 0
130 20 0
2 47 0
134 82 0
55 94 0
48 191 0
141 38 1
41 198 0
54 166 1
39 198 1
104 9 1
127 20 1
2 39 1
84 100 1
70 85 0
185 12 0
160 59 0
130 19 1
110 158 1
193 85 1
192 180 0
138 105 0
81 197 1
179 28 1
190 14 1
191 50 1
158 57 1
174 159 0
127 179 0
96 110 0
52 119 0
97 17 1
72 133 0
184 43 0
49 172 0
50 92 0
157 83 0
36 158 1
97 133 0
99 95 0
37 89 0
132 51 1
102 7 1
14 73 1
153 108 1
50 44 0
182 141 0
40 99 1
51 148 0
65 171 1
140 7 1
13 80 1
93 59 1
131 173 1
176 134 0
100 188 0
52 53 0
188 70 0
5 130 0
132 151 0
10 162 0
39 73 0
59 24 1
74 154 1
92 105 0
118 177 1
17 173 0
116 170 1
122 10 0
54 196 1
159 12 1
93 37 1
122 134 0
71 144 0
116 64 0
196 88 1
60 36 1
87 175 0
159 75 1
30 15 0
182 152 0
56 188 1
192 98 0
130 128 0
63 81 0
161 9 0
100 152 0
37 147 1
183 40 0
190 38 0
137 130 1
66 64 1
81 81 1
53 59 1
146 68 0
49 82 1
181 158 1
55 6 1
104 15 1
96 12 0
103 34 0
172 40 0
10 110 0
38 40 0
137 10 1
1 114 1
109 92 1
26 48 1
111 47 1
111 43 1
58 183 1
51 86 1
184 96 0
27 148 0
144 148 0
146 137 0
177 150 1
199 157 1
98 129 1
146 61 0
128 34 0
58 57 0
93 191 0
34 190 0
96 165 1
22 113 1
173 179 0
148 151 0
104 16 1
82 184 0
92 43 1
41 95 1
119 102 1
189 44 0
32 147 1
8 7 1
82 60 0
126 9 1
8 54 0
189 101 1
29 74 0
114 77 1
165 174 0
48 13 0
83 39 0
35 11 1
15 14 1
154 99 0
186 198 1
159 177 0
52 182 1
151 104 0
43 46 0
31 46 0
145 110 1
45 100 1
184 12 1
141 9 0
148 19 0
82 66 1
1 56 0
108 67 1
16 147 0
137 172 0
186 93 0
175 142 0
60 174 0
43 60 1
37 101 0
153 72 1
97 199 0
132 198 1
104 38 0
31 162 0
171 180 0
