1000
1 2
2 3
1 4
1 5
1 6
6 7
2 8
4 9
7 10
10 11
6 12
9 13
9 14
1 15
5 16
9 17
8 18
2 19
17 20
11 21
20 22
10 23
6 24
10 25
8 26
3 27
24 28
10 29
29 30
23 31
4 32
31 33
22 34
10 35
34 36
20 37
33 38
23 39
13 40
16 41
9 42
26 43
14 44
27 45
34 46
41 47
40 48
36 49
28 50
32 51
3 52
20 53
25 54
19 55
2 56
14 57
57 58
23 59
44 60
48 61
42 62
21 63
42 64
22 65
52 66
53 67
21 68
32 69
31 70
41 71
59 72
6 73
13 74
23 75
9 76
66 77
44 78
78 79
46 80
43 81
23 82
30 83
82 84
28 85
85 86
49 87
56 88
27 89
21 90
82 91
12 92
9 93
36 94
2 95
53 96
45 97
44 98
90 99
85 100
9 101
13 102
90 103
92 104
27 105
14 106
88 107
3 108
56 109
38 110
12 111
82 112
41 113
49 114
15 115
86 116
76 117
19 118
88 119
72 120
12 121
37 122
66 123
61 124
19 125
14 126
50 127
114 128
35 129
34 130
12 131
101 132
67 133
27 134
30 135
62 136
134 137
137 138
63 139
84 140
72 141
34 142
72 143
138 144
69 145
111 146
8 147
91 148
100 149
98 150
131 151
73 152
59 153
142 154
141 155
9 156
49 157
139 158
71 159
125 160
147 161
128 162
35 163
137 164
25 165
145 166
163 167
104 168
19 169
11 170
2 171
98 172
168 173
50 174
163 175
36 176
94 177
86 178
68 179
144 180
165 181
98 182
16 183
35 184
32 185
105 186
52 187
173 188
150 189
34 190
83 191
104 192
151 193
24 194
118 195
71 196
195 197
152 198
51 199
102 200
108 201
155 202
89 203
175 204
196 205
112 206
77 207
23 208
83 209
16 210
154 211
183 212
109 213
111 214
119 215
194 216
135 217
189 218
25 219
54 220
18 221
56 222
142 223
72 224
181 225
22 226
84 227
184 228
106 229
142 230
101 231
211 232
95 233
105 234
220 235
14 236
129 237
18 238
3 239
185 240
69 241
236 242
125 243
178 244
43 245
148 246
104 247
48 248
213 249
135 250
145 251
155 252
149 253
50 254
119 255
145 256
2 257
84 258
188 259
36 260
150 261
96 262
61 263
86 264
247 265
106 266
128 267
105 268
110 269
179 270
210 271
265 272
223 273
173 274
130 275
63 276
270 277
226 278
80 279
60 280
279 281
133 282
191 283
73 284
211 285
99 286
15 287
194 288
121 289
187 290
121 291
141 292
287 293
121 294
67 295
4 296
173 297
47 298
173 299
149 300
148 301
35 302
74 303
4 304
29 305
61 306
135 307
182 308
183 309
75 310
169 311
147 312
182 313
4 314
130 315
185 316
69 317
136 318
134 319
249 320
206 321
162 322
238 323
132 324
318 325
152 326
146 327
161 328
311 329
101 330
166 331
318 332
275 333
310 334
284 335
322 336
85 337
83 338
255 339
159 340
196 341
232 342
202 343
116 344
322 345
153 346
135 347
148 348
144 349
45 350
200 351
1 352
321 353
197 354
169 355
346 356
116 357
291 358
64 359
332 360
111 361
6 362
110 363
227 364
234 365
331 366
259 367
133 368
123 369
318 370
68 371
222 372
88 373
138 374
183 375
223 376
78 377
32 378
34 379
360 380
109 381
309 382
114 383
336 384
212 385
232 386
217 387
104 388
370 389
308 390
18 391
7 392
159 393
101 394
294 395
318 396
344 397
154 398
232 399
262 400
121 401
148 402
348 403
111 404
197 405
121 406
181 407
245 408
250 409
126 410
26 411
203 412
240 413
251 414
399 415
387 416
339 417
31 418
112 419
95 420
379 421
363 422
399 423
390 424
245 425
245 426
168 427
205 428
140 429
183 430
321 431
298 432
132 433
48 434
84 435
311 436
37 437
429 438
195 439
367 440
266 441
424 442
277 443
174 444
20 445
388 446
326 447
69 448
154 449
270 450
11 451
444 452
169 453
423 454
296 455
309 456
407 457
233 458
426 459
314 460
157 461
147 462
423 463
30 464
46 465
7 466
233 467
31 468
393 469
269 470
443 471
466 472
439 473
367 474
402 475
351 476
26 477
60 478
246 479
253 480
128 481
237 482
441 483
196 484
47 485
403 486
151 487
232 488
50 489
245 490
199 491
458 492
131 493
185 494
283 495
54 496
25 497
363 498
97 499
284 500
323 501
327 502
499 503
363 504
173 505
410 506
224 507
22 508
81 509
109 510
45 511
174 512
306 513
38 514
72 515
376 516
506 517
434 518
2 519
274 520
504 521
238 522
405 523
480 524
131 525
337 526
143 527
503 528
484 529
39 530
44 531
123 532
394 533
472 534
112 535
451 536
35 537
312 538
12 539
218 540
282 541
520 542
150 543
35 544
207 545
369 546
466 547
268 548
69 549
137 550
44 551
34 552
219 553
420 554
328 555
214 556
80 557
500 558
450 559
400 560
36 561
338 562
261 563
156 564
257 565
458 566
563 567
253 568
56 569
37 570
275 571
456 572
371 573
238 574
546 575
23 576
415 577
364 578
147 579
69 580
159 581
51 582
359 583
496 584
501 585
252 586
329 587
441 588
402 589
156 590
240 591
214 592
347 593
426 594
213 595
430 596
101 597
309 598
246 599
12 600
230 601
103 602
445 603
550 604
511 605
12 606
78 607
487 608
193 609
326 610
253 611
350 612
373 613
63 614
150 615
348 616
221 617
445 618
97 619
375 620
119 621
163 622
351 623
445 624
363 625
12 626
317 627
430 628
199 629
344 630
340 631
291 632
457 633
494 634
558 635
284 636
29 637
297 638
594 639
319 640
77 641
539 642
179 643
329 644
161 645
361 646
305 647
207 648
93 649
56 650
105 651
106 652
57 653
140 654
292 655
36 656
520 657
112 658
358 659
378 660
303 661
287 662
653 663
212 664
219 665
82 666
200 667
9 668
492 669
353 670
166 671
590 672
571 673
73 674
93 675
416 676
570 677
98 678
340 679
274 680
305 681
38 682
114 683
522 684
324 685
505 686
346 687
66 688
524 689
402 690
4 691
277 692
551 693
142 694
51 695
591 696
159 697
142 698
166 699
66 700
178 701
80 702
398 703
333 704
662 705
182 706
412 707
265 708
196 709
5 710
276 711
530 712
234 713
83 714
623 715
100 716
457 717
90 718
110 719
164 720
169 721
482 722
248 723
513 724
239 725
108 726
667 727
650 728
694 729
483 730
639 731
358 732
368 733
481 734
569 735
161 736
384 737
600 738
590 739
401 740
312 741
13 742
673 743
644 744
209 745
617 746
34 747
459 748
592 749
51 750
322 751
746 752
615 753
300 754
742 755
231 756
644 757
737 758
152 759
436 760
80 761
708 762
302 763
152 764
375 765
152 766
328 767
119 768
16 769
587 770
446 771
556 772
62 773
625 774
259 775
463 776
534 777
775 778
15 779
62 780
512 781
573 782
334 783
277 784
601 785
79 786
439 787
690 788
356 789
711 790
293 791
18 792
673 793
781 794
374 795
237 796
336 797
725 798
677 799
128 800
255 801
507 802
168 803
81 804
777 805
3 806
334 807
296 808
86 809
514 810
263 811
743 812
386 813
554 814
168 815
706 816
267 817
565 818
109 819
186 820
329 821
465 822
34 823
330 824
35 825
407 826
227 827
770 828
34 829
235 830
600 831
366 832
107 833
263 834
721 835
228 836
60 837
159 838
277 839
482 840
130 841
358 842
811 843
389 844
827 845
522 846
502 847
584 848
450 849
754 850
846 851
586 852
745 853
295 854
135 855
745 856
105 857
460 858
19 859
153 860
799 861
394 862
823 863
474 864
79 865
651 866
46 867
493 868
116 869
809 870
528 871
566 872
797 873
871 874
372 875
332 876
173 877
491 878
456 879
99 880
483 881
92 882
836 883
429 884
491 885
358 886
253 887
542 888
729 889
504 890
150 891
468 892
389 893
841 894
819 895
558 896
666 897
196 898
201 899
261 900
667 901
485 902
125 903
344 904
669 905
364 906
866 907
740 908
769 909
444 910
864 911
428 912
605 913
667 914
304 915
281 916
321 917
685 918
48 919
363 920
310 921
61 922
259 923
527 924
516 925
192 926
862 927
434 928
548 929
727 930
783 931
666 932
321 933
872 934
273 935
283 936
254 937
912 938
287 939
428 940
42 941
363 942
529 943
858 944
573 945
925 946
167 947
77 948
25 949
748 950
480 951
748 952
365 953
804 954
564 955
153 956
336 957
811 958
543 959
396 960
496 961
22 962
297 963
45 964
25 965
83 966
75 967
754 968
376 969
263 970
858 971
862 972
165 973
614 974
852 975
452 976
549 977
443 978
497 979
879 980
627 981
768 982
862 983
531 984
51 985
932 986
51 987
402 988
82 989
625 990
22 991
859 992
799 993
826 994
551 995
272 996
771 997
526 998
321 999
116 1000
