2000 2000
0 1 1 1
0 0 1 2
0 1 1 3
0 1 1 4
0 0 1 5
0 0 1 6
0 0 1 7
0 1 1 8
0 1 1 9
0 1 1 10
0 0 1 11
0 1 1 12
1 7 2012
1 7 2012
0 1 1 13
0 0 1 14
0 0 1 15
1 12 2015
0 1 1 16
0 1 1 17
0 0 1 18
1 14 2018
1 17 2018
1 17 2018
0 0 1 19
1 15 2019
1 19 2019
0 0 1 20
0 0 1 21
1 16 2021
1 19 2021
0 0 1 22
1 22 2022
1 18 2022
0 1 1 23
1 18 2023
0 1 1 24
0 1 1 25
1 20 2025
0 0 1 26
1 21 2026
0 1 1 27
0 0 1 28
1 28 2028
1 23 2028
1 24 2028
0 1 1 29
0 1 1 30
0 0 1 31
0 1 1 32
1 30 2032
0 0 1 33
0 0 1 34
1 29 2034
0 1 1 35
1 34 2035
1 32 2035
0 1 1 36
1 35 2036
0 1 1 37
1 34 2037
0 1 1 38
0 0 1 39
0 1 1 40
0 1 1 41
0 0 1 42
0 0 1 43
1 39 2043
0 1 1 44
1 42 2044
1 43 2044
1 39 2044
1 40 2044
0 1 1 45
0 1 1 46
1 43 2046
1 43 2046
0 0 1 47
0 1 1 48
1 47 2048
0 0 1 49
0 0 1 50
0 1 1 51
1 50 2051
1 46 2051
0 1 1 52
1 48 2052
1 49 2052
1 47 2052
1 51 2052
1 48 2052
1 47 2052
0 0 1 53
0 1 1 54
1 49 2054
1 51 2054
1 49 2054
1 54 2054
0 0 1 55
1 52 2055
1 55 2055
0 1 1 56
1 54 2056
1 52 2056
0 1 1 57
1 54 2057
1 56 2057
0 0 1 58
1 53 2058
1 57 2058
1 53 2058
0 0 1 59
0 0 1 60
1 57 2060
1 57 2060
1 60 2060
1 59 2060
1 60 2060
0 0 1 61
0 1 1 62
1 57 2062
1 62 2062
1 62 2062
1 61 2062
1 57 2062
0 1 1 63
1 58 2063
1 60 2063
1 59 2063
1 63 2063
1 60 2063
0 1 1 64
0 1 1 65
1 64 2065
0 1 1 66
0 0 1 67
1 67 2067
1 65 2067
0 0 1 68
0 0 1 69
1 64 2069
0 0 1 70
0 1 1 71
0 0 1 72
1 68 2072
1 69 2072
1 67 2072
0 1 1 73
1 72 2073
0 0 1 74
0 1 1 75
1 71 2075
1 70 2075
1 72 2075
1 71 2075
1 71 2075
1 70 2075
1 72 2075
1 71 2075
1 71 2075
1 71 2075
1 75 2075
1 74 2075
1 73 2075
1 75 2075
0 1 1 76
0 0 1 77
1 76 2077
0 0 1 78
1 74 2078
0 1 1 79
0 1 1 80
0 1 1 81
0 0 1 82
1 81 2082
0 1 1 83
0 1 1 84
1 80 2084
1 84 2084
1 82 2084
1 83 2084
0 0 1 85
1 81 2085
0 1 1 86
1 85 2086
1 82 2086
1 86 2086
1 86 2086
1 81 2086
0 0 1 87
1 84 2087
1 87 2087
1 84 2087
1 85 2087
0 0 1 88
0 0 1 89
0 0 1 90
0 1 1 91
1 87 2091
0 1 1 92
0 0 1 93
1 93 2093
1 93 2093
1 89 2093
1 92 2093
1 88 2093
0 1 1 94
1 90 2094
1 94 2094
1 92 2094
1 91 2094
1 91 2094
1 89 2094
0 0 1 95
1 90 2095
0 0 1 96
0 0 1 97
1 95 2097
0 1 1 98
1 94 2098
0 1 1 99
0 0 1 100
0 1 1 101
0 1 1 102
1 101 2102
1 98 2102
0 1 1 103
0 0 1 104
0 1 1 105
0 1 1 106
0 0 1 107
0 1 1 108
0 0 1 109
1 105 2109
1 106 2109
1 108 2109
0 0 1 110
1 108 2110
0 1 1 111
1 108 2111
0 0 1 112
0 1 1 113
1 111 2113
0 0 1 114
0 1 1 115
0 1 1 116
1 112 2116
1 111 2116
1 116 2116
0 0 1 117
1 115 2117
0 0 1 118
1 118 2118
0 1 1 119
1 114 2119
0 0 1 120
1 116 2120
0 0 1 121
1 118 2121
0 0 1 122
0 0 1 123
0 1 1 124
1 122 2124
0 1 1 125
0 1 1 126
0 0 1 127
1 127 2127
0 0 1 128
1 124 2128
1 123 2128
0 1 1 129
0 0 1 130
0 0 1 131
0 0 1 132
0 0 1 133
0 1 1 134
1 130 2134
0 1 1 135
0 0 1 136
1 134 2136
0 0 1 137
0 1 1 138
0 1 1 139
1 134 2139
1 137 2139
1 137 2139
0 0 1 140
1 135 2140
0 0 1 141
1 137 2141
1 139 2141
0 1 1 142
0 1 1 143
0 1 1 144
1 139 2144
0 0 1 145
0 1 1 146
1 141 2146
0 1 1 147
1 146 2147
1 143 2147
0 1 1 148
0 1 1 149
1 144 2149
0 1 1 150
1 145 2150
1 148 2150
0 0 1 151
0 1 1 152
1 150 2152
0 1 1 153
1 151 2153
0 1 1 154
1 152 2154
0 1 1 155
0 1 1 156
0 0 1 157
1 154 2157
1 157 2157
0 1 1 158
1 157 2158
0 1 1 159
1 154 2159
0 1 1 160
0 1 1 161
1 156 2161
1 159 2161
0 0 1 162
1 157 2162
0 0 1 163
0 0 1 164
0 1 1 165
1 164 2165
1 162 2165
0 1 1 166
1 166 2166
0 0 1 167
1 165 2167
0 0 1 168
1 165 2168
1 168 2168
1 164 2168
1 163 2168
0 1 1 169
1 167 2169
1 164 2169
1 167 2169
0 0 1 170
1 169 2170
0 0 1 171
0 0 1 172
0 0 1 173
0 1 1 174
1 170 2174
1 169 2174
0 1 1 175
0 1 1 176
0 0 1 177
1 174 2177
0 1 1 178
0 1 1 179
1 174 2179
1 177 2179
0 0 1 180
1 176 2180
0 0 1 181
1 176 2181
0 1 1 182
0 0 1 183
0 0 1 184
1 180 2184
1 182 2184
1 184 2184
0 1 1 185
1 183 2185
0 0 1 186
1 181 2186
0 0 1 187
1 184 2187
1 182 2187
0 1 1 188
1 183 2188
0 1 1 189
0 1 1 190
0 0 1 191
1 186 2191
0 0 1 192
1 187 2192
1 190 2192
1 191 2192
1 187 2192
1 187 2192
1 191 2192
1 191 2192
0 0 1 193
0 1 1 194
1 190 2194
1 191 2194
0 1 1 195
0 1 1 196
1 194 2196
0 1 1 197
1 193 2197
0 1 1 198
1 194 2198
0 0 1 199
0 0 1 200
1 199 2200
0 0 1 201
0 0 1 202
0 1 1 203
1 201 2203
0 0 1 204
1 202 2204
0 0 1 205
0 0 1 206
0 1 1 207
1 207 2207
1 203 2207
0 0 1 208
0 1 1 209
0 1 1 210
0 0 1 211
0 0 1 212
0 1 1 213
1 211 2213
1 213 2213
0 0 1 214
0 0 1 215
0 0 1 216
1 215 2216
0 1 1 217
0 1 1 218
0 0 1 219
1 216 2219
1 219 2219
1 215 2219
1 215 2219
0 0 1 220
0 0 1 221
0 0 1 222
0 1 1 223
0 0 1 224
1 219 2224
1 222 2224
0 1 1 225
0 1 1 226
0 1 1 227
0 0 1 228
1 223 2228
0 0 1 229
1 225 2229
0 0 1 230
0 1 1 231
0 0 1 232
0 1 1 233
0 0 1 234
1 233 2234
1 229 2234
0 0 1 235
1 234 2235
0 0 1 236
0 1 1 237
1 233 2237
1 233 2237
0 1 1 238
1 234 2238
1 233 2238
0 1 1 239
1 235 2239
0 1 1 240
0 1 1 241
1 239 2241
0 1 1 242
1 238 2242
0 1 1 243
1 243 2243
0 1 1 244
1 243 2244
0 0 1 245
0 0 1 246
1 245 2246
1 245 2246
1 246 2246
1 246 2246
0 0 1 247
1 246 2247
1 243 2247
1 245 2247
0 0 1 248
1 248 2248
1 244 2248
0 0 1 249
0 1 1 250
0 1 1 251
1 248 2251
0 0 1 252
1 251 2252
1 252 2252
0 0 1 253
0 0 1 254
1 250 2254
0 1 1 255
1 251 2255
0 1 1 256
1 255 2256
0 1 1 257
1 252 2257
0 1 1 258
0 0 1 259
0 1 1 260
1 258 2260
0 0 1 261
0 1 1 262
0 0 1 263
1 259 2263
1 260 2263
0 1 1 264
1 262 2264
1 260 2264
0 0 1 265
0 1 1 266
1 263 2266
0 0 1 267
1 265 2267
0 0 1 268
0 1 1 269
0 1 1 270
0 0 1 271
1 267 2271
0 0 1 272
0 1 1 273
1 268 2273
1 270 2273
0 1 1 274
1 271 2274
1 271 2274
0 1 1 275
1 271 2275
0 0 1 276
0 0 1 277
0 0 1 278
1 274 2278
0 1 1 279
1 279 2279
1 275 2279
0 0 1 280
1 275 2280
1 278 2280
0 0 1 281
0 1 1 282
1 277 2282
0 0 1 283
1 281 2283
1 282 2283
1 278 2283
1 279 2283
1 279 2283
0 1 1 284
1 282 2284
0 1 1 285
0 1 1 286
1 285 2286
0 0 1 287
0 0 1 288
0 1 1 289
1 288 2289
0 0 1 290
0 1 1 291
1 289 2291
0 1 1 292
1 287 2292
1 292 2292
1 292 2292
0 0 1 293
1 293 2293
0 1 1 294
0 1 1 295
0 1 1 296
1 293 2296
1 294 2296
1 293 2296
0 1 1 297
1 296 2297
0 1 1 298
0 0 1 299
0 1 1 300
0 1 1 301
0 1 1 302
1 301 2302
0 1 1 303
0 1 1 304
0 0 1 305
1 304 2305
0 0 1 306
1 301 2306
0 0 1 307
1 306 2307
0 0 1 308
0 0 1 309
0 1 1 310
0 0 1 311
0 1 1 312
0 0 1 313
0 1 1 314
0 1 1 315
1 313 2315
1 315 2315
1 314 2315
1 312 2315
1 313 2315
1 312 2315
0 1 1 316
0 0 1 317
0 0 1 318
0 1 1 319
1 314 2319
0 1 1 320
1 317 2320
1 320 2320
1 318 2320
0 0 1 321
1 316 2321
0 0 1 322
0 1 1 323
1 321 2323
0 0 1 324
1 324 2324
1 321 2324
0 0 1 325
1 324 2325
1 321 2325
0 0 1 326
0 0 1 327
0 0 1 328
0 0 1 329
1 329 2329
1 327 2329
1 326 2329
0 1 1 330
1 325 2330
1 325 2330
1 329 2330
0 1 1 331
1 329 2331
1 327 2331
0 0 1 332
1 327 2332
0 1 1 333
1 331 2333
0 1 1 334
1 329 2334
1 332 2334
1 333 2334
0 1 1 335
0 1 1 336
1 333 2336
1 334 2336
1 331 2336
0 1 1 337
1 335 2337
1 333 2337
0 0 1 338
0 0 1 339
0 0 1 340
1 335 2340
0 1 1 341
0 1 1 342
0 1 1 343
0 0 1 344
1 344 2344
0 0 1 345
1 340 2345
1 341 2345
0 1 1 346
1 344 2346
0 1 1 347
1 346 2347
1 345 2347
0 0 1 348
0 1 1 349
1 348 2349
1 346 2349
1 349 2349
0 0 1 350
1 349 2350
1 345 2350
0 0 1 351
0 1 1 352
1 347 2352
1 349 2352
1 350 2352
1 347 2352
0 1 1 353
0 0 1 354
1 354 2354
1 351 2354
1 350 2354
1 349 2354
0 0 1 355
0 1 1 356
0 0 1 357
1 356 2357
1 354 2357
1 355 2357
1 354 2357
1 353 2357
0 0 1 358
1 353 2358
0 0 1 359
0 0 1 360
1 358 2360
1 358 2360
0 1 1 361
1 360 2361
0 1 1 362
0 1 1 363
1 362 2363
0 1 1 364
0 0 1 365
1 362 2365
1 362 2365
1 360 2365
1 362 2365
0 0 1 366
0 1 1 367
0 1 1 368
0 0 1 369
1 367 2369
0 1 1 370
1 366 2370
0 0 1 371
0 0 1 372
0 0 1 373
0 1 1 374
1 369 2374
1 370 2374
1 371 2374
0 0 1 375
0 0 1 376
0 1 1 377
0 0 1 378
1 378 2378
0 1 1 379
1 376 2379
0 0 1 380
1 379 2380
0 1 1 381
0 0 1 382
1 380 2382
0 1 1 383
1 381 2383
0 1 1 384
1 380 2384
0 0 1 385
0 0 1 386
1 384 2386
0 0 1 387
0 0 1 388
0 0 1 389
0 1 1 390
0 0 1 391
0 1 1 392
1 389 2392
0 0 1 393
0 1 1 394
1 389 2394
0 1 1 395
0 1 1 396
0 1 1 397
0 0 1 398
0 0 1 399
0 0 1 400
0 0 1 401
0 1 1 402
0 1 1 403
1 403 2403
1 399 2403
1 401 2403
1 399 2403
1 401 2403
1 398 2403
0 1 1 404
0 1 1 405
0 1 1 406
0 0 1 407
0 1 1 408
0 1 1 409
1 405 2409
0 0 1 410
1 405 2410
0 1 1 411
0 0 1 412
1 410 2412
0 0 1 413
0 1 1 414
1 409 2414
0 1 1 415
0 0 1 416
1 412 2416
0 1 1 417
1 413 2417
1 414 2417
0 1 1 418
0 1 1 419
1 414 2419
0 1 1 420
0 0 1 421
1 421 2421
0 0 1 422
1 418 2422
0 1 1 423
0 0 1 424
1 422 2424
0 1 1 425
1 421 2425
0 1 1 426
1 423 2426
1 422 2426
0 0 1 427
1 424 2427
1 422 2427
1 423 2427
0 0 1 428
1 424 2428
0 0 1 429
1 425 2429
1 428 2429
0 1 1 430
1 425 2430
1 426 2430
0 0 1 431
1 431 2431
0 1 1 432
0 1 1 433
0 1 1 434
1 430 2434
1 434 2434
0 0 1 435
1 430 2435
0 0 1 436
1 436 2436
0 0 1 437
1 436 2437
0 1 1 438
0 0 1 439
0 1 1 440
0 0 1 441
0 1 1 442
0 0 1 443
0 1 1 444
1 441 2444
0 1 1 445
0 0 1 446
0 1 1 447
0 1 1 448
1 448 2448
1 445 2448
1 448 2448
1 446 2448
1 444 2448
1 445 2448
0 0 1 449
0 1 1 450
1 450 2450
1 449 2450
0 1 1 451
0 1 1 452
1 450 2452
0 1 1 453
0 1 1 454
1 454 2454
1 450 2454
0 0 1 455
0 0 1 456
1 455 2456
0 0 1 457
1 456 2457
1 452 2457
0 0 1 458
1 454 2458
0 0 1 459
0 0 1 460
1 456 2460
0 1 1 461
1 456 2461
1 458 2461
1 456 2461
1 456 2461
1 456 2461
1 456 2461
0 1 1 462
0 0 1 463
0 0 1 464
0 1 1 465
1 463 2465
0 1 1 466
1 465 2466
0 1 1 467
1 465 2467
0 1 1 468
1 466 2468
0 1 1 469
0 0 1 470
0 1 1 471
0 0 1 472
0 0 1 473
1 468 2473
1 472 2473
0 0 1 474
0 1 1 475
0 0 1 476
1 471 2476
0 0 1 477
1 476 2477
0 1 1 478
0 0 1 479
0 1 1 480
1 476 2480
0 1 1 481
1 481 2481
1 481 2481
1 478 2481
0 0 1 482
1 480 2482
0 1 1 483
0 0 1 484
1 483 2484
0 1 1 485
1 481 2485
1 483 2485
0 1 1 486
1 482 2486
1 483 2486
0 1 1 487
1 484 2487
1 484 2487
0 1 1 488
1 484 2488
1 486 2488
1 488 2488
0 0 1 489
1 484 2489
0 0 1 490
0 1 1 491
0 1 1 492
1 488 2492
1 490 2492
0 1 1 493
1 490 2493
1 493 2493
1 492 2493
1 492 2493
1 490 2493
1 490 2493
1 490 2493
1 492 2493
1 493 2493
0 1 1 494
1 491 2494
0 0 1 495
1 490 2495
0 1 1 496
1 496 2496
0 0 1 497
0 0 1 498
1 494 2498
0 1 1 499
1 494 2499
0 1 1 500
0 1 1 501
1 497 2501
0 1 1 502
1 497 2502
0 1 1 503
0 0 1 504
1 501 2504
0 1 1 505
1 504 2505
1 501 2505
0 1 1 506
1 503 2506
1 505 2506
0 1 1 507
0 1 1 508
1 505 2508
0 1 1 509
1 508 2509
1 507 2509
1 505 2509
1 504 2509
0 0 1 510
0 0 1 511
1 506 2511
1 506 2511
1 507 2511
0 1 1 512
0 1 1 513
0 1 1 514
0 0 1 515
1 515 2515
0 1 1 516
0 1 1 517
0 0 1 518
1 514 2518
1 516 2518
0 1 1 519
1 516 2519
1 519 2519
0 1 1 520
0 1 1 521
0 0 1 522
1 521 2522
1 517 2522
1 521 2522
0 1 1 523
1 523 2523
0 0 1 524
1 520 2524
0 1 1 525
1 520 2525
1 522 2525
0 1 1 526
1 521 2526
1 524 2526
0 1 1 527
1 523 2527
1 527 2527
0 0 1 528
0 0 1 529
0 0 1 530
1 528 2530
1 529 2530
1 525 2530
0 1 1 531
1 529 2531
1 528 2531
1 528 2531
0 1 1 532
0 0 1 533
0 1 1 534
1 529 2534
1 533 2534
0 1 1 535
0 0 1 536
0 1 1 537
1 534 2537
0 0 1 538
0 1 1 539
1 538 2539
0 0 1 540
1 540 2540
0 1 1 541
0 0 1 542
1 540 2542
0 1 1 543
1 542 2543
1 542 2543
1 540 2543
1 538 2543
0 1 1 544
1 544 2544
1 541 2544
0 0 1 545
1 540 2545
0 0 1 546
1 542 2546
0 0 1 547
0 0 1 548
0 1 1 549
0 1 1 550
1 545 2550
0 0 1 551
0 0 1 552
1 548 2552
0 0 1 553
1 553 2553
0 0 1 554
0 1 1 555
0 1 1 556
0 1 1 557
0 0 1 558
0 1 1 559
0 0 1 560
0 0 1 561
0 1 1 562
0 0 1 563
1 560 2563
0 0 1 564
0 1 1 565
1 561 2565
1 562 2565
0 1 1 566
1 566 2566
1 563 2566
0 0 1 567
0 0 1 568
1 567 2568
1 568 2568
1 564 2568
0 1 1 569
1 566 2569
0 1 1 570
0 1 1 571
0 1 1 572
1 572 2572
1 567 2572
1 570 2572
0 0 1 573
1 571 2573
1 569 2573
1 569 2573
1 571 2573
1 573 2573
0 1 1 574
1 572 2574
1 571 2574
1 570 2574
1 572 2574
0 0 1 575
0 1 1 576
1 571 2576
1 574 2576
1 575 2576
0 0 1 577
0 1 1 578
1 574 2578
0 0 1 579
0 0 1 580
1 578 2580
0 1 1 581
1 578 2581
0 0 1 582
0 0 1 583
1 580 2583
0 1 1 584
1 584 2584
1 580 2584
0 1 1 585
1 583 2585
0 0 1 586
0 1 1 587
0 1 1 588
1 583 2588
1 583 2588
0 0 1 589
1 584 2589
1 585 2589
1 585 2589
0 1 1 590
1 586 2590
0 0 1 591
1 588 2591
1 588 2591
0 1 1 592
0 0 1 593
1 593 2593
1 588 2593
1 589 2593
1 592 2593
0 0 1 594
0 1 1 595
1 595 2595
0 1 1 596
1 591 2596
1 593 2596
0 1 1 597
1 594 2597
1 594 2597
1 595 2597
0 1 1 598
0 1 1 599
0 1 1 600
1 597 2600
1 598 2600
0 0 1 601
1 597 2601
0 1 1 602
0 0 1 603
1 598 2603
0 0 1 604
1 603 2604
1 601 2604
0 1 1 605
1 603 2605
0 0 1 606
0 1 1 607
1 606 2607
0 1 1 608
1 608 2608
0 0 1 609
0 0 1 610
1 606 2610
0 0 1 611
1 606 2611
0 0 1 612
1 608 2612
0 0 1 613
1 609 2613
0 1 1 614
0 0 1 615
1 614 2615
0 0 1 616
1 614 2616
0 0 1 617
1 612 2617
1 615 2617
1 613 2617
0 0 1 618
0 0 1 619
0 0 1 620
1 616 2620
0 0 1 621
1 618 2621
1 618 2621
0 0 1 622
1 617 2622
1 621 2622
1 618 2622
1 621 2622
0 0 1 623
1 623 2623
1 623 2623
1 621 2623
0 1 1 624
0 0 1 625
0 0 1 626
1 621 2626
0 0 1 627
0 0 1 628
0 1 1 629
0 1 1 630
1 627 2630
1 627 2630
0 1 1 631
1 627 2631
1 626 2631
0 0 1 632
1 628 2632
1 631 2632
1 628 2632
1 627 2632
1 628 2632
1 631 2632
0 1 1 633
1 632 2633
0 1 1 634
1 632 2634
1 632 2634
1 633 2634
1 634 2634
0 0 1 635
1 632 2635
0 1 1 636
0 1 1 637
1 636 2637
0 1 1 638
1 635 2638
0 0 1 639
1 635 2639
1 635 2639
0 1 1 640
0 0 1 641
1 636 2641
1 641 2641
1 638 2641
0 1 1 642
0 1 1 643
1 641 2643
0 1 1 644
1 642 2644
0 0 1 645
0 1 1 646
1 643 2646
0 1 1 647
0 1 1 648
0 1 1 649
1 645 2649
1 648 2649
1 644 2649
0 0 1 650
0 1 1 651
0 1 1 652
0 0 1 653
1 650 2653
1 649 2653
1 648 2653
1 649 2653
0 1 1 654
0 1 1 655
0 0 1 656
0 0 1 657
1 654 2657
0 0 1 658
0 1 1 659
1 657 2659
0 1 1 660
0 1 1 661
1 658 2661
0 1 1 662
0 1 1 663
1 661 2663
0 1 1 664
0 1 1 665
1 663 2665
0 0 1 666
1 661 2666
1 662 2666
1 666 2666
1 662 2666
0 0 1 667
0 0 1 668
0 1 1 669
0 0 1 670
0 1 1 671
0 1 1 672
1 670 2672
1 670 2672
1 669 2672
1 671 2672
1 672 2672
0 1 1 673
0 0 1 674
1 669 2674
0 0 1 675
1 671 2675
0 0 1 676
0 0 1 677
0 0 1 678
1 676 2678
0 0 1 679
0 1 1 680
1 677 2680
1 678 2680
0 0 1 681
0 0 1 682
0 1 1 683
1 678 2683
1 683 2683
0 1 1 684
1 681 2684
0 0 1 685
1 685 2685
0 0 1 686
1 682 2686
0 0 1 687
0 0 1 688
0 1 1 689
1 687 2689
0 0 1 690
1 689 2690
1 685 2690
1 690 2690
0 1 1 691
1 687 2691
1 691 2691
0 0 1 692
1 689 2692
0 1 1 693
0 1 1 694
0 1 1 695
0 0 1 696
1 694 2696
1 692 2696
1 694 2696
0 1 1 697
1 696 2697
1 692 2697
0 1 1 698
0 1 1 699
0 1 1 700
0 0 1 701
0 0 1 702
1 697 2702
0 0 1 703
1 698 2703
1 700 2703
1 702 2703
0 0 1 704
1 701 2704
0 0 1 705
0 0 1 706
1 703 2706
0 0 1 707
0 1 1 708
1 704 2708
0 0 1 709
0 1 1 710
0 1 1 711
0 0 1 712
1 708 2712
1 707 2712
1 709 2712
0 1 1 713
0 0 1 714
1 711 2714
0 1 1 715
1 713 2715
0 1 1 716
0 1 1 717
0 1 1 718
0 1 1 719
0 0 1 720
1 718 2720
0 1 1 721
0 0 1 722
0 0 1 723
1 722 2723
0 0 1 724
1 722 2724
1 720 2724
1 720 2724
1 724 2724
0 0 1 725
1 720 2725
0 0 1 726
1 726 2726
1 726 2726
1 721 2726
0 1 1 727
1 725 2727
1 724 2727
0 1 1 728
1 726 2728
1 725 2728
1 723 2728
0 0 1 729
0 1 1 730
0 0 1 731
0 0 1 732
0 0 1 733
0 1 1 734
0 1 1 735
0 1 1 736
0 0 1 737
1 733 2737
1 733 2737
1 735 2737
0 1 1 738
1 736 2738
0 0 1 739
0 0 1 740
0 0 1 741
0 1 1 742
0 1 1 743
1 743 2743
1 738 2743
1 738 2743
0 0 1 744
1 741 2744
0 1 1 745
0 1 1 746
1 745 2746
1 743 2746
1 746 2746
1 743 2746
0 0 1 747
1 743 2747
0 0 1 748
1 745 2748
0 1 1 749
0 1 1 750
0 0 1 751
0 0 1 752
0 1 1 753
0 0 1 754
1 753 2754
0 1 1 755
1 751 2755
1 755 2755
0 1 1 756
1 752 2756
0 1 1 757
1 757 2757
1 756 2757
0 0 1 758
1 757 2758
1 754 2758
0 0 1 759
1 759 2759
0 0 1 760
1 756 2760
0 1 1 761
0 1 1 762
0 0 1 763
1 762 2763
0 1 1 764
0 0 1 765
1 762 2765
0 0 1 766
0 0 1 767
1 767 2767
1 765 2767
0 1 1 768
0 1 1 769
1 769 2769
1 769 2769
0 0 1 770
0 0 1 771
0 1 1 772
1 767 2772
1 768 2772
1 771 2772
0 1 1 773
0 1 1 774
1 770 2774
0 1 1 775
1 771 2775
0 0 1 776
1 771 2776
1 771 2776
0 0 1 777
0 0 1 778
1 776 2778
0 0 1 779
1 779 2779
1 774 2779
1 775 2779
0 0 1 780
0 1 1 781
1 778 2781
0 1 1 782
0 0 1 783
0 1 1 784
0 0 1 785
0 0 1 786
0 0 1 787
1 785 2787
0 0 1 788
1 784 2788
1 788 2788
1 783 2788
1 784 2788
1 785 2788
0 1 1 789
0 0 1 790
1 786 2790
1 787 2790
1 790 2790
1 786 2790
0 0 1 791
1 789 2791
1 787 2791
0 1 1 792
0 1 1 793
0 0 1 794
0 1 1 795
0 1 1 796
0 1 1 797
1 796 2797
0 1 1 798
1 798 2798
0 0 1 799
1 796 2799
1 797 2799
0 1 1 800
1 799 2800
0 0 1 801
0 1 1 802
1 797 2802
1 800 2802
1 797 2802
0 0 1 803
0 0 1 804
1 801 2804
1 799 2804
1 800 2804
1 801 2804
0 1 1 805
0 0 1 806
1 806 2806
1 803 2806
0 1 1 807
1 807 2807
0 0 1 808
0 0 1 809
0 1 1 810
1 805 2810
0 1 1 811
1 807 2811
0 1 1 812
1 810 2812
0 0 1 813
0 1 1 814
0 0 1 815
0 0 1 816
0 1 1 817
0 1 1 818
0 1 1 819
0 1 1 820
1 815 2820
1 816 2820
1 815 2820
0 0 1 821
1 819 2821
1 821 2821
0 1 1 822
0 1 1 823
0 0 1 824
0 1 1 825
1 823 2825
1 822 2825
1 822 2825
1 820 2825
1 825 2825
0 0 1 826
0 1 1 827
0 0 1 828
1 825 2828
0 1 1 829
1 828 2829
0 0 1 830
0 0 1 831
0 0 1 832
0 1 1 833
0 0 1 834
0 0 1 835
1 835 2835
1 831 2835
1 831 2835
1 834 2835
1 832 2835
0 0 1 836
1 836 2836
0 0 1 837
0 1 1 838
1 837 2838
0 0 1 839
1 839 2839
0 1 1 840
1 840 2840
0 0 1 841
0 1 1 842
1 842 2842
1 841 2842
0 1 1 843
1 838 2843
1 842 2843
0 0 1 844
1 839 2844
0 0 1 845
1 840 2845
0 1 1 846
0 0 1 847
0 1 1 848
1 845 2848
1 848 2848
1 847 2848
1 845 2848
1 845 2848
0 0 1 849
1 846 2849
1 844 2849
0 0 1 850
1 849 2850
0 0 1 851
0 1 1 852
1 850 2852
1 849 2852
0 0 1 853
0 0 1 854
1 852 2854
1 850 2854
0 0 1 855
1 853 2855
0 1 1 856
0 1 1 857
0 0 1 858
0 1 1 859
0 1 1 860
0 0 1 861
0 1 1 862
1 861 2862
1 857 2862
1 860 2862
1 859 2862
0 1 1 863
0 0 1 864
0 1 1 865
1 864 2865
1 863 2865
0 0 1 866
0 0 1 867
0 1 1 868
1 868 2868
1 866 2868
0 1 1 869
1 866 2869
1 867 2869
1 865 2869
1 866 2869
0 1 1 870
0 1 1 871
1 870 2871
1 870 2871
0 1 1 872
1 872 2872
0 0 1 873
1 872 2873
1 868 2873
1 871 2873
1 868 2873
1 869 2873
1 870 2873
0 1 1 874
1 872 2874
0 0 1 875
1 871 2875
1 872 2875
0 0 1 876
1 876 2876
1 871 2876
0 0 1 877
0 1 1 878
0 1 1 879
1 878 2879
1 878 2879
1 877 2879
0 1 1 880
0 0 1 881
1 877 2881
1 880 2881
0 1 1 882
0 1 1 883
0 1 1 884
0 0 1 885
1 884 2885
0 1 1 886
1 881 2886
0 1 1 887
0 0 1 888
1 884 2888
0 0 1 889
1 886 2889
0 0 1 890
0 0 1 891
0 0 1 892
1 889 2892
0 0 1 893
0 1 1 894
0 1 1 895
1 890 2895
0 0 1 896
0 0 1 897
1 897 2897
1 897 2897
0 1 1 898
1 894 2898
1 893 2898
1 896 2898
0 0 1 899
1 898 2899
0 0 1 900
1 897 2900
0 0 1 901
1 897 2901
0 0 1 902
0 0 1 903
0 1 1 904
0 1 1 905
1 904 2905
1 901 2905
1 903 2905
0 0 1 906
0 0 1 907
1 904 2907
1 904 2907
0 0 1 908
1 904 2908
0 1 1 909
0 1 1 910
0 0 1 911
1 906 2911
1 909 2911
0 0 1 912
0 0 1 913
1 912 2913
1 913 2913
1 913 2913
0 1 1 914
0 1 1 915
1 914 2915
0 0 1 916
1 915 2916
1 915 2916
0 1 1 917
1 914 2917
1 914 2917
0 0 1 918
0 1 1 919
1 914 2919
1 919 2919
0 1 1 920
1 915 2920
1 915 2920
0 0 1 921
0 0 1 922
1 921 2922
0 1 1 923
1 922 2923
0 0 1 924
0 0 1 925
0 0 1 926
1 922 2926
0 1 1 927
1 926 2927
0 1 1 928
1 923 2928
1 927 2928
0 1 1 929
1 924 2929
0 1 1 930
1 928 2930
1 925 2930
1 927 2930
1 929 2930
0 1 1 931
1 930 2931
0 0 1 932
0 0 1 933
0 0 1 934
1 934 2934
0 0 1 935
0 1 1 936
1 933 2936
0 0 1 937
0 1 1 938
0 0 1 939
0 1 1 940
1 935 2940
0 1 1 941
1 940 2941
0 0 1 942
1 940 2942
0 0 1 943
0 1 1 944
0 1 1 945
0 1 1 946
0 0 1 947
0 0 1 948
0 1 1 949
1 945 2949
0 1 1 950
0 1 1 951
0 0 1 952
0 0 1 953
1 951 2953
1 950 2953
1 950 2953
0 1 1 954
0 0 1 955
1 950 2955
1 954 2955
1 954 2955
1 951 2955
1 951 2955
0 0 1 956
1 951 2956
0 0 1 957
0 1 1 958
0 1 1 959
0 1 1 960
1 958 2960
0 1 1 961
0 1 1 962
0 0 1 963
1 961 2963
0 0 1 964
0 1 1 965
1 964 2965
0 0 1 966
1 966 2966
1 965 2966
0 1 1 967
1 962 2967
1 963 2967
1 965 2967
0 0 1 968
0 1 1 969
1 964 2969
1 968 2969
1 965 2969
0 0 1 970
1 967 2970
0 0 1 971
0 0 1 972
0 0 1 973
1 971 2973
1 973 2973
1 969 2973
1 970 2973
1 968 2973
0 0 1 974
1 972 2974
0 0 1 975
0 0 1 976
1 973 2976
0 1 1 977
1 976 2977
1 972 2977
0 1 1 978
0 0 1 979
1 977 2979
1 979 2979
1 974 2979
0 1 1 980
1 980 2980
1 977 2980
1 980 2980
1 979 2980
1 977 2980
0 1 1 981
1 977 2981
1 977 2981
0 1 1 982
1 981 2982
1 979 2982
1 981 2982
0 0 1 983
0 1 1 984
0 0 1 985
0 1 1 986
1 985 2986
1 984 2986
1 984 2986
0 1 1 987
0 0 1 988
1 986 2988
0 1 1 989
0 1 1 990
0 1 1 991
1 989 2991
0 1 1 992
1 987 2992
0 1 1 993
1 992 2993
0 1 1 994
1 994 2994
0 1 1 995
0 1 1 996
1 991 2996
1 994 2996
1 994 2996
1 996 2996
1 994 2996
0 0 1 997
0 0 1 998
0 1 1 999
1 998 2999
0 1 1 1000
0 1 1 1001
0 0 1 1002
0 1 1 1003
0 1 1 1004
0 0 1 1005
0 1 1 1006
0 1 1 1007
1 1004 3007
0 1 1 1008
0 1 1 1009
0 0 1 1010
1 1009 3010
0 0 1 1011
1 1010 3011
1 1007 3011
0 0 1 1012
1 1008 3012
1 1012 3012
0 1 1 1013
1 1008 3013
0 0 1 1014
1 1009 3014
1 1010 3014
0 0 1 1015
1 1011 3015
0 1 1 1016
0 1 1 1017
1 1017 3017
0 1 1 1018
1 1015 3018
0 0 1 1019
0 1 1 1020
0 1 1 1021
1 1017 3021
0 0 1 1022
0 1 1 1023
1 1020 3023
0 0 1 1024
0 0 1 1025
1 1022 3025
1 1024 3025
1 1022 3025
1 1023 3025
0 0 1 1026
1 1026 3026
1 1023 3026
0 1 1 1027
0 0 1 1028
0 0 1 1029
1 1027 3029
