5000 5000
0 1 5 1 5000 2 4999 4998 
0 1 5 3 5001 4 4997 5 
0 1 6 5002 6 7 4996 4995 4994 
0 1 2 5003 4993 
0 1 7 5004 8 4992 4991 4990 9 4989 
0 1 6 5005 10 11 4988 12 13 
1 4634 2085
0 1 4 5006 14 15 16 
1 865 3858
1 455 4540
1 9 2623
0 1 7 17 5007 18 4987 4986 4985 19 
0 1 2 20 5008 
0 1 2 21 5009 
1 3938 1967
0 1 3 22 5010 4984 
1 4883 2830
0 1 2 23 24 
1 1802 2444
0 1 4 5012 25 5011 26 
0 1 4 5013 27 4983 28 
0 1 3 29 5014 30 
0 1 5 31 5015 32 33 34 
0 1 6 5016 4982 35 4981 36 4980 
1 752 2078
1 2715 3037
1 46 1074
0 1 6 37 5017 38 4979 4978 4977 
1 3757 4923
1 3769 2185
1 556 2
0 1 4 5018 4976 39 40 
0 1 2 41 42 
0 1 7 5020 5019 4975 4974 4973 4972 43 
0 1 3 44 5021 45 
0 1 6 5022 4971 4970 4969 46 47 
0 1 3 5023 48 4968 
1 2301 2682
0 1 5 49 5024 50 4967 51 
0 1 7 5025 4966 52 4965 53 54 4964 
0 1 4 5026 55 56 4963 
0 1 4 5027 4962 4961 4960 
0 1 3 5028 4959 57 
0 1 3 58 5029 59 
1 1862 340
1 2341 3373
0 1 6 5030 4958 4957 4956 60 4955 
0 1 3 61 5031 62 
1 1114 739
0 1 4 5032 4954 4953 4952 
1 2038 1238
0 1 4 5033 4951 4950 63 
0 1 6 5034 4949 64 4948 4947 4946 
1 2960 2029
1 1785 2849
0 1 6 5035 65 4945 66 67 68 
1 2101 912
0 1 7 69 70 71 72 73 74 75 
1 2868 2228
0 1 5 5037 76 77 78 5036 
1 333 2909
0 1 4 79 5038 80 4944 
1 371 2581
0 1 6 81 82 5039 83 4943 84 
0 1 7 5040 4942 85 86 87 88 89 
1 993 1210
1 2082 3855
1 1263 532
1 1584 1732
0 1 4 5041 90 91 92 
1 4087 3380
0 1 6 5042 4941 93 94 95 96 
0 1 2 97 98 
1 3731 1524
0 1 7 99 100 101 5044 102 5043 4940 
1 797 3792
0 1 6 5045 103 104 105 106 107 
0 1 6 108 109 110 111 112 113 
1 2964 3067
0 1 7 114 5047 5046 4939 4938 4937 115 
1 1310 3297
0 1 7 5048 116 4936 4935 4934 117 4933 
0 1 6 118 119 5049 120 121 122 
0 1 6 5050 4932 4931 123 124 125 
0 1 6 126 5051 127 128 129 4930 
1 2069 4235
1 2026 2276
0 1 4 130 5052 4929 4928 
0 1 7 131 5053 4927 132 4926 133 134 
1 3896 604
1 3545 5020
0 1 6 5054 4925 135 4924 4923 136 
1 3082 972
0 1 3 5055 4922 4921 
0 1 5 137 5056 138 4920 139 
0 1 6 5057 140 4919 4918 141 142 
0 1 4 143 144 145 146 
1 279 2561
0 1 7 147 148 149 150 151 5059 5058 
1 3942 2162
1 2481 1539
0 1 6 152 153 154 5060 4917 155 
0 1 5 5061 156 4916 4915 4914 
1 3975 2313
1 3124 2685
1 7 4894
0 1 5 157 158 5062 159 4913 
1 1700 1923
1 2994 2726
1 1774 1885
1 822 1386
0 1 4 5063 4912 160 4911 
1 3460 3513
1 1296 1299
0 1 3 5064 161 4910 
0 1 6 5065 4909 162 163 4908 164 
0 1 7 165 5066 4907 4906 4905 4904 4903 
0 1 5 166 167 5067 4902 168 
1 2098 1128
1 3191 419
1 5024 2489
1 1923 3399
1 2916 3288
1 2933 3853
0 1 5 5068 169 4901 4900 4899 
1 4564 649
1 1272 1681
1 1391 400
0 1 6 5069 170 4898 171 4897 4896 
0 1 5 172 5070 4895 173 174 
1 145 3573
1 1162 2328
1 4662 4546
1 1258 609
0 1 7 5071 175 4894 4893 4892 176 177 
0 1 3 178 5072 179 
1 3572 2692
1 3630 2197
1 4295 973
1 1761 4646
0 1 4 180 181 182 5073 
1 3989 4862
1 675 3679
1 2764 1081
1 3339 2222
0 1 4 5074 4891 4890 4889 
0 1 2 5075 183 
1 2613 840
0 1 5 5076 4888 4887 184 185 
1 2686 3816
1 3339 1961
0 1 5 186 5077 187 188 189 
1 406 5005
0 1 6 190 5078 4886 4885 4884 4883 
0 1 5 191 5079 4882 4881 192 
0 1 3 5080 193 194 
1 740 2151
0 1 6 195 5081 196 197 198 4880 
0 1 2 199 5082 
0 1 3 200 201 5083 
0 1 5 5084 202 4879 4878 203 
1 1725 797
1 17 1956
1 1082 2797
1 1342 3430
0 1 3 204 5085 205 
1 335 4328
1 1286 1048
0 1 7 5086 206 207 208 4877 4876 4875 
0 1 4 5087 209 210 4874 
0 1 5 5088 211 4873 212 213 
1 1280 636
1 422 1172
0 1 5 214 215 216 217 218 
1 3781 3239
1 4564 844
0 1 6 219 5090 220 5089 4872 221 
1 602 86
0 1 2 222 223 
0 1 6 224 5092 5091 225 226 4871 
0 1 6 227 228 229 230 231 232 
1 590 2340
1 974 1620
0 1 4 233 234 235 5094 
0 1 5 236 237 238 239 240 
0 1 3 5096 5095 241 
1 2792 4251
1 801 1996
0 1 3 5097 242 5093 
0 1 3 5098 243 244 
0 1 3 245 5099 246 
1 2918 5100
0 1 6 5100 4870 4869 4868 247 248 
0 1 4 5101 249 250 251 
0 1 6 252 253 254 5102 4867 4866 
0 1 3 255 5103 4865 
1 4145 133
1 2835 3735
0 1 2 5104 4864 
1 4655 3900
0 1 2 5105 4863 
1 5052 2210
1 2328 4571
1 2869 4946
1 2202 734
0 1 7 256 257 258 5106 4862 4861 4860 
1 4310 1579
1 4078 2049
1 3222 186
1 1585 2981
1 2879 3979
1 4105 1523
0 1 4 259 5107 260 4859 
1 3328 603
1 1224 3697
0 1 4 5108 4858 261 262 
1 4652 2864
0 1 3 5109 263 4857 
1 3581 7
0 1 2 5110 264 
0 1 4 265 5111 266 4856 
1 322 3181
0 1 4 267 268 269 270 
0 1 4 271 5113 5112 272 
1 1665 1791
1 565 4616
0 1 7 5114 4855 4854 4853 4852 4851 273 
1 4237 1673
1 4488 2947
0 1 6 274 275 5115 4850 4849 276 
0 1 5 5116 4848 4847 277 4846 
1 2214 4620
1 1714 1742
0 1 3 278 5117 4845 
1 4462 884
0 1 3 279 280 5118 
1 2835 553
0 1 4 281 5119 282 283 
0 1 2 5120 4844 
1 4729 2751
1 2961 4072
1 3924 942
1 293 3273
0 1 5 5121 4843 4842 4841 4840 
0 1 3 5122 284 285 
0 1 5 5123 4839 4838 286 4837 
0 1 6 5124 287 288 4836 289 290 
1 1560 3389
0 1 4 5125 4835 4834 4833 
0 1 5 5126 4832 291 4831 292 
0 1 3 5127 293 4830 
1 2823 1702
0 1 3 5128 4829 4828 
0 1 6 5129 294 4827 4826 4825 295 
0 1 3 5130 4824 4823 
0 1 3 5131 296 297 
0 1 6 5132 4822 298 299 4821 4820 
1 4928 3161
0 1 5 5133 300 301 302 4819 
1 2803 4118
0 1 5 5134 4818 303 4817 4816 
1 3838 2559
1 4210 972
1 3338 4409
0 1 6 304 305 5135 306 307 308 
0 1 6 5136 4815 309 310 311 312 
1 993 473
1 730 3134
1 2935 3066
1 4942 335
0 1 5 313 314 315 316 5137 
0 1 7 5138 4814 317 318 4813 4812 4811 
0 1 3 319 5139 4810 
1 986 4448
0 1 4 320 5140 4809 4808 
1 3740 1922
0 1 3 5141 4807 321 
1 2169 3904
0 1 4 5142 4806 4805 4804 
1 5113 4851
0 1 5 322 5143 4803 323 324 
0 1 7 325 5144 326 4802 4801 4800 327 
0 1 4 5145 328 4799 4798 
0 1 6 329 330 331 5146 4797 332 
1 1012 3041
1 3717 2567
0 1 2 5147 4796 
0 1 4 5148 4795 333 334 
0 1 5 335 5149 336 4794 4793 
1 3393 247
0 1 6 337 338 339 5150 4792 340 
1 322 4544
0 1 6 5151 4791 341 342 343 344 
0 1 2 345 346 
1 4244 3603
1 2973 1380
1 2512 3697
0 1 7 347 348 5153 5152 349 4790 4789 
1 183 1539
1 4746 1564
1 1515 3099
0 1 3 350 5154 351 
0 1 7 352 353 354 5155 355 4788 356 
0 1 2 357 358 
1 1203 4518
1 4505 3916
1 3192 206
0 1 5 5157 359 5156 360 4787 
0 1 7 361 362 5158 363 364 365 366 
1 352 2089
0 1 5 5159 367 368 4786 369 
0 1 2 370 5160 
1 3197 1633
0 1 6 371 5161 372 4785 4784 4783 
0 1 5 5162 373 374 4782 4781 
1 1535 3296
1 1959 120
1 3862 2556
0 1 2 5163 375 
1 2989 5093
1 299 1201
1 1251 3736
1 3782 2764
0 1 2 5164 4780 
1 4349 3815
0 1 6 376 377 5165 4779 4778 4777 
0 1 2 5166 4776 
1 3857 3523
0 1 7 378 379 5167 4775 380 381 4774 
0 1 7 5168 382 4773 383 4772 384 4771 
0 1 7 5169 4770 385 4769 4768 386 4767 
1 22 94
0 1 6 387 5170 388 389 4766 4765 
0 1 3 5171 4764 4763 
1 990 3004
1 4756 3143
0 1 7 390 391 5172 4762 4761 4760 392 
0 1 2 5173 4759 
0 1 4 393 5174 4758 394 
0 1 3 5175 4757 4756 
0 1 3 5176 395 4755 
1 3983 413
1 2975 5025
1 4823 3627
1 618 861
0 1 7 5177 396 397 398 399 4754 400 
0 1 4 401 402 403 404 
0 1 4 5179 405 406 407 
0 1 3 5180 5178 4753 
1 2659 4777
0 1 4 408 409 5181 410 
0 1 3 5182 411 412 
1 4 1805
0 1 2 413 414 
0 1 3 415 416 5184 
0 1 5 5185 417 418 419 5183 
0 1 3 5186 4752 4751 
0 1 2 420 421 
1 928 323
0 1 3 5188 5187 422 
1 3092 3812
0 1 6 423 424 5189 4750 425 426 
0 1 3 5190 427 428 
1 2083 2618
1 4561 4249
1 4036 810
1 2115 3310
0 1 6 429 5191 430 431 4749 4748 
0 1 3 432 433 434 
0 1 3 435 436 437 
1 5137 3103
1 4687 563
0 1 6 5194 5193 438 5192 4747 439 
1 323 2431
0 1 6 440 5195 441 442 4746 4745 
1 4103 2779
0 1 5 443 444 445 5196 4744 
1 4611 1027
1 4170 3699
1 1101 251
1 4315 5142
0 1 7 446 5197 447 4743 448 4742 449 
1 170 1202
0 1 2 450 451 
0 1 4 452 453 454 5199 
1 1160 3032
1 634 4134
1 3547 1679
1 980 1910
1 3793 2247
0 1 3 455 5200 5198 
1 4484 4801
1 826 1252
1 892 537
0 1 6 5201 4741 4740 4739 4738 456 
1 1788 296
0 1 2 457 5202 
0 1 4 458 459 460 461 
1 1752 4140
0 1 6 462 5204 463 464 465 5203 
0 1 4 466 5205 4737 467 
1 440 672
0 1 5 5206 468 4736 4735 469 
1 4273 4976
1 2641 5165
0 1 5 5207 470 471 4734 4733 
0 1 5 5208 472 473 474 4732 
1 3000 4254
0 1 7 475 476 477 5209 478 479 480 
0 1 3 5210 4731 481 
0 1 7 482 5211 4730 4729 4728 483 484 
1 172 903
0 1 7 5212 4727 485 486 487 4726 4725 
0 1 6 488 489 490 5213 491 492 
0 1 3 493 494 5214 
0 1 7 5215 495 496 4724 4723 497 498 
1 1862 1611
0 1 5 5216 4722 4721 499 4720 
0 1 6 5217 4719 500 4718 4717 4716 
0 1 6 501 502 5218 503 4715 4714 
1 3782 3586
0 1 7 5219 504 505 4713 4712 4711 506 
1 1410 3965
0 1 3 507 5220 4710 
0 1 4 5221 4709 508 4708 
0 1 3 509 510 5222 
0 1 4 511 512 5223 4707 
1 2815 1049
1 2832 4209
0 1 5 5224 513 4706 514 515 
0 1 7 5225 516 517 518 4705 519 4704 
0 1 2 5226 520 
0 1 7 5227 4703 521 4702 522 4701 4700 
0 1 6 523 5228 4699 4698 524 4697 
1 2147 863
0 1 2 525 5229 
0 1 3 5230 4696 4695 
0 1 7 5231 4694 526 4693 527 528 4692 
1 4875 682
0 1 3 529 5232 530 
0 1 3 531 532 5233 
0 1 5 533 5234 534 4691 535 
0 1 2 536 5235 
0 1 6 537 538 5236 4690 539 540 
1 4394 274
1 2944 627
1 3788 1575
0 1 4 541 5237 542 4689 
1 3582 1981
1 4786 2292
0 1 6 543 5238 4688 544 545 546 
0 1 2 547 548 
0 1 5 549 550 551 5240 552 
0 1 5 5241 5239 4687 4686 553 
0 1 7 5242 554 555 556 4685 557 4684 
0 1 2 5243 558 
0 1 5 5244 4683 4682 559 560 
0 1 3 5245 561 562 
0 1 6 563 5246 564 4681 4680 565 
1 2187 2728
0 1 5 5247 566 567 4679 568 
1 2154 3081
0 1 4 569 570 5248 571 
1 5086 216
1 51 3688
0 1 5 5249 572 573 4678 4677 
0 1 3 5250 4676 574 
1 3649 2909
0 1 3 5251 4675 575 
0 1 6 576 577 578 5252 4674 579 
0 1 4 580 5253 4673 4672 
0 1 2 581 5254 
1 3673 4591
1 3692 1
1 2812 3778
0 1 6 5255 582 4671 4670 4669 4668 
1 2147 4265
1 4967 3249
0 1 7 583 5256 584 585 586 4667 587 
0 1 5 588 5257 589 4666 4665 
0 1 2 5258 4664 
0 1 2 5259 590 
1 1549 163
0 1 4 591 592 593 5260 
0 1 5 5261 594 4663 4662 4661 
0 1 6 5262 595 4660 596 4659 4658 
1 1933 4017
0 1 7 5263 4657 4656 597 598 599 4655 
0 1 7 600 601 602 5264 603 604 605 
0 1 7 606 607 608 5265 609 4654 610 
0 1 4 611 5266 4653 612 
1 1877 1387
1 2185 109
1 5240 2264
0 1 5 613 614 5267 4652 615 
0 1 6 616 5268 617 4651 618 619 
1 2659 4385
0 1 2 5269 620 
1 847 2257
0 1 3 621 5270 622 
1 745 5129
0 1 3 623 5271 624 
1 2758 3970
0 1 7 5272 4650 4649 4648 625 626 627 
0 1 3 5273 628 4647 
0 1 6 629 630 5274 631 632 633 
0 1 4 634 5275 635 4646 
0 1 5 636 637 5276 4645 4644 
1 3030 1350
0 1 3 5277 4643 638 
1 3185 3477
0 1 7 639 640 641 642 5278 4642 4641 
1 2405 3402
1 254 3957
1 2724 4518
1 5198 2102
0 1 3 643 5279 644 
0 1 5 5280 645 4640 4639 4638 
0 1 3 646 5281 647 
0 1 4 5282 648 4637 649 
1 1696 4944
0 1 5 5283 650 4636 651 652 
1 1451 670
0 1 7 653 5284 654 4635 655 4634 4633 
0 1 3 656 657 5285 
1 3333 992
1 2600 3437
0 1 7 5286 658 4632 4631 659 660 4630 
1 795 3891
0 1 5 5287 4629 4628 661 4627 
1 5084 488
1 1126 5220
1 18 4569
1 4685 4184
1 1067 1889
1 2861 473
1 3566 1124
1 837 1116
0 1 7 5288 662 663 4626 4625 4624 4623 
0 1 2 664 665 
0 1 3 666 5290 5289 
1 2037 4918
0 1 2 5291 667 
1 2179 5192
1 3927 1799
0 1 5 668 5292 669 4622 670 
0 1 4 5293 4621 4620 671 
1 406 3147
0 1 5 672 5294 673 4619 4618 
0 1 7 674 5295 4617 4616 675 676 4615 
1 4971 3569
0 1 6 677 678 679 5296 4614 4613 
1 3869 2617
0 1 7 5297 4612 4611 680 681 4610 682 
0 1 5 683 684 5298 4609 4608 
0 1 5 5299 685 4607 4606 4605 
0 1 6 686 687 688 5300 4604 689 
1 1961 4817
0 1 7 690 5301 691 4603 692 4602 4601 
0 1 4 5302 693 694 4600 
1 1260 1328
1 1572 3636
1 2965 4455
0 1 4 695 696 5303 697 
0 1 3 698 699 700 
1 3493 1344
1 4183 1076
0 1 7 5305 5304 701 702 703 4599 4598 
0 1 2 5306 704 
0 1 3 5307 4597 4596 
1 1062 4082
1 2051 4485
1 4622 4596
1 1030 2406
1 3708 4747
1 925 2086
1 4320 75
0 1 6 705 706 5308 4595 4594 4593 
0 1 3 5309 4592 707 
1 2571 2336
1 3907 1269
1 1470 3034
1 1932 1715
1 3833 672
0 1 5 5310 4591 708 4590 4589 
1 486 4015
0 1 3 5311 709 4588 
1 4819 3041
1 2035 2883
0 1 5 5312 710 711 4587 712 
1 2624 3868
1 3766 3539
0 1 7 5313 713 4586 4585 714 715 4584 
1 2995 3796
0 1 4 716 5314 4583 4582 
0 1 5 5315 4581 4580 717 718 
1 482 4621
1 111 2461
0 1 4 719 720 5316 721 
1 3021 3214
1 5117 2023
1 2615 1743
0 1 5 722 5317 4579 4578 4577 
0 1 3 723 724 725 
0 1 6 5319 726 5318 727 728 4576 
0 1 4 5320 4575 729 730 
1 4402 2688
0 1 6 5321 731 4574 4573 4572 732 
0 1 4 5322 4571 4570 4569 
1 1274 3297
1 701 2977
1 804 2669
1 2616 1588
1 2427 643
1 334 94
1 1088 4329
1 1143 2336
0 1 4 5323 4568 733 4567 
1 5261 2066
1 3084 763
0 1 3 5324 734 735 
1 2526 1977
1 703 3920
0 1 6 736 737 5325 738 739 740 
1 4336 2516
1 2112 2043
0 1 4 5326 4566 741 4565 
0 1 4 5327 4564 4563 742 
0 1 3 5328 4562 743 
0 1 4 5329 744 745 4561 
0 1 5 5330 4560 746 4559 4558 
1 3754 5177
0 1 5 5331 4557 4556 747 748 
1 3010 254
0 1 3 5332 4555 4554 
1 3652 3688
0 1 5 749 750 751 752 5333 
0 1 7 753 754 5334 755 4553 756 757 
0 1 4 5335 758 759 4552 
0 1 7 760 5336 761 4551 4550 4549 762 
1 1593 5044
0 1 3 763 764 5337 
1 1248 5047
1 3325 3944
1 111 5171
1 2836 3803
0 1 3 765 5338 766 
1 4919 1603
0 1 6 5339 4548 767 4547 768 4546 
1 4082 1963
0 1 2 5340 4545 
0 1 2 5341 769 
0 1 5 770 771 5342 4544 772 
0 1 3 5343 773 4543 
0 1 6 774 5344 4542 4541 4540 775 
0 1 7 776 777 5345 4539 4538 778 779 
1 3311 5088
1 1572 4866
1 1661 4401
1 3908 2409
1 3108 38
0 1 4 5346 4537 4536 4535 
0 1 3 780 781 5347 
0 1 6 782 5348 783 4534 4533 4532 
0 1 6 5349 4531 784 4530 4529 4528 
0 1 7 5350 785 4527 4526 4525 786 787 
1 4566 2304
1 4125 751
1 3518 2316
1 4844 3052
1 1310 2793
1 4302 2480
0 1 2 788 5351 
0 1 3 5352 789 4524 
0 1 2 5353 790 
1 975 4698
1 740 3802
0 1 6 5354 4523 4522 4521 4520 4519 
1 2506 4275
1 1203 1072
0 1 3 5355 791 792 
1 100 4578
1 1301 5280
0 1 5 793 5356 794 4518 795 
0 1 2 796 5357 
1 4426 970
1 1887 3214
0 1 5 797 5358 798 799 800 
1 2991 2187
0 1 5 5359 4517 4516 801 4515 
0 1 2 802 803 
0 1 3 5361 5360 4514 
0 1 3 804 805 5362 
0 1 3 806 5363 4513 
0 1 5 807 5364 808 4512 809 
0 1 3 810 811 812 
0 1 2 5366 5365 
0 1 4 5367 4511 4510 4509 
0 1 7 813 814 5368 4508 4507 815 816 
0 1 7 5369 4506 4505 4504 4503 4502 817 
0 1 6 818 819 820 5370 4501 4500 
1 3469 4724
0 1 4 821 822 5371 823 
0 1 6 5372 4499 4498 4497 4496 824 
0 1 4 5373 4495 825 4494 
0 1 6 5374 4493 826 827 4492 828 
1 5073 3239
1 4889 4163
0 1 6 5375 4491 4490 829 4489 4488 
0 1 7 830 831 5376 4487 832 4486 4485 
0 1 7 5377 4484 833 834 835 4483 836 
1 4932 4707
0 1 6 5378 4482 4481 837 838 4480 
0 1 4 5379 839 840 841 
0 1 5 5380 4479 842 843 844 
0 1 7 845 846 5381 4478 847 4477 848 
0 1 6 849 5382 4476 850 851 852 
1 5066 454
1 2720 2283
1 3011 2618
0 1 5 853 854 855 856 5383 
1 3248 4560
1 2585 3413
0 1 6 5384 4475 4474 857 4473 4472 
1 2737 3879
0 1 5 5385 858 859 860 4471 
0 1 4 5386 861 4470 862 
1 3473 2915
0 1 7 5387 863 864 4469 865 866 4468 
0 1 6 5388 4467 4466 4465 867 4464 
0 1 6 5389 868 869 4463 4462 870 
1 1840 1275
1 2813 2533
1 3181 1532
1 4231 2883
0 1 3 871 5390 872 
1 2253 4118
1 1048 4428
0 1 5 5391 873 4461 4460 874 
1 532 1183
1 2522 2568
1 720 2633
0 1 3 5392 875 4459 
0 1 7 876 5393 877 4458 878 879 4457 
0 1 6 5394 4456 4455 880 4454 4453 
1 2868 242
0 1 6 881 5395 4452 4451 882 4450 
1 5122 156
1 1101 2102
0 1 4 883 5396 4449 4448 
0 1 4 5397 4447 884 885 
0 1 7 5398 4446 4445 886 4444 4443 4442 
1 2155 4258
0 1 6 887 888 5399 4441 889 890 
1 2433 2809
1 3491 2941
1 1205 635
1 3019 3026
0 1 6 5400 4440 891 892 893 894 
1 667 319
1 2559 2047
1 2104 535
1 3441 4226
0 1 3 5401 895 4439 
1 2617 4927
0 1 3 5402 4438 4437 
0 1 4 896 5403 4436 4435 
1 1478 1586
0 1 2 5404 897 
0 1 2 898 899 
1 5139 4868
1 1288 4509
1 2311 4687
1 1336 2640
0 1 4 5406 900 5405 901 
0 1 7 5407 4434 902 903 4433 4432 904 
1 2503 21
1 664 342
1 1905 156
0 1 4 905 906 907 908 
0 1 4 5409 909 5408 4431 
0 1 7 5410 910 4430 911 912 913 914 
0 1 5 915 5411 4429 916 917 
1 5055 2173
0 1 3 5412 4428 918 
1 175 309
1 286 4059
0 1 6 919 920 5413 921 922 4427 
1 5087 3589
1 4018 1331
0 1 5 923 5414 924 4426 925 
1 844 1822
0 1 7 5415 926 927 928 929 4425 930 
1 2655 2213
0 1 4 5416 4424 931 4423 
1 4088 2837
1 716 596
1 1929 4682
0 1 3 932 933 934 
1 372 3006
0 1 7 935 5418 936 5417 4422 4421 937 
0 1 6 5419 938 4420 939 4419 4418 
1 4074 196
0 1 5 5420 4417 940 941 4416 
1 2027 4927
1 2285 3812
0 1 2 5421 4415 
1 4602 535
0 1 2 942 943 
0 1 6 944 945 946 5423 947 5422 
1 1811 818
0 1 4 5424 4414 4413 4412 
1 4881 1139
1 4235 651
1 2963 4319
1 640 1795
1 4069 1922
1 2073 2019
0 1 2 948 949 
0 1 2 5426 5425 
1 5314 3105
0 1 4 5427 950 951 952 
1 2065 3910
1 1024 3737
1 1750 1189
0 1 6 953 5428 4411 4410 4409 4408 
0 1 4 5429 4407 954 4406 
1 1248 2203
0 1 4 955 956 5430 4405 
1 2488 4745
1 5239 183
1 1601 843
1 373 2675
1 834 296
0 1 2 5431 957 
1 3236 2414
1 4491 3603
1 5087 4883
1 198 2695
1 1648 2
1 202 5386
0 1 3 5432 4404 4403 
1 4743 1775
0 1 4 5433 4402 958 959 
0 1 3 5434 960 961 
1 1823 2889
0 1 5 5435 4401 962 963 4400 
0 1 5 964 965 966 5436 967 
0 1 6 5437 968 4399 4398 969 970 
1 1782 2047
0 1 3 5438 4397 971 
1 4025 1523
1 2603 2543
1 5176 2282
1 4905 4567
0 1 4 5439 4396 4395 972 
1 2739 4714
1 679 1019
1 5381 3433
0 1 7 973 5440 974 975 4394 4393 976 
0 1 7 977 5441 4392 978 4391 979 4390 
0 1 5 980 5442 4389 4388 981 
1 3418 181
1 4576 1110
0 1 4 5443 4387 982 4386 
1 4355 4704
0 1 3 5444 4385 4384 
1 1876 4315
0 1 7 983 5445 984 985 986 4383 987 
0 1 6 988 5446 4382 989 990 4381 
1 5217 809
0 1 5 991 992 993 994 995 
0 1 2 996 997 
0 1 4 5449 5448 5447 4380 
1 971 5060
0 1 4 998 5450 999 4379 
1 4477 742
1 1473 4509
1 4348 2661
1 702 2434
0 1 2 5451 4378 
1 880 2244
1 3644 1914
0 1 2 5452 4377 
0 1 7 1000 5453 1001 4376 4375 1002 4374 
1 562 654
1 5401 5364
0 1 5 1003 5454 4373 1004 1005 
1 3066 3687
0 1 2 1006 5455 
0 1 2 1007 5456 
1 2567 3773
1 4527 857
1 3443 4214
1 4351 1770
1 1199 2620
1 572 2554
1 1531 5143
0 1 3 1008 5457 4372 
1 4914 390
1 1212 4299
1 4539 5045
1 2630 3616
0 1 2 5458 4371 
1 4329 1480
0 1 2 5459 4370 
1 519 3980
1 3112 3978
0 1 2 1009 5460 
0 1 5 1010 5461 4369 4368 1011 
0 1 7 1012 5462 4367 4366 1013 1014 1015 
0 1 3 1016 5463 1017 
0 1 6 1018 5464 4365 4364 4363 1019 
1 190 4686
1 409 1383
0 1 4 5465 4362 1020 4361 
0 1 5 1021 5466 4360 1022 1023 
0 1 3 1024 1025 1026 
1 2828 267
1 3906 19
0 1 7 1027 5468 1028 1029 5467 4359 1030 
0 1 4 1031 1032 1033 1034 
0 1 6 5470 1035 1036 1037 5469 1038 
0 1 5 1039 1040 5471 1041 4358 
1 760 202
1 1092 2342
1 631 930
0 1 5 5472 4357 1042 1043 1044 
0 1 6 5473 1045 4356 4355 1046 1047 
0 1 7 5474 1048 4354 1049 4353 4352 1050 
1 2103 3838
0 1 5 1051 5475 1052 4351 4350 
1 2771 1474
0 1 7 1053 1054 1055 5476 1056 4349 4348 
1 4676 1658
0 1 3 5477 1057 4347 
1 3219 3444
1 2456 274
0 1 4 5478 1058 1059 1060 
0 1 6 1061 5479 1062 1063 4346 4345 
1 637 2575
0 1 2 5480 4344 
0 1 6 5481 1064 1065 4343 1066 1067 
0 1 4 1068 5482 1069 1070 
1 4176 1026
1 2401 2276
0 1 2 1071 5483 
0 1 2 1072 1073 
1 848 4660
1 808 1246
1 5362 5127
1 951 3313
1 4116 4383
0 1 4 1074 1075 5485 5484 
1 1489 5427
0 1 6 1076 5486 1077 4342 1078 1079 
1 846 3809
0 1 7 5487 4341 1080 1081 1082 1083 4340 
0 1 4 5488 4339 4338 4337 
0 1 5 5489 4336 1084 4335 1085 
0 1 2 1086 1087 
0 1 7 1088 1089 1090 1091 1092 1093 5491 
0 1 4 1094 5492 1095 1096 
1 428 2864
1 1756 1305
1 4173 4936
1 4007 5009
0 1 3 1097 1098 5493 
0 1 7 1099 1100 5494 1101 1102 1103 1104 
1 1143 666
0 1 3 5495 5490 4334 
1 1846 3708
1 256 1656
1 1439 3486
1 3241 567
1 4204 4994
1 2263 3034
0 1 5 1105 1106 1107 1108 1109 
1 4799 5288
1 2592 1588
1 245 4060
0 1 5 5497 1110 1111 5496 1112 
0 1 2 1113 5498 
1 1606 4056
1 239 3285
1 4392 3844
0 1 3 5499 4333 4332 
0 1 6 5500 1114 1115 4331 1116 1117 
0 1 4 5501 1118 4330 1119 
0 1 4 1120 5502 1121 1122 
1 3696 4264
0 1 3 1123 1124 5503 
1 1866 3779
0 1 2 1125 1126 
0 1 5 1127 1128 1129 5505 1130 
0 1 7 5506 1131 5504 4329 4328 4327 1132 
1 558 1799
0 1 5 5507 4326 4325 4324 1133 
0 1 2 5508 1134 
1 2777 1676
0 1 6 5509 4323 1135 4322 1136 4321 
0 1 2 1137 1138 
1 5188 5002
1 2919 2118
1 5240 2673
0 1 5 1139 5511 5510 4320 4319 
0 1 3 5512 4318 1140 
1 4738 79
1 4437 4395
1 826 4481
0 1 5 5513 4317 4316 4315 1141 
0 1 5 5514 1142 1143 1144 1145 
1 2085 4695
0 1 2 1146 5515 
1 5012 464
1 3352 387
0 1 2 1147 5516 
0 1 2 1148 5517 
1 3074 2321
0 1 3 1149 5518 1150 
1 3936 4047
1 4005 454
1 2717 926
0 1 2 5519 4314 
0 1 7 1151 1152 5520 1153 1154 4313 1155 
1 538 155
1 2951 1288
0 1 3 1156 1157 5521 
1 1192 2534
1 1487 4328
1 2256 260
0 1 6 5522 4312 4311 4310 4309 1158 
1 4981 4142
1 4974 4728
1 4643 1272
1 3325 3884
1 67 2661
0 1 4 1159 5523 1160 4308 
0 1 2 1161 5524 
1 2027 527
1 1869 3050
1 3081 2826
1 4166 1293
0 1 7 1162 5525 4307 1163 4306 4305 1164 
1 4868 4062
0 1 7 5526 1165 1166 1167 1168 1169 1170 
1 295 3204
1 2054 1397
1 3600 1305
1 3512 3892
0 1 6 5527 1171 4304 1172 1173 1174 
0 1 2 1175 1176 
0 1 2 5529 5528 
1 3230 5371
0 1 7 5530 4303 1177 1178 4302 4301 1179 
1 1115 4654
0 1 7 5531 4300 4299 4298 4297 1180 4296 
1 2513 4863
0 1 2 5532 4295 
1 1566 200
0 1 2 5533 4294 
1 360 2805
1 1183 2429
0 1 6 5534 4293 1181 4292 1182 4291 
1 768 5059
0 1 7 1183 1184 1185 5535 4290 4289 4288 
1 3340 3588
1 3207 4761
1 4436 3778
1 4720 4997
0 1 7 5536 4287 1186 4286 4285 1187 1188 
1 3005 5358
0 1 6 5537 1189 4284 4283 4282 4281 
0 1 6 1190 5538 1191 1192 1193 1194 
0 1 2 5539 1195 
0 1 2 1196 5540 
1 1881 3407
1 4468 4466
0 1 5 5541 4280 1197 4279 4278 
1 4039 5170
1 654 939
0 1 3 5542 4277 1198 
0 1 3 1199 1200 5543 
1 2576 4431
0 1 2 1201 5544 
0 1 5 5545 1202 4276 4275 4274 
1 740 2646
0 1 3 1203 5546 4273 
0 1 4 1204 5547 4272 1205 
0 1 5 1206 1207 5548 4271 1208 
0 1 7 5549 1209 4270 4269 1210 4268 4267 
0 1 7 5550 4266 1211 4265 1212 1213 4264 
1 908 4452
0 1 5 1214 1215 1216 5551 1217 
0 1 6 5552 4263 4262 1218 4261 1219 
1 844 3869
0 1 7 1220 5553 4260 4259 4258 4257 4256 
0 1 2 1221 1222 
1 298 2634
0 1 3 5555 1223 5554 
1 5449 2788
1 2756 4252
0 1 4 5556 1224 1225 4255 
1 4369 2394
1 2666 3671
1 4070 4148
1 1254 1074
0 1 2 5557 1226 
0 1 6 1227 5558 4254 1228 1229 4253 
0 1 3 5559 4252 4251 
0 1 7 1230 1231 5560 1232 4250 1233 4249 
0 1 4 5561 4248 4247 1234 
1 1430 3080
0 1 7 5562 1235 1236 1237 4246 1238 1239 
0 1 4 1240 1241 1242 1243 
1 560 2678
1 729 3449
0 1 3 1244 5564 5563 
1 5416 4745
1 1812 3636
1 3643 2119
1 937 1076
1 1454 3933
1 2237 939
1 5537 978
1 4069 319
1 515 3591
0 1 7 1245 5565 1246 1247 4245 4244 4243 
0 1 5 1248 5566 1249 4242 4241 
1 1304 4823
0 1 6 5567 4240 4239 4238 4237 1250 
0 1 7 5568 1251 1252 4236 4235 4234 1253 
0 1 5 1254 5569 1255 1256 1257 
0 1 4 5570 4233 1258 4232 
0 1 4 5571 1259 4231 1260 
0 1 3 5572 1261 1262 
0 1 3 5573 4230 4229 
1 3138 4878
1 3216 191
0 1 6 5574 4228 1263 1264 1265 1266 
0 1 3 1267 1268 5575 
0 1 4 1269 5576 1270 1271 
1 3368 1720
0 1 4 1272 5577 4227 4226 
0 1 3 5578 1273 4225 
0 1 2 1274 1275 
0 1 4 1276 5580 5579 4224 
1 5172 4850
1 5289 3701
1 1552 5340
1 653 3225
0 1 5 5581 1277 1278 1279 4223 
1 3735 2176
0 1 3 1280 1281 1282 
0 1 5 1283 5583 5582 1284 1285 
0 1 4 5584 1286 1287 1288 
0 1 7 1289 5585 4222 1290 1291 1292 1293 
0 1 4 1294 5586 4221 1295 
1 235 4742
0 1 5 5587 4220 1296 4219 1297 
1 2116 4528
0 1 2 1298 1299 
1 5096 5395
0 1 6 5589 5588 4218 4217 1300 1301 
1 3238 1975
1 4109 743
0 1 5 5590 4216 1302 4215 4214 
0 1 6 5591 1303 1304 4213 4212 1305 
0 1 5 5592 4211 4210 4209 4208 
0 1 4 5593 1306 1307 1308 
0 1 4 5594 1309 1310 1311 
0 1 7 5595 1312 1313 4207 1314 1315 4206 
1 4832 4029
1 4666 4020
1 182 4396
1 3904 3183
0 1 4 1316 1317 5596 1318 
0 1 5 5597 1319 1320 4205 4204 
0 1 6 1321 1322 5598 1323 1324 1325 
1 2952 2576
0 1 3 1326 5599 4203 
0 1 3 1327 5600 1328 
0 1 2 1329 5601 
0 1 7 1330 1331 1332 5602 4202 1333 1334 
0 1 7 1335 1336 1337 1338 1339 1340 5603 
0 1 2 1341 5604 
1 5506 3709
0 1 5 5605 1342 1343 1344 4201 
1 3524 4077
1 810 4836
1 2391 352
1 2540 2380
1 2030 1461
1 5558 3585
1 4037 2982
0 1 7 5606 4200 4199 4198 1345 1346 1347 
0 1 3 5607 4197 1348 
1 4606 3510
0 1 3 1349 1350 1351 
0 1 5 5609 1352 1353 1354 1355 
1 3480 30
1 2349 3129
1 3034 4232
0 1 7 1356 5610 1357 1358 5608 4196 4195 
0 1 2 1359 1360 
0 1 4 1361 5612 1362 1363 
1 1166 930
0 1 6 5613 1364 1365 5611 4194 1366 
1 4798 5272
0 1 6 5614 1367 4193 4192 1368 4191 
0 1 3 1369 5615 4190 
1 3438 431
0 1 6 5616 4189 1370 4188 1371 1372 
1 3326 2791
0 1 6 5617 1373 4187 4186 1374 4185 
0 1 5 1375 1376 1377 5618 1378 
1 2290 4374
1 3161 5061
1 1019 3268
0 1 7 1379 1380 5619 1381 1382 4184 1383 
1 4625 1934
1 883 2232
0 1 4 1384 5620 4183 1385 
0 1 2 5621 4182 
0 1 3 5622 1386 1387 
0 1 3 5623 4181 4180 
1 5385 2590
0 1 5 5624 1388 4179 4178 4177 
1 3891 2432
0 1 7 5625 1389 4176 4175 4174 4173 4172 
0 1 2 1390 1391 
0 1 6 1392 1393 1394 5627 1395 1396 
1 1780 2135
0 1 5 1397 1398 5628 5626 4171 
0 1 4 5629 4170 1399 1400 
1 2826 3406
0 1 6 5630 4169 1401 1402 4168 4167 
1 4111 740
0 1 6 1403 5631 4166 1404 1405 4165 
0 1 3 1406 1407 5632 
0 1 6 1408 1409 5633 4164 4163 1410 
1 621 4758
1 2970 2438
0 1 4 5634 4162 4161 4160 
0 1 5 5635 1411 4159 4158 4157 
1 4424 5347
0 1 4 1412 5636 4156 1413 
1 5506 4089
0 1 7 5637 4155 4154 1414 4153 1415 1416 
1 5637 3904
1 5187 1125
0 1 2 5638 4152 
0 1 4 1417 1418 1419 1420 
1 2404 4602
0 1 2 5640 1421 
0 1 3 5641 1422 5639 
1 1141 3574
1 3341 1089
0 1 3 5642 4151 4150 
1 3106 58
1 5073 3906
1 3078 3376
0 1 6 5643 1423 4149 1424 1425 4148 
1 1394 5539
1 3656 5464
0 1 4 5644 1426 4147 4146 
1 5645 1222
0 1 7 1427 5645 1428 1429 4145 4144 1430 
1 4835 661
1 1988 4191
0 1 4 1431 1432 5646 4143 
0 1 4 1433 5647 4142 4141 
1 3004 774
1 3943 3222
0 1 7 1434 1435 1436 5648 1437 4140 1438 
1 2553 1262
1 3297 1668
0 1 2 1439 1440 
1 5002 3638
0 1 4 1441 5650 5649 4139 
1 5065 593
1 1930 5316
0 1 3 5651 1442 4138 
0 1 5 1443 5652 1444 1445 1446 
1 646 3539
1 4410 4253
1 4395 929
0 1 5 1447 5653 1448 1449 1450 
1 760 1609
1 1633 4689
0 1 2 1451 5654 
1 4491 348
0 1 7 5655 4137 4136 4135 1452 4134 1453 
0 1 3 5656 1454 4133 
1 4264 5444
0 1 7 5657 4132 1455 1456 4131 1457 1458 
1 2257 2581
0 1 4 5658 4130 4129 1459 
1 1018 1197
0 1 7 5659 4128 1460 4127 1461 1462 1463 
1 4700 1232
1 4231 120
1 2542 5581
0 1 2 5660 4126 
1 3496 1764
0 1 2 1464 5661 
1 1636 4768
0 1 4 5662 1465 4125 4124 
1 2317 3211
0 1 6 5663 4123 4122 1466 1467 4121 
0 1 4 1468 1469 5664 1470 
1 1721 2033
1 1894 3737
1 1288 3525
1 5481 2755
1 192 5620
1 4172 923
0 1 5 1471 1472 1473 1474 5665 
1 1626 2632
0 1 6 5666 4120 4119 4118 1475 1476 
0 1 2 5667 4117 
0 1 5 1477 5668 4116 1478 1479 
1 2337 198
1 388 3661
0 1 5 5669 4115 4114 1480 4113 
0 1 6 5670 4112 4111 1481 4110 1482 
1 5574 2366
1 587 2953
1 4140 5182
1 3824 670
0 1 5 1483 5671 1484 4109 4108 
0 1 7 5672 4107 1485 4106 1486 4105 4104 
1 5434 576
0 1 4 5673 1487 1488 1489 
1 1732 362
0 1 3 5674 1490 4103 
1 5042 4247
0 1 2 1491 5675 
0 1 7 1492 1493 5676 4102 1494 1495 4101 
0 1 7 5677 1496 1497 4100 4099 4098 1498 
1 3852 1898
1 5669 2604
1 4811 621
1 5128 1010
0 1 3 1499 1500 5678 
1 4416 892
0 1 3 1501 5679 1502 
1 1769 239
1 232 1396
0 1 5 1503 5680 4097 4096 1504 
0 1 3 5681 4095 4094 
0 1 2 5682 1505 
0 1 5 1506 1507 1508 1509 5683 
0 1 4 1510 5684 1511 4093 
1 2503 3378
1 530 1193
0 1 4 5685 1512 1513 1514 
0 1 6 5686 1515 4092 4091 4090 4089 
0 1 2 1516 1517 
0 1 3 5688 5687 4088 
0 1 5 1518 5689 4087 1519 1520 
0 1 3 5690 4086 4085 
1 5562 936
0 1 2 5691 1521 
1 2536 4676
0 1 6 1522 1523 1524 1525 5692 4084 
1 603 5233
1 5429 5500
0 1 5 5693 1526 1527 4083 4082 
1 1020 4877
1 5123 170
0 1 2 1528 5694 
0 1 6 1529 1530 5695 1531 1532 4081 
0 1 3 5696 4080 1533 
1 3933 4055
1 397 2955
0 1 6 5697 4079 1534 4078 1535 1536 
1 1659 5617
0 1 7 5698 1537 1538 1539 1540 4077 1541 
1 2295 453
0 1 7 5699 1542 4076 1543 4075 1544 4074 
1 1937 490
0 1 6 5700 4073 1545 1546 1547 1548 
1 3083 2476
1 3145 2607
1 2872 1167
1 574 243
1 2060 4367
0 1 7 5701 1549 4072 1550 4071 1551 4070 
1 2682 585
0 1 5 1552 5702 1553 4069 4068 
0 1 6 1554 5703 1555 4067 1556 1557 
0 1 7 1558 5704 4066 4065 4064 4063 1559 
1 5591 2809
0 1 3 1560 5705 1561 
1 3272 5198
0 1 3 5706 1562 4062 
1 5488 1130
1 5506 1126
1 1027 256
0 1 3 1563 5707 4061 
0 1 3 1564 1565 1566 
1 459 3252
0 1 5 5709 5708 1567 1568 4060 
0 1 2 5710 1569 
0 1 7 5711 1570 1571 4059 1572 1573 1574 
1 5098 3414
0 1 3 5712 1575 1576 
0 1 7 5713 1577 1578 1579 1580 1581 1582 
1 153 165
0 1 3 5714 4058 1583 
0 1 4 5715 1584 1585 4057 
0 1 4 5716 1586 4056 4055 
1 5670 2154
1 2907 136
0 1 7 1587 1588 5717 1589 1590 1591 1592 
0 1 4 1593 1594 5718 4054 
1 3120 3048
0 1 5 5719 4053 4052 4051 4050 
1 2477 1527
0 1 5 1595 1596 1597 5720 4049 
1 5639 5423
1 4346 4121
1 606 2526
1 5596 5065
0 1 4 5721 4048 4047 4046 
0 1 4 1598 1599 1600 1601 
1 4836 5097
1 822 525
1 4872 2045
1 390 2803
1 5422 5288
0 1 2 5723 1602 
1 1932 4707
0 1 7 5724 1603 5722 4045 1604 1605 4044 
1 5323 4930
1 3344 3631
1 1531 889
0 1 2 1606 5725 
1 4923 2579
0 1 6 1607 1608 1609 5726 4043 1610 
1 2189 4358
1 2116 5287
1 3081 4497
1 68 4730
1 3531 2373
1 2091 1407
0 1 4 5727 4042 4041 1611 
1 2177 752
0 1 4 5728 1612 4040 1613 
1 262 2177
0 1 3 5729 4039 1614 
1 3445 4094
0 1 4 1615 1616 1617 1618 
0 1 4 1619 5731 1620 5730 
0 1 7 5732 1621 1622 1623 1624 4038 1625 
1 4159 5213
1 5726 5025
0 1 5 5733 4037 1626 1627 1628 
0 1 6 5734 4036 1629 4035 1630 1631 
0 1 2 1632 5735 
0 1 4 5736 1633 1634 1635 
0 1 3 1636 1637 1638 
0 1 4 1639 5738 5737 1640 
0 1 6 5739 4034 4033 1641 4032 4031 
1 4071 2880
0 1 4 5740 1642 4030 4029 
1 3946 4117
0 1 5 1643 5741 1644 1645 4028 
0 1 7 1646 1647 5742 1648 4027 4026 4025 
1 5106 2769
1 2376 4390
1 1991 2353
1 1714 5090
1 3859 5369
0 1 7 5743 4024 1649 4023 1650 4022 4021 
0 1 3 5744 1651 4020 
1 2167 3583
0 1 3 1652 5745 4019 
0 1 3 1653 5746 1654 
0 1 7 1655 1656 5747 4018 4017 1657 1658 
0 1 2 5748 4016 
1 2314 5040
0 1 3 5749 4015 4014 
1 4136 3687
0 1 6 5750 4013 1659 1660 1661 4012 
1 3775 764
1 752 2058
1 2824 2168
1 3383 1588
0 1 2 1662 5751 
1 2624 92
0 1 4 1663 1664 5752 1665 
0 1 5 5753 4011 1666 1667 1668 
1 4183 370
0 1 2 5754 1669 
1 3899 1460
0 1 7 1670 1671 5755 4010 1672 1673 1674 
0 1 4 1675 1676 1677 1678 
0 1 7 5757 1679 5756 1680 1681 1682 1683 
1 5070 562
0 1 4 1684 5758 4009 4008 
1 4313 5687
1 5337 3336
1 4600 1554
0 1 5 5759 1685 1686 1687 1688 
1 101 4603
0 1 5 1689 1690 1691 1692 1693 
1 4040 605
1 1739 5353
0 1 5 1694 1695 1696 5761 5760 
1 2711 812
1 1826 5543
0 1 3 1697 5762 1698 
1 1669 1542
0 1 5 1699 5763 1700 4007 4006 
1 1795 867
0 1 2 5764 4005 
1 1524 2247
1 5300 4397
0 1 2 1701 1702 
0 1 4 5766 5765 4004 4003 
1 5239 4848
0 1 5 5767 1703 4002 4001 1704 
0 1 6 1705 1706 5768 1707 1708 1709 
0 1 5 1710 1711 5769 1712 1713 
1 166 2523
1 523 3701
1 511 4626
1 3979 1927
1 4290 4270
0 1 4 5770 4000 1714 1715 
1 257 889
0 1 2 5771 3999 
0 1 6 1716 1717 1718 5772 3998 3997 
0 1 7 1719 1720 5773 3996 3995 3994 3993 
1 5064 3624
0 1 4 5774 3992 3991 1721 
1 3337 4359
1 3467 682
0 1 4 5775 3990 1722 1723 
0 1 4 1724 5776 3989 1725 
1 4703 2940
1 1441 726
1 1111 3335
1 154 3870
1 4277 2706
0 1 6 5777 3988 3987 1726 3986 3985 
1 4893 3716
1 145 4500
1 1299 3801
1 5174 4301
0 1 6 1727 5778 1728 1729 3984 1730 
0 1 2 1731 5779 
0 1 2 5780 1732 
0 1 6 5781 3983 3982 3981 3980 1733 
0 1 7 1734 1735 1736 1737 1738 5782 1739 
1 5002 4382
1 892 538
0 1 7 5783 1740 1741 3979 1742 1743 1744 
1 3685 4033
0 1 7 5784 1745 3978 1746 1747 1748 1749 
0 1 5 5785 1750 1751 1752 3977 
1 4357 3588
1 5015 3999
1 3762 5384
0 1 4 1753 1754 5786 3976 
0 1 2 1755 1756 
0 1 2 5788 5787 
0 1 3 1757 5789 1758 
0 1 2 5790 1759 
1 971 688
1 432 1016
1 4253 5785
1 2490 5110
1 1044 2111
1 5048 4280
1 2145 3377
1 1045 1095
1 72 4457
0 1 4 5791 1760 1761 1762 
1 3883 2724
1 3629 3664
0 1 3 1763 5792 1764 
1 5076 2879
1 4064 4367
0 1 2 5793 1765 
0 1 5 5794 1766 1767 3975 1768 
0 1 2 5795 3974 
0 1 6 1769 1770 1771 5796 3973 3972 
1 5572 2952
0 1 6 1772 5797 3971 3970 1773 1774 
1 4268 2176
1 3309 2603
0 1 6 5798 3969 1775 1776 3968 1777 
1 3762 3915
1 4112 655
0 1 4 1778 5799 1779 1780 
0 1 2 1781 1782 
0 1 3 1783 5801 1784 
1 1720 3747
0 1 4 5802 5800 1785 3967 
0 1 6 5803 3966 3965 3964 1786 1787 
1 5324 4734
1 36 3334
0 1 4 5804 3963 3962 3961 
0 1 5 1788 1789 5805 3960 3959 
1 2688 4041
0 1 5 5806 3958 3957 1790 3956 
0 1 5 5807 3955 1791 3954 3953 
0 1 5 1792 1793 5808 3952 3951 
0 1 4 1794 1795 5809 1796 
1 4436 346
0 1 5 5810 3950 3949 1797 1798 
0 1 4 5811 3948 1799 1800 
0 1 5 5812 3947 1801 1802 1803 
1 5132 387
1 570 5643
0 1 5 1804 5813 1805 3946 3945 
1 4753 549
0 1 2 1806 5814 
0 1 5 5815 3944 1807 3943 1808 
1 468 355
1 4906 2360
0 1 7 5816 3942 1809 1810 1811 3941 3940 
0 1 5 1812 1813 5817 3939 3938 
1 4440 5056
1 4268 4402
1 2528 3275
1 469 1996
1 4016 5308
1 4234 2557
0 1 4 1814 1815 1816 5818 
1 4099 2563
1 5752 2149
1 5018 228
0 1 5 1817 1818 5819 3937 1819 
0 1 3 1820 1821 5820 
1 4706 4074
1 1085 273
1 1767 2771
0 1 7 1822 1823 5821 3936 3935 1824 3934 
1 146 1520
1 5808 3558
0 1 2 1825 5822 
1 3984 1320
1 111 626
0 1 6 5823 1826 3933 1827 3932 1828 
1 250 3427
1 4158 5655
0 1 2 1829 5824 
0 1 4 1830 1831 5825 1832 
0 1 2 5826 3931 
0 1 6 1833 1834 1835 5827 3930 1836 
0 1 6 5828 1837 3929 1838 3928 1839 
0 1 3 1840 1841 5829 
0 1 6 5830 3927 1842 1843 1844 3926 
0 1 6 1845 5831 1846 1847 3925 1848 
1 845 3116
0 1 6 5832 3924 1849 1850 3923 3922 
0 1 2 5833 3921 
0 1 3 1851 5834 3920 
1 103 4975
1 3063 4398
1 1542 3584
1 568 3346
1 5018 2983
1 5535 3588
0 1 4 5835 3919 1852 1853 
1 3925 2539
1 1895 1947
0 1 5 5836 3918 3917 3916 3915 
0 1 5 1854 5837 1855 3914 3913 
1 708 2162
0 1 2 1856 1857 
0 1 3 1858 5839 1859 
1 1297 637
1 1658 4511
1 3029 5098
0 1 7 5840 5838 1860 3912 1861 3911 3910 
1 77 4691
1 873 1230
0 1 7 1862 5841 1863 3909 1864 3908 1865 
1 1438 4371
1 3842 352
0 1 7 5842 1866 3907 1867 1868 3906 3905 
1 5243 756
0 1 4 5843 1869 3904 3903 
0 1 7 1870 5844 1871 1872 1873 1874 1875 
1 5069 2252
1 3122 3277
0 1 6 5845 1876 1877 1878 3902 1879 
0 1 2 1880 1881 
0 1 5 1882 1883 1884 1885 5847 
0 1 6 1886 1887 5848 5846 3901 1888 
0 1 6 1889 1890 5849 3900 1891 1892 
1 409 4568
1 4789 4216
0 1 6 1893 5850 3899 3898 1894 1895 
1 3392 5176
1 3342 1127
1 4966 116
0 1 6 5851 1896 1897 1898 1899 3897 
1 2777 5829
1 2441 224
1 2731 839
0 1 4 5852 3896 3895 3894 
0 1 5 1900 5853 1901 1902 3893 
0 1 7 1903 5854 1904 3892 1905 1906 1907 
1 777 5526
0 1 5 1908 5855 1909 1910 1911 
0 1 7 1912 5856 1913 1914 1915 1916 1917 
1 2106 1910
0 1 6 1918 1919 5857 3891 3890 3889 
0 1 6 5858 3888 1920 1921 3887 3886 
0 1 3 1922 5859 3885 
1 3685 4361
1 2576 4358
1 4318 1928
1 1821 1955
1 1744 4406
0 1 6 1923 1924 5860 3884 1925 3883 
0 1 7 1926 5861 3882 1927 3881 1928 1929 
0 1 7 1930 5862 3880 1931 3879 3878 1932 
1 1588 5207
0 1 6 5863 1933 3877 3876 3875 1934 
1 4765 3729
1 449 990
1 3129 2864
1 3308 1426
0 1 3 1935 5864 3874 
0 1 5 5865 1936 1937 3873 1938 
1 1421 773
1 3523 5402
1 239 2478
0 1 7 5866 1939 3872 1940 1941 1942 3871 
0 1 6 1943 5867 3870 3869 3868 3867 
1 5162 5556
0 1 6 5868 3866 1944 3865 1945 3864 
0 1 3 5869 3863 1946 
1 3881 2160
0 1 6 1947 1948 1949 1950 1951 5870 
1 623 355
1 658 3185
0 1 4 1952 1953 1954 5871 
1 3195 1909
0 1 2 1955 1956 
1 141 3192
1 1630 1518
0 1 3 1957 1958 5873 
0 1 5 1959 1960 5874 1961 5872 
1 3575 2652
0 1 7 1962 1963 5875 1964 1965 1966 1967 
0 1 3 1968 5876 3862 
0 1 7 5877 1969 1970 1971 1972 1973 3861 
1 5829 5190
0 1 4 1974 1975 1976 1977 
0 1 2 5879 1978 
1 2555 3327
1 1253 2124
0 1 2 5880 5878 
1 632 3606
1 3511 5109
1 4048 3444
1 4617 4195
1 3977 2405
1 2278 1135
0 1 6 1979 5881 3860 3859 1980 1981 
0 1 5 5882 3858 3857 1982 1983 
1 559 3108
0 1 2 1984 1985 
0 1 6 5884 5883 3856 3855 3854 1986 
1 2970 722
1 1453 5620
0 1 3 5885 1987 3853 
0 1 4 1988 5886 3852 1989 
1 5849 1465
1 1468 2047
0 1 4 5887 1990 3851 3850 
0 1 6 5888 1991 3849 1992 1993 3848 
0 1 4 1994 1995 5889 1996 
1 2061 3373
0 1 7 5890 3847 1997 1998 1999 2000 3846 
1 1909 2209
1 3739 4749
1 4568 4467
0 1 2 5891 2001 
1 4245 2358
1 4718 3282
1 5446 4623
0 1 7 2002 2003 5892 2004 3845 2005 3844 
1 3772 5132
1 4032 3798
0 1 4 5893 3843 2006 3842 
0 1 4 5894 2007 2008 2009 
1 316 5319
0 1 5 5895 3841 3840 2010 3839 
1 1975 1738
1 4861 4108
1 5018 4137
0 1 5 2011 2012 5896 2013 2014 
1 51 1577
1 1418 4993
0 1 4 5897 2015 3838 3837 
1 571 876
0 1 6 2016 2017 5898 2018 3836 2019 
1 2701 4982
0 1 4 5899 3835 3834 2020 
0 1 6 2021 2022 2023 5900 3833 2024 
0 1 2 5901 3832 
0 1 5 2025 2026 2027 2028 5902 
1 2684 5172
0 1 2 5903 2029 
0 1 2 5904 2030 
1 2201 2022
0 1 3 2031 5905 2032 
1 2241 997
0 1 4 5906 3831 3830 3829 
1 369 1153
1 5278 1300
0 1 4 5907 3828 3827 2033 
1 2282 3949
1 3546 4505
0 1 7 5908 3826 2034 2035 2036 2037 3825 
0 1 2 5909 3824 
1 593 2632
0 1 3 5910 3823 3822 
0 1 2 5911 2038 
0 1 6 5912 2039 2040 3821 3820 3819 
0 1 7 2041 2042 5913 2043 2044 2045 3818 
1 3790 1147
0 1 7 2046 5914 3817 3816 3815 3814 2047 
0 1 2 5915 2048 
0 1 5 5916 2049 2050 2051 3813 
1 2558 647
0 1 7 2052 2053 5917 2054 3812 2055 3811 
0 1 6 2056 2057 5918 3810 2058 2059 
1 2327 5427
0 1 2 2060 2061 
1 4327 114
0 1 5 2062 5920 5919 2063 2064 
1 183 2977
0 1 6 5921 2065 2066 2067 2068 2069 
0 1 2 5922 3809 
1 5423 4337
1 5847 5495
0 1 7 5923 3808 2070 2071 3807 3806 3805 
0 1 3 5924 3804 2072 
0 1 5 2073 5925 2074 3803 3802 
1 2915 3507
1 135 1364
1 617 4894
0 1 2 5926 3801 
0 1 5 5927 2075 3800 3799 2076 
0 1 7 2077 2078 2079 5928 2080 3798 3797 
1 5066 472
0 1 7 2081 2082 2083 5929 2084 2085 2086 
0 1 6 5930 3796 3795 2087 3794 3793 
1 1319 5893
1 3839 3633
0 1 7 2088 2089 2090 5931 2091 3792 2092 
0 1 4 2093 5932 3791 3790 
0 1 5 2094 5933 3789 3788 2095 
1 2124 4134
0 1 4 5934 3787 2096 3786 
1 4334 3375
0 1 2 2097 2098 
0 1 3 2099 2100 5936 
1 3020 5662
0 1 2 5937 2101 
1 4647 5693
0 1 2 2102 5938 
0 1 5 2103 5939 5935 3785 2104 
1 4018 490
0 1 5 2105 2106 5940 2107 3784 
0 1 5 2108 2109 5941 2110 3783 
1 3476 5124
1 5230 811
1 151 1501
0 1 4 2111 2112 2113 5942 
0 1 5 2114 5943 3782 3781 2115 
1 4282 5429
0 1 6 5944 2116 3780 2117 2118 3779 
1 3803 4229
0 1 4 5945 2119 2120 3778 
1 1111 5707
1 895 2453
0 1 6 2121 2122 2123 5946 3777 2124 
0 1 6 5947 3776 3775 3774 3773 3772 
0 1 3 5948 3771 2125 
1 166 5047
0 1 3 2126 5949 2127 
0 1 7 5950 3770 3769 3768 3767 2128 2129 
0 1 6 2130 2131 5951 2132 2133 2134 
0 1 5 5952 3766 2135 3765 3764 
1 5595 1475
1 5634 2429
1 4146 3289
1 1453 5669
0 1 5 5953 2136 3763 3762 3761 
0 1 2 2137 5954 
0 1 5 5955 3760 2138 3759 2139 
1 5825 2851
0 1 6 5956 3758 2140 2141 3757 3756 
0 1 5 5957 2142 3755 3754 3753 
1 4200 4159
1 3731 2845
1 4597 4428
0 1 7 2143 5958 3752 2144 3751 3750 2145 
0 1 6 5959 3749 2146 3748 2147 3747 
0 1 3 5960 2148 2149 
0 1 2 2150 2151 
1 840 4263
0 1 2 5962 2152 
0 1 2 5963 5961 
1 3067 2558
0 1 7 2153 2154 2155 5964 2156 2157 2158 
0 1 7 2159 5965 2160 2161 2162 3746 3745 
1 3858 725
1 3444 1896
0 1 6 5966 2163 3744 3743 2164 2165 
0 1 3 5967 3742 3741 
1 3983 4222
0 1 3 5968 3740 2166 
0 1 5 2167 2168 2169 2170 2171 
1 4218 97
1 418 2308
0 1 6 5970 5969 3739 3738 2172 3737 
0 1 5 5971 3736 2173 2174 2175 
0 1 3 2176 2177 5972 
0 1 7 2178 5973 2179 3735 3734 3733 3732 
1 305 5451
1 2396 4173
1 163 1285
0 1 5 2180 5974 2181 2182 3731 
0 1 7 5975 2183 3730 3729 3728 3727 2184 
1 3800 286
0 1 2 5976 3726 
0 1 5 2185 2186 2187 2188 5977 
0 1 3 2189 5978 2190 
0 1 5 5979 2191 2192 3725 3724 
0 1 4 5980 3723 2193 2194 
0 1 7 2195 5981 2196 2197 2198 3722 3721 
0 1 3 2199 2200 2201 
0 1 2 5983 5982 
0 1 7 5984 3720 2202 2203 2204 2205 3719 
0 1 5 2206 2207 2208 2209 5985 
1 993 3563
1 5344 1000
1 3526 2453
0 1 4 5986 3718 2210 2211 
0 1 6 5987 2212 2213 2214 3717 2215 
1 3862 4595
0 1 7 2216 2217 2218 5988 3716 3715 2219 
1 425 2050
1 175 727
0 1 6 2220 5989 3714 2221 3713 3712 
0 1 2 2222 2223 
1 4733 1734
0 1 5 5991 5990 2224 3711 3710 
1 5173 2659
0 1 6 2225 2226 5992 2227 3709 3708 
0 1 2 5993 2228 
0 1 4 5994 3707 3706 2229 
1 5945 506
1 5894 298
0 1 4 2230 2231 2232 5995 
1 1670 603
1 3111 712
1 1572 52
1 630 5834
0 1 5 5996 2233 2234 2235 2236 
0 1 5 5997 3705 2237 2238 2239 
1 5594 5165
0 1 2 5998 2240 
0 1 3 2241 2242 2243 
0 1 4 2244 2245 2246 2247 
1 2876 1167
1 5612 2791
0 1 6 2248 2249 6001 6000 5999 3704 
1 832 439
1 3855 973
0 1 6 2250 6002 2251 2252 2253 2254 
0 1 3 6003 2255 3703 
1 4447 4304
0 1 4 2256 2257 2258 6004 
0 1 3 2259 6005 2260 
1 5456 588
1 387 291
0 1 7 2261 2262 2263 6006 2264 3702 2265 
0 1 6 6007 3701 2266 2267 2268 2269 
0 1 4 6008 3700 3699 2270 
1 863 2201
0 1 2 6009 2271 
1 1734 5270
1 5645 5541
0 1 3 2272 2273 6010 
1 1243 5405
1 5909 562
0 1 6 6011 3698 2274 2275 3697 2276 
1 1602 3886
0 1 3 6012 2277 3696 
1 4508 3876
0 1 2 2278 6013 
0 1 6 2279 6014 3695 3694 3693 3692 
1 5930 2772
0 1 2 2280 2281 
1 4592 566
0 1 6 6016 6015 3691 2282 3690 2283 
1 5638 1992
1 16 1206
0 1 2 2284 6017 
1 1983 2214
1 5469 4051
1 1705 2673
1 2267 2603
0 1 3 6018 2285 3689 
0 1 5 2286 6019 2287 2288 3688 
1 2419 848
1 765 1083
1 19 3049
1 5116 50
0 1 5 2289 6020 2290 2291 3687 
1 4130 5604
0 1 7 6021 3686 2292 2293 2294 2295 2296 
1 1685 2661
1 2248 1234
1 2234 651
1 4458 1232
0 1 3 6022 3685 3684 
1 2728 1680
1 3546 5927
1 4265 2001
1 456 1025
1 4177 1781
1 3575 300
0 1 3 2297 2298 2299 
1 5752 1452
0 1 6 6024 2300 2301 6023 2302 3683 
0 1 5 6025 3682 2303 3681 2304 
0 1 4 6026 3680 3679 3678 
0 1 2 6027 3677 
0 1 2 2305 6028 
1 1457 570
0 1 5 2306 2307 2308 6029 2309 
0 1 3 6030 3676 2310 
1 5746 4878
0 1 5 2311 6031 2312 2313 2314 
0 1 6 2315 2316 2317 6032 3675 2318 
0 1 6 6033 2319 3674 2320 2321 2322 
0 1 4 6034 3673 3672 2323 
0 1 7 6035 2324 3671 3670 3669 2325 3668 
0 1 5 2326 6036 2327 2328 3667 
0 1 3 2329 6037 2330 
1 5690 3620
0 1 4 2331 2332 6038 3666 
0 1 5 6039 2333 3665 3664 2334 
1 3882 2639
0 1 7 6040 2335 3663 2336 2337 2338 3662 
1 3907 3547
0 1 3 6041 3661 2339 
0 1 7 6042 3660 3659 3658 3657 2340 2341 
0 1 6 6043 2342 3656 3655 2343 3654 
0 1 2 6044 2344 
1 4848 3825
1 2879 3009
0 1 3 2345 2346 6045 
0 1 5 6046 3653 2347 3652 2348 
0 1 2 2349 2350 
1 4020 5152
1 4147 183
1 3003 5820
1 716 4889
0 1 2 2351 2352 
1 4580 2720
0 1 4 2353 6049 2354 2355 
1 2674 5779
1 4418 3595
0 1 3 2356 2357 2358 
1 4271 2147
1 3159 2529
1 3434 1581
0 1 2 6051 2359 
1 1457 484
0 1 7 2360 6052 2361 6050 6048 2362 2363 
1 402 4165
1 4988 1541
0 1 2 2364 6053 
0 1 5 2365 6054 2366 2367 6047 
1 2996 4311
1 2510 3790
1 872 5150
1 3179 5585
1 519 4555
1 3348 5946
0 1 7 6055 3651 2368 2369 2370 3650 2371 
0 1 2 2372 6056 
0 1 2 2373 2374 
1 4221 2231
0 1 3 6058 2375 2376 
0 1 2 6059 6057 
1 4597 5372
0 1 3 2377 6060 3649 
1 5029 3757
0 1 2 2378 2379 
0 1 5 2380 6062 6061 3648 3647 
0 1 6 2381 6063 3646 2382 2383 2384 
0 1 4 2385 2386 6064 3645 
0 1 4 6065 3644 2387 2388 
1 5649 3285
0 1 4 2389 2390 6066 2391 
1 2 2821
1 2190 1620
0 1 4 2392 2393 6067 3643 
0 1 3 2394 2395 6068 
1 5567 1828
1 661 6017
0 1 4 2396 2397 2398 6069 
1 670 1817
1 2619 2898
0 1 4 6070 3642 2399 3641 
1 5018 5986
0 1 7 2400 2401 6071 3640 3639 2402 2403 
0 1 2 6072 3638 
0 1 4 6073 2404 2405 2406 
0 1 6 2407 2408 6074 3637 3636 3635 
0 1 5 2409 6075 3634 3633 3632 
1 5711 4392
0 1 4 6076 2410 2411 3631 
1 1489 2369
0 1 2 2412 2413 
0 1 4 6078 2414 2415 6077 
1 1773 1138
1 2900 1813
0 1 3 2416 6079 3630 
0 1 6 2417 6080 2418 2419 3629 3628 
0 1 4 2420 6081 2421 3627 
1 4746 152
1 37 3417
1 906 4388
0 1 7 6082 2422 3626 2423 3625 3624 2424 
1 6011 1369
1 5960 959
1 3800 2674
0 1 5 2425 2426 6083 2427 3623 
0 1 5 6084 2428 2429 2430 3622 
1 1949 1116
0 1 7 6085 3621 2431 3620 3619 2432 2433 
0 1 2 6086 2434 
1 5331 1535
1 888 2431
0 1 5 6087 2435 2436 2437 2438 
0 1 3 6088 2439 2440 
0 1 2 6089 3618 
1 1247 3925
1 5239 5650
1 4656 3859
0 1 3 2441 6090 2442 
1 2153 3300
1 2151 1769
0 1 7 2443 2444 6091 2445 2446 3617 3616 
1 4842 3432
1 386 2036
0 1 2 6092 3615 
0 1 4 2447 2448 2449 2450 
1 265 5895
1 4062 1824
0 1 5 6094 2451 6093 2452 2453 
1 547 4946
1 2167 525
1 170 4038
0 1 5 6095 3614 2454 2455 3613 
1 5381 5519
1 5430 2036
1 3872 5948
0 1 3 2456 2457 2458 
1 3856 5613
0 1 3 2459 2460 2461 
0 1 6 6098 6097 2462 6096 2463 2464 
0 1 5 2465 6099 3612 3611 2466 
0 1 6 2467 6100 3610 3609 2468 3608 
0 1 3 2469 6101 3607 
1 4130 5426
1 5816 1931
1 3104 1745
0 1 5 2470 2471 2472 2473 2474 
0 1 6 2475 6103 6102 2476 2477 2478 
1 573 3984
1 4114 4053
0 1 4 6104 2479 3606 2480 
0 1 4 6105 2481 3605 3604 
1 2715 1384
0 1 4 2482 6106 3603 2483 
0 1 4 2484 2485 6107 3602 
1 1415 3424
0 1 6 6108 3601 3600 2486 2487 2488 
0 1 4 6109 2489 2490 2491 
1 4507 2505
0 1 5 2492 2493 2494 2495 2496 
0 1 4 6111 6110 3599 2497 
1 2125 4932
0 1 3 6112 3598 3597 
0 1 2 6113 2498 
0 1 7 2499 2500 2501 2502 6114 3596 2503 
0 1 2 6115 2504 
0 1 7 6116 2505 3595 2506 2507 2508 3594 
0 1 4 6117 2509 2510 2511 
1 4381 5474
1 5803 2986
0 1 5 6118 2512 2513 3593 2514 
0 1 4 6119 2515 2516 2517 
0 1 5 2518 2519 6120 2520 3592 
1 4793 4401
1 3837 1657
0 1 5 2521 2522 6121 2523 2524 
0 1 5 2525 2526 2527 2528 6122 
0 1 4 2529 6123 3591 3590 
1 340 3044
0 1 3 2530 2531 6124 
1 3820 4226
0 1 5 6125 3589 2532 3588 2533 
1 4903 1967
1 3072 5463
1 2750 306
1 1046 3020
0 1 6 2534 2535 6126 2536 3587 3586 
1 3898 1151
1 3094 3880
0 1 4 2537 2538 6127 2539 
1 4355 490
0 1 5 6128 2540 3585 3584 3583 
1 199 4062
0 1 4 2541 6129 2542 2543 
0 1 5 2544 6130 3582 2545 3581 
0 1 3 6131 2546 2547 
0 1 4 6132 2548 2549 3580 
1 3225 6018
1 1147 2091
1 43 5830
0 1 7 2550 2551 6133 2552 2553 2554 2555 
0 1 5 2556 6134 3579 2557 2558 
0 1 6 6135 3578 2559 3577 2560 3576 
0 1 6 2561 6136 3575 2562 3574 2563 
0 1 6 2564 6137 3573 3572 3571 3570 
1 163 237
0 1 5 6138 2565 3569 2566 2567 
0 1 7 2568 2569 6139 2570 2571 2572 2573 
0 1 3 6140 3568 2574 
1 1311 1862
1 939 3720
0 1 6 6141 2575 2576 3567 2577 2578 
1 1768 934
1 3132 5020
0 1 6 2579 6142 2580 2581 2582 3566 
0 1 2 6143 3565 
0 1 6 6144 3564 2583 3563 3562 2584 
1 3310 4060
1 1771 5364
1 4550 4389
1 4073 3277
0 1 4 2585 2586 6145 2587 
1 4618 2386
0 1 6 6146 2588 2589 3561 3560 3559 
1 5160 4162
0 1 6 6147 2590 2591 3558 3557 3556 
1 3316 452
1 1536 1777
0 1 5 2592 2593 2594 6148 3555 
1 533 126
0 1 3 6149 2595 2596 
0 1 2 2597 2598 
0 1 7 2599 6151 6150 2600 3554 2601 3553 
1 5054 854
0 1 4 6152 2602 2603 3552 
0 1 7 6153 3551 2604 2605 3550 3549 3548 
0 1 4 2606 6154 3547 2607 
0 1 5 2608 6155 3546 3545 2609 
0 1 3 2610 2611 6156 
0 1 4 2612 2613 2614 6157 
1 5118 3779
1 1419 3146
0 1 7 2615 2616 2617 2618 6158 3544 3543 
0 1 2 2619 6159 
1 1631 224
0 1 3 2620 2621 6160 
0 1 3 2622 6161 3542 
1 2603 2663
1 308 1519
1 275 5784
0 1 4 2623 2624 2625 6162 
0 1 6 2626 2627 2628 2629 6163 2630 
0 1 4 2631 2632 6164 2633 
1 929 2597
1 6159 4504
0 1 6 6165 2634 3541 2635 3540 2636 
1 4737 3322
1 2333 1147
1 1374 2633
0 1 2 6166 2637 
0 1 6 2638 2639 6167 3539 2640 2641 
1 5955 1730
0 1 7 2642 2643 2644 6168 2645 3538 3537 
0 1 7 2646 2647 6169 2648 3536 3535 2649 
0 1 3 2650 6170 3534 
0 1 7 2651 2652 6171 3533 3532 2653 2654 
1 212 1691
1 2698 916
1 3391 3574
0 1 6 6172 2655 3531 3530 2656 3529 
0 1 4 2657 2658 2659 2660 
1 4778 2102
1 1963 2422
0 1 7 2661 2662 2663 6174 2664 6173 3528 
1 1944 4718
1 4877 4251
1 5995 146
1 2654 1549
1 1861 3705
0 1 3 6175 2665 3527 
0 1 2 2666 2667 
0 1 3 2668 6177 6176 
1 4682 1759
1 1281 5563
0 1 4 2669 6178 2670 2671 
0 1 6 6179 3526 2672 3525 2673 3524 
0 1 7 2674 2675 2676 6180 3523 2677 2678 
0 1 7 6181 3522 3521 2679 3520 3519 3518 
0 1 3 6182 3517 2680 
1 585 4567
0 1 4 6183 2681 2682 3516 
1 2189 3964
0 1 4 2683 6184 2684 3515 
1 2801 639
0 1 7 2685 2686 6185 3514 2687 2688 2689 
0 1 4 2690 6186 3513 2691 
1 2589 5653
1 4989 3004
1 2995 4215
1 2438 4500
0 1 2 6187 3512 
1 6053 985
0 1 4 6188 2692 2693 2694 
1 680 2076
1 4594 3812
1 1665 2417
0 1 6 6189 3511 3510 2695 2696 3509 
0 1 3 6190 3508 2697 
0 1 3 2698 6191 3507 
0 1 5 2699 2700 6192 2701 3506 
1 5619 659
1 3140 2318
0 1 5 6193 2702 3505 2703 3504 
0 1 7 2704 6194 3503 2705 2706 3502 2707 
0 1 2 6195 2708 
0 1 3 6196 2709 2710 
0 1 6 2711 2712 2713 6197 3501 2714 
1 733 3352
0 1 3 6198 2715 2716 
0 1 3 6199 3500 2717 
1 5288 2522
1 758 4374
1 1370 3533
1 1407 4248
1 6142 3762
0 1 3 2718 2719 2720 
1 342 1069
1 489 88
1 2627 684
1 4837 3334
0 1 2 2721 2722 
1 955 4115
1 4949 3250
0 1 5 6202 2723 6201 2724 6200 
0 1 4 2725 6203 2726 3499 
0 1 4 6204 2727 2728 3498 
0 1 6 2729 2730 2731 6205 2732 2733 
0 1 7 2734 6206 2735 2736 2737 2738 2739 
1 657 1807
0 1 5 2740 2741 6207 3497 3496 
1 337 753
1 6014 4893
1 5803 3983
1 4159 2139
0 1 2 2742 2743 
1 1040 635
1 3042 5066
0 1 7 2744 6209 6208 3495 3494 2745 3493 
1 3331 3765
0 1 3 2746 6210 2747 
0 1 2 2748 2749 
1 4778 2680
0 1 2 2750 6212 
1 5883 4054
1 5546 1207
1 3159 892
0 1 2 2751 2752 
0 1 3 6214 6213 6211 
1 3114 2534
0 1 6 2753 6215 3492 2754 3491 2755 
1 5298 670
1 2026 5280
0 1 5 6216 3490 3489 2756 3488 
1 1713 6006
0 1 3 2757 2758 6217 
1 5287 5736
0 1 5 6218 2759 3487 3486 3485 
1 741 2690
0 1 7 6219 3484 3483 3482 2760 2761 2762 
0 1 3 6220 2763 2764 
0 1 3 6221 3481 3480 
0 1 6 6222 3479 2765 3478 2766 3477 
1 4626 1433
0 1 2 2767 6223 
1 3730 2131
1 1781 4300
1 1984 883
1 6121 2730
0 1 5 6224 2768 3476 2769 2770 
0 1 3 2771 6225 3475 
1 5148 4553
0 1 7 6226 3474 3473 2772 2773 3472 3471 
0 1 2 6227 3470 
1 4602 5288
0 1 3 2774 6228 3469 
0 1 3 2775 2776 6229 
1 6003 3093
1 3616 359
1 2193 4282
0 1 6 2777 6230 2778 2779 2780 3468 
1 694 2827
0 1 6 6231 3467 2781 2782 2783 3466 
1 4945 5996
0 1 2 6232 3465 
0 1 5 2784 2785 6233 2786 2787 
1 612 2999
0 1 5 2788 2789 2790 6234 2791 
1 5536 5820
1 5869 2979
1 2662 230
0 1 3 2792 2793 6235 
0 1 5 6236 2794 3464 3463 2795 
1 2615 4144
0 1 4 6237 2796 2797 3462 
1 6021 3035
0 1 7 2798 6238 2799 3461 3460 2800 3459 
0 1 5 6239 3458 2801 3457 3456 
0 1 2 2802 2803 
1 4362 3633
1 6100 4340
0 1 5 2804 2805 6241 2806 2807 
0 1 7 2808 6242 6240 3455 3454 2809 2810 
0 1 6 2811 6243 2812 3453 3452 3451 
1 5312 3263
1 2709 5309
0 1 4 6244 2813 2814 2815 
1 4181 3128
1 2227 4701
1 4165 5115
1 2062 2726
0 1 2 2816 2817 
0 1 6 6246 6245 3450 2818 3449 2819 
1 5671 3559
0 1 3 2820 2821 6247 
0 1 6 2822 2823 6248 2824 2825 3448 
0 1 7 6249 3447 3446 2826 3445 3444 3443 
0 1 4 6250 2827 3442 2828 
1 5551 5336
0 1 7 6251 3441 2829 3440 2830 2831 2832 
1 2789 6151
0 1 2 2833 6252 
0 1 6 2834 2835 2836 2837 6253 2838 
1 425 4898
1 805 1482
0 1 6 2839 6254 3439 3438 3437 3436 
0 1 4 2840 6255 2841 2842 
0 1 7 2843 2844 2845 2846 6256 2847 2848 
1 1733 4532
0 1 5 6257 2849 3435 2850 3434 
1 3382 1935
0 1 3 6258 2851 3433 
1 1297 5770
1 2584 888
0 1 7 2852 2853 6259 2854 3432 3431 2855 
0 1 6 6260 3430 3429 3428 2856 3427 
1 3385 3056
0 1 6 2857 2858 6261 2859 3426 3425 
0 1 6 2860 2861 2862 2863 2864 2865 
1 2376 1175
1 3971 4292
0 1 7 2866 2867 6263 6262 3424 3423 3422 
1 3978 4978
1 1217 6149
0 1 6 6264 3421 3420 2868 3419 3418 
1 5940 4023
0 1 5 2869 6265 3417 3416 3415 
1 4867 5821
1 313 563
1 4304 2759
1 1064 1324
0 1 6 2870 6266 3414 2871 3413 2872 
1 1122 1278
1 6169 3996
1 5055 3460
1 3597 2795
0 1 2 6267 2873 
1 5710 3742
0 1 4 2874 2875 2876 6268 
1 5394 3857
1 739 4493
1 3091 1351
0 1 5 2877 2878 2879 2880 2881 
0 1 4 6270 6269 3412 2882 
0 1 5 2883 2884 6271 2885 3411 
0 1 6 2886 2887 2888 2889 2890 2891 
1 809 1514
0 1 4 6273 2892 2893 6272 
1 1324 3376
0 1 5 2894 6274 3410 3409 3408 
1 3126 2721
1 4757 2956
1 5586 1572
1 4816 4061
1 2223 3769
1 6273 3012
1 712 1678
1 2198 3616
1 2247 5815
0 1 3 6275 3407 2895 
0 1 6 2896 2897 6276 2898 2899 2900 
0 1 3 2901 2902 6277 
0 1 5 6278 3406 3405 3404 3403 
1 34 5296
0 1 2 6279 2903 
0 1 2 6280 3402 
0 1 7 6281 2904 3401 2905 3400 3399 3398 
1 4642 2747
0 1 2 2906 6282 
1 3746 34
1 1788 5989
1 5216 3306
1 1183 2557
1 5462 205
0 1 3 6283 3397 2907 
1 1578 4258
0 1 6 6284 2908 3396 2909 3395 2910 
0 1 2 6285 3394 
1 2877 4163
1 3523 2826
0 1 6 6286 2911 2912 3393 3392 3391 
1 5277 2649
0 1 3 6287 2913 3390 
0 1 5 6288 3389 2914 3388 2915 
1 2815 2154
1 2816 2425
0 1 7 2916 6289 2917 3387 3386 2918 2919 
1 3623 927
0 1 6 2920 2921 2922 6290 3385 2923 
0 1 5 6291 3384 3383 2924 3382 
0 1 6 2925 6292 2926 2927 2928 3381 
0 1 3 2929 6293 3380 
1 5076 4795
0 1 3 2930 2931 2932 
1 1413 2798
1 5151 3063
0 1 4 2933 6295 6294 2934 
0 1 6 2935 2936 6296 3379 3378 2937 
0 1 2 2938 2939 
1 6223 3347
0 1 2 6298 6297 
1 4471 1010
1 835 2119
0 1 2 6299 3377 
1 5746 1506
1 559 5817
1 4933 2384
0 1 7 6300 2940 2941 3376 2942 2943 3375 
0 1 5 2944 6301 3374 3373 2945 
1 6279 573
0 1 3 2946 6302 3372 
1 6192 3350
0 1 5 2947 6303 2948 3371 2949 
1 1260 5403
1 3155 1684
0 1 3 6304 3370 3369 
0 1 7 6305 3368 2950 2951 2952 3367 3366 
0 1 6 2953 2954 2955 6306 2956 2957 
1 301 4312
1 1086 5732
0 1 5 6307 3365 3364 2958 2959 
1 1892 994
0 1 5 6308 3363 2960 3362 2961 
0 1 7 2962 2963 6309 2964 3361 2965 2966 
1 1044 5678
1 4635 2252
0 1 7 6310 3360 2967 3359 2968 2969 2970 
1 5733 4898
0 1 4 2971 6311 2972 3358 
0 1 4 2973 2974 2975 6312 
1 3607 4001
0 1 5 6313 2976 3357 3356 3355 
1 6307 3151
1 3186 5820
0 1 3 2977 6314 3354 
1 5768 4071
1 2330 4828
1 1116 5950
0 1 6 6315 2978 3353 3352 3351 2979 
0 1 6 6316 3350 3349 2980 2981 3348 
0 1 4 2982 6317 3347 3346 
1 4185 543
0 1 3 6318 3345 2983 
1 4176 3494
1 4859 3589
1 140 163
0 1 5 2984 2985 6319 2986 3344 
0 1 4 2987 2988 2989 6320 
0 1 6 6321 3343 2990 3342 2991 2992 
1 2157 884
1 1792 4150
1 1268 4032
0 1 5 6322 2993 2994 2995 3341 
0 1 6 6323 3340 2996 2997 3339 2998 
1 3069 136
1 1135 2664
1 1566 5346
0 1 5 6324 2999 3000 3338 3337 
0 1 2 6325 3001 
0 1 7 6326 3336 3002 3335 3334 3003 3333 
1 252 4044
1 3481 1917
0 1 4 6327 3004 3005 3332 
1 5864 535
1 1174 4807
0 1 7 6328 3006 3007 3331 3330 3329 3008 
1 2572 746
1 4192 494
1 914 6237
1 3985 2648
0 1 5 6329 3328 3009 3010 3327 
0 1 2 6330 3011 
0 1 3 3012 6331 3013 
1 6163 1030
0 1 5 3014 6332 3015 3016 3017 
1 1447 1260
0 1 4 6333 3326 3018 3019 
1 1434 3734
1 4043 3195
1 4029 5226
0 1 5 3020 6334 3021 3325 3022 
0 1 6 3023 6335 3024 3025 3026 3324 
0 1 4 6336 3027 3028 3029 
0 1 4 3030 6337 3323 3031 
0 1 5 6338 3322 3032 3321 3033 
0 1 3 3034 6339 3320 
0 1 5 3035 6340 3319 3036 3318 
1 2174 2667
1 4764 172
1 6095 4653
1 3619 6056
0 1 2 6341 3037 
0 1 7 6342 3038 3039 3317 3040 3316 3041 
0 1 6 6343 3042 3043 3044 3315 3314 
1 5525 1709
0 1 6 3045 6344 3313 3046 3312 3047 
0 1 7 3048 6345 3311 3049 3310 3050 3051 
0 1 6 6346 3052 3053 3309 3054 3055 
1 4159 3358
1 3760 1957
0 1 5 3056 3057 3058 6347 3059 
0 1 7 3060 6348 3061 3308 3062 3307 3063 
0 1 3 3064 3065 3066 
1 4557 4325
1 4356 2016
0 1 6 3067 3068 6350 6349 3069 3306 
1 4379 4984
1 3888 2125
0 1 4 6351 3305 3070 3071 
1 5261 4431
1 5472 3999
1 308 2445
1 3060 2902
1 5634 463
1 138 2010
1 1579 563
0 1 2 6352 3304 
1 4759 5377
1 5769 1869
0 1 7 3072 3073 6353 3303 3074 3302 3075 
0 1 5 3076 3077 6354 3078 3301 
1 5909 46
1 2364 5781
0 1 6 6355 3300 3299 3298 3079 3297 
1 2844 5414
0 1 4 3080 3081 3082 6356 
1 4891 6047
0 1 3 3083 6357 3296 
1 3361 5695
1 6038 1485
0 1 3 3084 6358 3085 
1 1100 672
0 1 4 6359 3086 3295 3087 
1 5996 887
0 1 2 3088 3089 
0 1 3 6361 3090 3091 
1 834 5225
0 1 6 6362 6360 3294 3092 3093 3094 
1 2153 1154
1 1760 4660
1 6121 475
0 1 6 3095 3096 3097 3098 6363 3293 
1 1379 3506
0 1 4 3099 6364 3292 3100 
0 1 7 6365 3291 3101 3102 3290 3103 3104 
1 1507 3689
0 1 4 6366 3289 3288 3105 
1 4375 3491
0 1 3 6367 3287 3286 
0 1 6 6368 3106 3107 3108 3285 3284 
1 3055 5361
1 5746 1078
0 1 5 3109 3110 3111 6369 3112 
1 5242 3498
0 1 3 6370 3113 3283 
1 893 368
0 1 3 3114 3115 3116 
1 4000 1523
0 1 5 6372 6371 3117 3118 3282 
1 5463 1038
0 1 2 6373 3281 
0 1 2 6374 3280 
1 2069 456
0 1 6 3119 3120 6375 3279 3278 3277 
0 1 3 3121 3122 6376 
0 1 5 6377 3123 3276 3275 3274 
1 2194 1457
1 3615 6054
0 1 5 3124 3125 6378 3126 3127 
1 5071 6027
0 1 5 6379 3273 3272 3271 3128 
0 1 3 3129 6380 3130 
0 1 6 3131 6381 3270 3269 3268 3132 
1 5142 2108
1 4409 5667
1 3148 403
1 5778 792
1 1608 2916
0 1 3 3133 6382 3267 
1 4773 4649
1 705 2366
0 1 7 3134 6383 3266 3135 3136 3265 3137 
1 5092 4125
0 1 4 6384 3264 3263 3262 
0 1 5 3138 6385 3139 3261 3260 
0 1 5 6386 3140 3141 3142 3259 
0 1 5 3143 3144 6387 3258 3257 
1 2711 2144
0 1 7 3145 6388 3146 3147 3148 3256 3255 
0 1 3 6389 3149 3150 
0 1 4 6390 3254 3253 3252 
0 1 7 6391 3151 3251 3250 3152 3249 3153 
1 4026 3063
1 214 5786
0 1 5 6392 3154 3155 3248 3247 
0 1 2 3156 6393 
0 1 4 3157 3158 3159 3160 
0 1 2 3161 3162 
1 4766 5859
1 2910 1661
1 2220 2453
1 353 3186
1 1625 5772
0 1 6 3163 3164 3165 6396 3166 3167 
1 493 4763
0 1 6 3168 3169 3170 3171 6397 6395 
0 1 3 6398 6394 3172 
0 1 6 6399 3246 3173 3174 3245 3175 
0 1 2 3176 6400 
0 1 6 3177 3178 3179 6401 3244 3180 
1 910 2672
1 5763 4957
1 1506 3319
0 1 7 6402 3243 3181 3182 3183 3184 3242 
0 1 4 3185 3186 6403 3241 
1 4872 3344
0 1 2 3187 6404 
1 4970 5718
0 1 2 6405 3188 
0 1 6 6406 3240 3189 3190 3191 3192 
0 1 5 6407 3193 3194 3239 3195 
0 1 6 6408 3196 3238 3197 3237 3236 
0 1 2 3198 6409 
1 1838 3419
0 1 7 3199 6410 3200 3201 3235 3202 3203 
0 1 7 3204 6411 3205 3206 3207 3208 3209 
1 302 2148
1 5137 1295
1 1082 6325
1 2577 2915
1 452 3371
0 1 5 6412 3234 3233 3210 3211 
0 1 3 6413 3212 3232 
0 1 6 3213 6414 3214 3231 3230 3229 
1 2605 3370
0 1 7 3215 3216 6415 3228 3217 3218 3219 
1 2414 2352
1 3927 5519
1 2043 1582
1 1131 3330
1 4859 5309
1 870 6366
1 2546 2645
1 372 3809
1 1644 2246
1 2395 5402
1 4014 3764
1 4632 1307
1 6088 783
1 3947 4775
1 2149 6071
1 650 144
1 1003 1127
1 544 5230
1 2243 1526
1 244 201
1 4111 735
1 1441 5047
1 1735 1280
1 4798 1105
1 2385 3575
1 2724 4017
1 4566 4716
1 3551 5505
1 5488 3387
1 6120 5922
1 2443 3781
1 351 319
1 5183 3815
1 5062 2940
1 3240 2080
1 2462 3416
1 222 3189
1 4210 5013
1 4093 3611
1 1480 2282
1 270 5462
1 2636 730
1 2027 2052
1 5285 650
1 1033 3052
1 5048 3848
1 5564 362
1 3952 1092
1 4366 648
1 6120 353
1 4727 4780
1 140 2957
1 5565 3208
1 2134 4766
1 3587 2630
1 2005 4829
1 3956 2369
1 4993 188
1 5791 2344
1 1949 5447
1 4485 5389
1 4938 6191
1 4428 4397
1 4810 5400
1 2204 4949
1 2165 980
1 1757 2347
1 3845 537
1 733 5493
1 1540 5365
1 1603 1140
1 2870 4383
1 3788 3163
1 2951 4295
1 1369 1232
1 4999 3105
1 2497 1264
1 4640 1659
1 3576 1185
1 3877 4699
1 5722 189
1 3787 1867
1 4817 2803
1 5113 2466
1 2962 3077
1 8 3905
1 3559 985
1 4118 3644
1 4642 5015
1 613 1404
1 2633 632
1 4002 5820
1 2027 3173
1 768 443
1 1616 2004
1 5739 6119
1 2850 1104
1 3006 250
1 5077 2114
1 642 4261
1 4069 3726
1 3715 5512
1 3620 2623
1 2522 1013
1 2455 5172
1 4434 6329
1 6238 3376
1 5606 1895
1 5743 1486
1 729 391
1 4692 4706
1 1704 3384
1 1013 3615
1 2705 1811
1 6144 3166
1 1397 5587
1 6022 415
1 1940 5249
1 2641 2589
1 375 1899
1 3819 2366
1 1454 3478
1 1005 4770
1 5398 2037
1 663 6335
1 3228 3252
1 4310 5642
1 2175 1021
1 4225 2216
1 511 434
1 4078 1369
1 1194 1144
1 827 5966
1 2889 4468
1 5829 666
1 2634 3717
1 5207 1544
1 4966 2937
1 1207 3384
1 305 5997
1 4955 1102
1 758 4683
1 3772 5394
1 6016 2081
1 5121 4750
1 3234 3058
1 3984 561
1 5803 5633
1 976 5740
1 1095 3234
1 5182 6148
1 4997 5786
1 4229 91
1 6379 3017
1 4593 1759
1 6412 1377
1 5700 5567
1 124 2589
1 2757 5626
1 2086 1740
1 5231 5381
1 3370 2571
1 279 1441
1 6223 5902
1 6 3482
1 4177 4589
1 4538 1885
1 6127 1175
1 3383 847
1 171 301
1 4563 3402
1 795 5810
1 4494 4005
1 2185 6341
1 4960 5856
1 4102 2064
1 4304 6199
1 1568 2039
1 2840 163
1 190 1659
1 1239 3242
1 5258 5994
1 105 3283
1 5599 333
1 2274 3231
1 5636 2925
1 4367 4390
1 5708 6039
1 1268 5235
1 110 2471
1 1608 3801
1 2634 3431
1 3091 2338
1 3541 2731
1 421 6147
1 5101 5339
1 4584 4627
1 2376 5431
1 1194 2213
1 1497 2764
1 1377 2476
1 5038 1544
1 2877 4633
1 3772 1644
1 3215 541
1 6363 4475
1 340 5161
1 4763 65
1 1390 862
1 1158 2596
1 2033 268
1 3029 5130
1 362 3637
1 1476 3747
1 884 520
1 1322 1805
1 1696 2634
1 4659 5065
1 6267 3492
1 1424 6031
1 4069 44
1 3776 4934
1 4204 56
1 1521 4362
1 851 2327
1 471 1840
1 2175 1929
1 1785 4363
1 32 3465
1 2639 673
1 5125 3679
1 2417 488
1 5279 4983
1 4342 5700
1 858 4723
1 5748 3867
1 1102 6038
1 993 6186
1 1902 3590
1 3610 3772
1 830 5808
1 2294 1064
1 3155 181
1 1286 1911
1 2960 1929
1 2153 5576
1 1706 6201
1 2059 1142
1 3008 6285
1 4070 6223
1 4920 1077
1 3467 2884
1 1836 2663
1 5265 5625
1 721 4648
1 727 3946
1 2409 3132
1 1134 5080
1 4543 3898
1 66 4463
1 5287 2851
1 4227 270
1 948 4595
1 856 1532
1 6327 2312
1 1976 1100
1 408 3143
1 5187 2977
1 5324 3824
1 3310 5996
1 887 4573
1 1850 297
1 5422 5776
1 1222 1983
1 4086 4597
1 4158 438
1 863 4719
1 1342 5301
1 378 1718
1 3555 791
1 3672 3345
1 2286 5854
1 6044 5827
1 5242 2410
1 1663 1645
1 242 2607
1 3397 572
1 1179 4229
1 2536 3436
1 6320 5360
1 6411 5455
1 2388 1849
1 2514 2045
1 4298 4822
1 5389 44
1 6240 1238
1 5052 3438
1 5139 4128
1 1119 910
1 3909 5312
1 5064 4731
1 1531 3067
1 4412 162
1 4220 1461
1 2907 2511
1 5927 2342
1 2657 4852
1 227 1857
1 2515 4410
1 6206 6351
1 6148 3614
1 6117 427
1 4495 1951
1 1886 2754
1 3340 409
1 730 4947
1 1589 519
1 3576 4948
1 329 2993
1 4765 3773
1 1461 1733
1 1847 5260
1 2492 3886
1 5961 2210
1 1440 167
1 3684 620
1 773 1219
1 1412 43
1 874 1612
1 725 4242
1 3408 2311
1 6322 1680
1 1862 1170
1 1951 2077
1 5814 1533
1 3900 5158
1 4604 5447
1 1345 2181
1 1694 2682
1 1988 5480
1 3721 2671
1 945 2909
1 5180 2686
1 2943 1191
1 4735 1373
1 663 4010
1 1677 3603
1 4302 4317
1 492 1704
1 3893 4758
1 4040 1422
1 6375 6089
1 1307 569
1 1786 6373
1 2970 1682
1 1738 1072
1 2482 831
1 1395 1868
1 3508 3282
1 4632 6325
1 84 3535
1 1520 6322
1 1573 2873
1 2170 1011
1 6075 3250
1 3747 300
1 4774 4396
1 721 4422
1 620 1582
1 4224 242
1 1091 5056
1 738 315
1 1817 2869
1 5949 2138
1 2050 4327
1 3966 140
1 4041 3003
1 4752 3985
1 5395 5724
1 1339 2194
1 1990 2845
1 5854 2527
1 4873 5851
1 6234 5013
1 3174 3053
1 1250 3332
1 956 3216
1 5555 3046
1 4417 5453
1 3035 1939
1 6065 5729
1 1544 4795
1 5171 3501
1 5368 1611
1 2044 4229
1 2650 2154
1 2129 416
1 526 2015
1 2646 1028
1 3194 2867
1 195 3851
1 970 2630
1 3577 2173
1 948 2770
1 730 4854
1 1948 4348
1 5442 3612
1 2820 1353
1 1744 2917
1 2394 2036
1 1535 5330
1 1321 2140
1 3372 2764
1 5147 3113
1 201 4363
1 4894 1675
1 5519 3833
1 3935 1398
1 3042 1724
1 3388 6381
1 201 4151
1 1589 1031
1 4756 4456
1 761 5462
1 4399 2529
1 3764 2500
1 2888 1527
1 2863 3448
1 1374 919
1 1053 1914
1 4097 4141
1 1994 6317
1 1987 6043
1 2886 4200
1 1096 921
1 533 3619
1 3802 770
1 772 5820
1 3428 2261
1 3039 5247
1 554 1332
1 4712 5872
1 6007 337
1 103 2170
1 4328 2989
1 4067 667
1 6255 4952
1 3281 2540
1 1941 6269
1 5737 2085
1 1167 352
1 6379 5199
1 3319 1981
1 5960 4674
1 1174 1678
1 2099 671
1 1580 4804
1 3630 2389
1 1508 5942
1 5929 1709
1 2442 413
1 2396 6320
1 520 1459
1 117 830
1 5605 5704
1 2366 624
1 3533 4855
1 4183 1020
1 3459 2481
1 3903 977
1 3094 1189
1 3365 2090
1 5952 338
1 5349 27
1 6114 2416
1 717 868
1 3257 992
1 4030 4828
1 1910 693
1 1660 385
1 3016 3320
1 3534 4548
1 3487 4801
1 6130 4761
1 4442 593
1 4445 4698
1 158 2397
1 2864 1003
1 3580 1045
1 3911 2461
1 2804 2045
1 1650 449
1 3220 1156
1 1343 4655
1 3315 3823
1 1159 3210
1 928 5256
1 4823 2345
1 1856 4576
1 2799 359
1 2470 4688
1 4883 1972
1 2232 762
1 4671 2655
1 4835 5739
1 1906 3412
1 1773 293
1 220 1962
1 2167 61
1 1685 182
1 366 1651
1 3905 4229
1 1179 1464
1 4770 2029
1 3015 2011
1 1933 4527
1 5672 6109
1 476 5593
1 1748 3851
1 2816 5020
1 7 5964
1 2850 2505
1 3861 4063
1 3371 1681
1 4844 4077
1 5858 5016
1 1387 5529
1 2245 350
1 2836 220
1 6309 3407
1 4953 4458
1 1388 2231
1 3634 2979
1 4172 2746
1 4679 6312
1 3347 1496
1 2509 214
1 987 206
1 6238 1671
1 4775 4969
1 5039 4711
1 5840 2400
1 4066 3416
1 2224 6139
1 4166 4278
1 5448 2941
1 42 1930
1 4325 2649
1 6121 1609
1 1590 1164
1 3537 241
1 5351 6348
1 1510 2881
1 26 814
1 4573 4966
1 5327 4388
1 5006 5035
1 2738 113
1 4419 2557
1 382 1929
1 2609 5748
1 936 5489
1 651 3796
1 2461 1034
1 1967 1070
1 1163 2242
1 2137 3466
1 413 474
1 2562 2750
1 755 2967
1 3934 1950
1 6284 2866
1 4666 165
1 2690 1382
1 1209 3291
1 502 5
1 1001 4289
1 6093 5976
1 52 5073
1 3316 2046
1 292 6398
1 4534 5209
1 5078 6236
1 5683 828
1 2812 6032
1 2488 1569
1 5737 2133
1 980 978
1 128 4327
1 5891 4804
1 4470 2303
1 625 956
1 6336 4600
1 3524 2140
1 1909 5470
1 3779 4321
1 5120 978
1 1070 1566
1 5673 852
1 2765 6229
1 2929 4663
1 3364 37
1 1875 1445
1 4973 4579
1 3777 1439
1 4479 628
1 16 4305
1 4859 5818
1 857 4868
1 4339 1915
1 5941 1490
1 6163 3986
1 6179 5812
1 3097 3681
1 1796 3069
1 1146 3577
1 4894 3972
1 2267 3446
1 3824 422
1 82 5299
1 6378 5739
1 3315 4083
1 1128 4189
1 5935 5976
1 416 5176
1 325 6243
1 5498 1877
1 565 725
1 4240 6416
1 4363 1991
1 6178 3947
1 1618 1129
1 5391 4473
1 4750 4600
1 6317 4874
1 2310 2594
1 3590 3585
1 5470 5189
1 2848 2256
1 5135 5690
1 6367 3318
1 409 1801
1 382 4475
1 6176 1481
1 3084 2193
1 6150 3824
1 5373 5249
1 4261 921
1 3191 3010
1 6211 619
1 739 5974
1 1718 2042
1 4470 2252
1 459 3174
1 5962 2341
1 3593 4073
1 3642 2395
1 3789 3605
1 854 5661
1 2220 1740
1 3960 4563
1 4422 1994
1 5273 2889
1 5089 6082
1 1747 2303
1 4963 5628
1 580 359
1 6010 1690
1 39 1070
1 1501 2857
1 673 1728
1 1531 6157
1 4866 353
1 150 57
1 3271 356
1 2127 1279
1 2408 751
1 2445 5733
1 6194 5223
1 1879 1768
1 1267 5902
1 4912 3680
1 1919 5082
1 3753 3856
1 4539 4068
1 1443 2149
1 1237 6254
1 6088 2681
1 1028 5866
1 1251 3018
1 3396 1004
1 5247 976
1 2530 1086
1 34 1555
1 5235 5180
1 3542 1860
1 5982 1287
1 5287 4288
1 2512 5202
1 3562 1067
1 3291 1296
1 1531 1538
1 5944 5148
1 3628 5014
1 4603 5451
1 4036 865
1 4255 6046
1 3557 4158
1 2053 4991
1 6208 3965
1 5020 5463
1 4122 5357
1 5642 2816
1 3810 2487
1 5154 2195
1 803 4683
1 4250 2160
1 6242 3033
1 2811 1990
1 2972 4853
1 789 96
1 3713 3658
1 3282 4786
1 4983 3080
1 2821 1708
1 2862 3460
1 4009 3640
1 4069 378
1 3341 3012
1 1046 5478
1 5338 5204
1 1100 2574
1 5625 734
1 1418 1741
1 6001 2776
1 1218 4020
1 2413 1040
1 4484 1281
1 4073 1063
1 1069 6381
1 5564 1512
1 4617 2222
1 1496 4657
1 2130 4100
1 3813 5296
1 5945 525
1 2921 6403
1 324 3851
1 2694 6206
1 1816 4272
1 5989 1477
1 5159 3758
1 1078 2132
1 1644 4574
1 4208 4161
1 1868 1820
1 1912 5461
1 1235 275
1 4414 795
1 6028 1014
1 361 140
1 4828 2498
1 4021 1161
1 4696 3100
1 5762 3850
1 3101 360
1 4754 559
1 3096 941
1 2319 5531
1 2806 3705
1 5571 4720
1 1869 1539
1 2669 2443
1 3561 1017
1 3594 2869
1 700 3743
1 2037 4907
1 558 909
1 4614 5995
1 3418 4244
1 6253 977
1 107 4343
1 2787 3801
1 1158 4902
1 1919 988
1 4174 1676
1 3664 2708
1 3955 4709
1 665 523
1 5178 1048
1 5113 1407
1 2338 435
1 5326 966
1 1260 4339
1 3853 934
1 5655 2075
1 1557 4210
1 1588 5602
1 1859 359
1 207 4015
1 5412 1336
1 5539 5215
1 1337 3788
1 4349 2986
1 4218 1956
1 5430 2134
1 2985 169
1 4811 3356
1 233 1380
1 4796 4935
1 242 1055
1 5831 5442
1 6133 6081
1 6173 4843
1 1229 4427
1 4346 3707
1 3565 4204
1 4879 3517
1 3097 3273
1 539 2887
1 457 3548
1 5130 5307
1 1626 2354
1 3523 2371
1 329 2322
1 2144 4077
1 3219 5911
1 69 353
1 2578 3047
1 1223 4133
1 1977 5757
1 643 784
1 4274 225
1 3687 1176
1 6058 4030
1 1798 889
1 1969 3494
1 1145 5964
1 3254 830
1 2848 5689
1 5506 5913
1 4309 2750
1 2670 4016
1 6155 2597
1 4717 5233
1 5930 6414
1 1187 4364
1 741 5754
1 4061 536
1 3942 1306
1 722 2052
1 2773 575
1 2613 3582
1 6355 6238
1 2400 1255
1 974 3352
1 2982 4437
1 1143 3762
1 6310 657
1 349 6113
1 409 5001
1 2237 2903
1 4429 343
1 815 5346
1 259 1324
1 5008 806
1 2534 1269
1 2392 5696
1 3545 747
1 6132 2602
1 810 5802
1 1663 4179
1 113 5801
1 857 3022
1 1222 5423
1 3118 2167
1 2422 638
1 798 5687
1 5063 921
1 1840 2558
1 4630 2760
1 860 5305
1 895 1685
1 2947 5724
1 4111 6412
1 5212 696
1 3496 3472
1 584 1596
1 4792 3949
1 3648 6354
1 2555 4605
1 1111 5876
1 2736 5971
1 4466 5727
1 3786 1833
1 5661 1006
1 316 1796
1 3028 6050
1 389 4681
1 5362 191
1 5563 6361
1 3746 1845
1 982 2284
1 1539 2382
1 3077 2244
1 3826 4703
1 1790 2412
1 2743 879
1 5482 4817
1 4875 4226
1 4708 5143
1 2931 3787
1 6336 4948
1 6024 6276
1 1953 1736
1 43 4584
1 3588 4410
1 1355 803
1 2762 4213
1 789 12
1 2562 277
1 2742 4115
1 1360 1900
1 718 5149
1 1223 3107
1 1933 724
1 410 6123
1 6195 5004
1 5117 1306
1 5417 6119
1 1377 5136
1 3924 918
1 3453 2506
1 6168 6103
1 2660 2217
1 5295 1081
1 4368 1691
1 287 3985
1 5931 3824
1 3365 6206
1 5556 4427
1 2255 2177
1 1746 14
1 3527 2075
1 4622 601
1 1170 4291
1 1347 6338
1 2528 2383
1 2357 2391
1 2220 2165
1 2870 5718
1 3532 2017
1 3691 5384
1 5916 3474
1 2866 1843
1 1633 1824
1 6301 4412
1 1477 3007
1 838 979
1 3851 387
1 1581 1941
1 902 1149
1 5234 3746
1 3893 6016
1 6234 2834
1 2483 5173
1 3917 5611
1 4201 6299
1 5997 3120
1 778 2012
1 2566 5714
1 5516 208
1 1757 311
1 5931 1957
1 653 50
1 2048 1704
1 2832 551
1 3461 986
1 2123 3200
1 1356 5879
1 4619 1947
1 730 2848
1 1597 4530
1 4984 415
1 4012 3740
1 4938 70
1 984 3146
1 1076 5111
1 894 4865
1 2482 3001
1 750 1041
1 4123 4652
1 813 6214
1 3864 1208
1 5488 5224
1 405 28
1 43 2107
1 1347 6076
1 3816 1144
1 6363 1229
1 1166 5090
1 1306 2935
1 5987 6174
1 5546 665
1 4332 924
1 5062 2837
1 4975 1850
1 1051 5494
1 132 4351
1 4325 2886
1 1043 3478
1 2373 1420
1 1133 5437
1 3974 2150
1 2838 610
1 5021 4850
1 652 5978
1 1417 4550
1 1025 4098
1 3490 56
1 833 6267
1 4025 1981
1 1381 643
1 3294 5181
1 3206 4786
1 3844 5459
1 4451 4264
1 112 716
1 6349 5701
1 2076 1051
1 995 323
1 2540 2855
1 19 434
1 5371 2727
1 3515 4842
1 3850 5356
1 3897 5569
1 3033 6041
1 5213 4559
1 2 5818
1 1454 3985
1 3997 2796
1 3916 4546
1 4500 1283
1 1380 3238
1 1678 392
1 5438 26
1 5127 528
1 6307 5946
1 3154 4907
1 2496 424
1 3772 5298
1 5298 2126
1 6365 2920
1 6137 106
1 4770 1400
1 2389 1006
1 5876 2483
1 3148 691
1 1397 675
1 147 782
1 1098 676
1 1077 4966
1 1923 6080
1 6327 4884
1 5183 4137
1 4978 3381
1 1609 1998
1 1980 5519
1 313 2027
1 2204 3742
1 1006 5196
1 3595 6203
1 3159 49
1 6363 2257
1 5373 2616
1 879 1383
1 5095 463
1 2510 5584
1 733 1968
1 1492 761
1 1277 5675
1 5812 2301
1 3900 2986
1 2526 29
1 5099 3276
1 4251 4213
1 5428 6287
1 4333 3350
1 533 957
1 267 4167
1 3682 6146
1 3516 1928
1 1502 3927
1 1253 777
1 1898 5296
1 1324 726
1 6220 3064
1 842 858
1 5069 5991
1 3582 6142
1 5021 1557
1 765 4676
1 5223 2563
1 2323 4743
1 4812 1453
1 3335 4667
1 5153 3436
1 3150 286
1 5419 243
1 2880 3178
1 1283 1215
1 791 2175
1 1219 622
1 193 2798
1 5785 3931
1 2376 1446
1 942 3935
1 3133 1873
1 1598 1961
1 5779 6086
1 4137 140
1 6382 1256
1 4386 2576
1 4418 1751
1 4847 3195
1 5412 3995
1 4240 6168
1 1496 2161
1 3850 3196
1 1867 1459
1 5726 5247
1 2390 118
1 6127 6333
1 5208 1403
1 5734 5736
1 6396 48
1 2711 4532
1 3052 579
1 2327 2725
1 4689 4171
1 4909 2945
1 1545 4850
1 1820 5913
1 3349 4212
1 2257 2310
1 3533 4323
1 5046 4335
1 2228 3203
1 5417 4765
1 393 2214
1 4503 3886
1 1557 237
1 3375 5923
1 5359 1116
1 3975 3641
1 4909 3221
1 4727 3193
1 3790 1312
1 1061 3976
1 4486 4124
1 2928 893
1 4670 5094
1 5751 4027
1 3839 1373
1 1729 480
1 6002 6269
1 3249 4706
1 120 1458
1 1367 1656
1 1161 2093
1 3303 4270
1 5689 3024
1 3777 1525
1 1263 3829
1 5548 5675
1 204 1305
1 1934 5197
1 4861 3529
1 2084 4871
1 1853 811
1 6244 927
1 4487 5691
1 4029 1969
1 4013 1413
1 3136 1672
1 6354 941
1 974 625
1 6006 2808
1 2984 2317
1 3514 5616
1 4761 3583
1 1749 3703
1 4435 5558
1 649 2332
1 1687 750
1 4105 4800
1 4464 4066
1 3547 4938
1 5458 6042
1 5381 3778
1 3213 3543
1 6373 3695
1 516 5618
1 2899 4077
1 3467 1914
1 1284 2158
1 4648 2959
1 1885 829
1 4107 3425
1 3466 5541
1 393 3724
1 68 3164
1 1608 4060
1 1183 3240
1 2356 1278
1 4884 2611
1 2092 3325
1 3337 1802
1 670 2849
1 5082 3043
1 3969 5753
1 1844 2130
1 62 332
1 4900 5876
1 6102 453
1 2087 1436
1 4634 1290
1 4388 691
1 5929 390
1 1725 1896
1 3263 2903
1 205 3987
1 5855 3581
1 2776 5554
1 517 2459
1 2405 2142
1 5045 3223
1 4983 3631
1 623 935
1 4671 3288
1 810 4594
1 100 5881
1 3847 1438
1 4279 776
1 1101 3003
1 5945 1654
1 1433 5815
1 2525 2803
1 1474 2689
1 1774 3594
1 1280 5406
1 4257 3407
1 3587 1244
1 3660 4995
1 6230 2044
1 3089 3379
1 3742 3493
1 3053 4336
1 5316 6091
1 5406 5638
1 1734 688
1 1012 268
1 1778 3554
1 3017 5213
1 3778 3939
1 2686 1034
1 5920 2066
1 5562 4583
1 1197 5677
1 5502 4051
1 4210 6227
1 2508 6018
1 5423 4026
1 5709 4258
1 6188 2909
1 2540 2456
1 4633 3846
1 4444 3084
1 6161 1400
1 5409 2237
1 3028 3203
1 4167 4405
1 4695 1544
1 82 3538
1 1440 692
1 2102 4881
1 4658 720
1 3475 5502
1 2772 2957
1 1509 5742
1 131 6341
1 746 5909
1 6027 1135
1 4293 3295
1 5762 6387
1 5200 2953
1 2002 4605
1 3051 2276
1 1268 3321
1 3123 1302
1 4507 3125
1 3688 2393
1 4721 1167
1 5898 228
1 5531 648
1 6031 5927
1 3589 3485
1 4716 2437
1 5202 5385
1 3602 5729
1 6324 4697
1 4136 5275
1 5166 2183
1 3085 4019
1 4048 1137
1 694 2391
1 4482 3446
1 3701 4871
1 3207 3280
1 2957 2132
1 1310 1462
1 5295 22
1 5897 1172
1 747 1886
1 3883 4814
1 1023 4324
1 5713 6295
1 254 172
1 37 3943
1 2877 3729
1 397 2867
1 4280 4613
1 1016 119
1 3494 625
1 3728 3547
1 4053 2706
1 6349 542
1 2954 4581
1 2279 1704
1 1351 4766
1 4869 5829
1 1713 288
1 1448 5298
1 1646 3437
1 4181 4663
1 4536 381
1 5251 2608
1 2677 4995
1 5637 726
1 825 391
1 5972 3903
1 1818 583
1 1063 3606
1 1147 5704
1 2088 6390
1 4836 2336
1 2864 5781
1 5865 242
1 2744 2308
1 3236 4851
1 6247 626
1 1662 2567
1 2518 278
1 4811 4882
1 4856 5132
1 5905 1763
1 1020 2121
1 1085 2892
1 3560 137
1 5801 6005
1 5604 6237
1 6123 1846
1 585 4020
1 1263 5617
1 5150 2982
1 2989 4109
1 4743 853
1 3872 4650
1 581 3664
1 5095 2928
1 3654 1432
1 4240 3762
1 1409 3750
1 3982 1347
1 3945 3042
1 6052 3610
1 258 4075
1 6106 1858
1 3995 5904
1 322 2876
1 671 694
1 3412 3326
1 6054 1907
1 2030 5190
1 5739 5046
1 456 1279
1 2662 3466
1 4152 5391
1 1227 723
1 5285 1392
1 4692 5952
1 1619 2126
1 748 6027
1 3289 3018
1 5589 5359
1 6311 748
1 3556 6339
1 6299 4162
1 3430 3952
1 5533 2579
1 816 1992
1 6260 693
1 5328 6225
1 4023 5290
1 1627 1589
1 647 2220
1 5580 1812
1 305 5699
1 5380 708
1 6387 2385
1 2408 2277
1 2311 1461
1 6252 3283
1 5317 4724
1 5390 2283
1 5669 1430
1 1492 4427
1 2482 586
1 6074 2331
1 2151 3592
1 949 2624
1 788 2374
1 6249 4012
1 3230 2809
1 5407 2276
1 5411 315
1 4349 3888
1 1704 686
1 6252 1145
1 2176 4629
1 1102 2060
1 1550 6214
1 4992 3964
1 3978 5972
1 4460 3783
1 4724 1307
1 5384 2393
1 5335 4559
1 4895 587
1 5520 1479
1 5482 356
1 3625 1346
1 3798 1893
1 5496 6187
1 2353 1484
1 1423 3360
1 4847 93
1 1563 2543
1 3740 4505
1 2121 4244
1 3580 1349
1 1302 6169
1 2226 6200
1 2786 6405
1 2500 4703
1 6348 4725
1 3367 2219
1 5438 2064
1 5239 2548
1 4479 6238
1 3994 5348
1 3069 5734
1 5718 3905
1 197 4596
1 6240 2656
1 2936 5294
1 5633 6180
1 2896 1916
1 4147 5444
1 1822 2012
1 115 2838
1 4631 159
1 183 1147
1 4930 3760
1 3562 2826
1 5116 183
1 3899 5859
1 906 2758
1 1383 778
1 6153 1241
1 2017 2259
1 5829 2227
1 5187 4978
1 1471 1909
1 6122 3556
1 4039 1880
1 4687 593
1 3362 3855
1 1051 5900
1 2178 228
1 901 600
1 894 2871
1 1691 5014
1 1540 6338
1 2749 4273
1 5792 3663
1 2325 4208
1 5307 2358
1 2841 2366
1 1186 2852
1 2623 3878
1 3817 4087
1 1623 1975
1 4304 5297
1 305 1970
1 6323 1732
1 5787 6382
1 3198 129
1 3982 3842
1 223 3153
1 179 740
1 2731 1590
1 3331 4840
1 955 4628
1 360 4536
1 387 1293
1 5685 5532
1 1036 6386
1 1003 4287
1 6141 6102
1 4165 5707
1 969 524
1 1502 404
1 697 2167
1 3319 6185
1 2737 2332
1 5559 4265
1 1311 4678
1 2899 537
1 2428 2099
1 2361 2463
1 2668 1138
1 4353 3208
1 4430 4216
1 2324 2309
1 5350 2290
1 5005 6163
1 2230 3398
1 5306 928
1 1889 2067
1 5951 4550
1 4775 965
1 1107 5163
1 3946 4766
1 4193 4154
1 5366 5578
1 2593 1491
1 59 2870
1 876 5927
1 1775 1385
1 5656 2409
1 2265 5010
1 1057 5292
1 2269 5982
1 5520 1706
1 2927 5965
1 1092 851
1 4566 1396
1 5323 1214
1 4716 6271
1 385 4433
1 1566 5635
1 1422 667
1 5321 3580
1 4243 4080
1 5591 3575
1 4417 5960
1 4141 6318
1 2114 5624
1 4702 3969
1 4629 4273
1 69 4143
1 451 522
1 689 1477
1 3969 2870
1 5838 4795
1 6327 301
1 702 4992
1 4715 36
1 5446 451
1 4981 1502
1 148 2005
1 2803 51
1 3066 3964
1 537 1511
1 5 4419
1 5748 2610
1 6304 1642
1 3841 122
1 2049 75
1 3793 3356
1 1027 3133
1 3569 4263
1 1346 5427
1 5671 1875
1 6108 926
1 1176 893
1 3580 4267
1 5415 4616
1 5242 2320
1 1688 3178
1 1469 2453
1 1558 1656
1 6322 140
1 154 6350
1 359 1861
1 1382 3260
1 4535 1417
1 2896 6309
1 3930 4891
1 1081 1304
1 4219 1051
1 4649 2744
1 4791 4542
1 4946 3094
1 3401 3229
1 3874 4996
1 1073 5675
1 5550 3512
1 618 4338
1 5527 1282
1 5815 4540
1 3190 485
1 4332 3290
1 2014 1154
1 4588 1329
1 3237 6244
1 5923 3177
1 3127 5190
1 3502 6339
1 6397 1325
1 4117 5521
1 1130 3803
1 2706 674
1 1815 971
1 3475 542
1 5389 4040
1 2543 3200
1 1049 1925
1 1651 2845
1 2601 85
1 3622 5874
1 1235 1976
1 1736 5074
1 4113 4574
1 1840 2441
1 6174 3755
1 573 956
1 6363 5990
1 1653 4371
1 3780 6245
1 75 5075
1 4627 4846
1 1220 5147
1 2230 5021
1 6111 1309
1 4542 6186
1 5583 6169
1 2763 558
1 3539 4267
1 4101 2567
1 4869 3510
1 943 2220
1 4536 69
1 5856 4228
1 3528 814
1 1757 133
1 4885 1947
1 3627 361
1 3590 699
1 5002 3827
1 2053 6324
1 3906 6159
1 2015 5208
1 3609 4612
1 580 1536
1 647 6067
1 483 2692
1 3096 46
1 4190 5203
1 5373 4501
1 2350 2316
1 3376 4272
1 2174 4789
1 2710 1646
1 472 6280
1 4584 4427
1 2932 3247
1 5651 3150
1 4737 1381
1 5796 3573
1 34 3066
1 2362 1943
1 4620 220
1 3942 1420
1 760 1497
1 949 2843
1 4726 3167
1 3678 1134
1 2024 1103
1 2539 5468
1 3631 4463
1 4817 4155
1 5875 1301
1 5637 1736
1 1656 5144
1 6004 3106
1 3804 104
1 5001 2572
1 5186 5211
1 3755 5031
1 836 2568
1 4399 3752
1 6248 3356
1 276 3686
1 6392 1795
1 6163 1311
1 5372 987
1 4069 1689
1 1267 581
1 7 3539
1 4902 2609
1 4690 1014
1 2745 5361
1 5439 830
1 5565 5928
1 484 3306
1 4379 3830
1 6361 6001
1 421 3631
1 1823 899
1 2154 464
1 2050 5722
1 580 5205
1 826 6307
1 590 4499
1 1230 994
1 2326 3791
1 646 1809
1 4614 5412
1 5945 3477
1 1083 1586
1 4573 1039
1 1480 1012
1 6157 1187
1 1377 6020
1 4745 448
1 2393 6058
1 425 1377
1 3866 5560
1 4644 126
1 1274 5621
1 3856 2196
1 6321 1849
1 5341 2713
1 1664 4005
1 921 230
1 3746 5074
1 2541 4036
1 6150 4455
1 2731 4292
1 662 237
1 4448 5156
1 51 4691
1 1421 1558
1 1029 4237
1 120 3448
1 3772 1365
1 3464 484
1 5391 5029
1 3463 2712
1 1303 3888
1 3113 5917
1 2923 1307
1 4299 5256
1 5393 2719
1 1405 2561
1 4335 4062
1 5413 4822
1 3141 2458
1 4676 2745
1 5300 3167
1 1070 82
1 6059 5898
1 626 2973
1 4250 1480
1 6063 454
1 4232 2935
1 5717 5891
1 689 562
1 1518 2266
1 2385 6083
1 4998 5948
1 2326 5162
1 1690 3576
1 1723 4609
1 2464 830
1 5314 1717
1 3276 2201
1 3300 742
1 5828 2942
1 5618 4013
1 3598 5201
1 386 2455
1 1409 5868
1 1458 2999
1 890 1133
1 4216 5633
1 3394 286
1 8 3268
1 2607 4050
1 5025 284
1 4441 4866
1 5272 5218
1 6170 924
1 3582 2174
1 68 3446
1 5043 5833
1 2142 3845
1 1253 6097
1 3635 5941
1 4127 1925
1 3616 2517
1 3273 2240
1 1291 2453
1 4824 4773
1 272 3851
1 605 4480
1 439 5028
1 5786 3135
1 6108 991
1 488 4194
1 3556 5771
1 46 5175
1 3315 6244
1 5999 675
1 436 5214
1 6392 4524
1 2860 124
1 3985 2147
1 2222 2746
1 2600 1739
1 5219 806
1 6004 5656
1 949 702
1 955 3929
1 3601 3270
1 5094 860
1 4111 1703
1 3381 3349
1 3683 3389
1 4328 451
1 2313 3909
1 2578 6244
1 3802 1918
1 2408 2465
1 3073 6171
1 1530 2463
1 5569 64
1 5593 6271
1 2004 4823
1 91 6190
1 683 6280
1 1448 812
1 6334 5272
1 4288 1206
1 2601 6333
1 5962 6183
1 3770 3227
1 4213 5907
1 1616 3656
1 2041 2892
1 6328 652
1 4547 4572
1 1979 5820
1 6312 2566
1 2937 508
1 3574 5614
1 4219 4663
1 4559 2859
1 4888 2763
1 4822 1108
1 5415 4774
1 278 5017
1 5119 3788
1 3046 3859
1 283 1365
1 6052 4593
1 6 319
1 438 2910
1 4334 658
1 3694 4223
1 2191 5246
1 1270 2575
1 5808 2572
1 1592 4172
1 144 148
1 2818 3297
1 5844 5065
1 1381 2113
1 5757 2602
1 2724 5858
1 1712 1814
1 3339 2511
1 229 3359
1 4880 5716
1 1543 3311
1 2110 4388
1 2204 2295
1 2913 4760
1 1263 3768
1 4373 1132
1 4687 5633
1 157 1969
1 5776 3531
1 4178 3039
1 2044 1555
1 2889 1987
1 3641 678
1 1875 6235
1 377 3153
1 1180 3106
1 4533 408
1 4855 6245
1 6051 3422
1 2170 3093
1 4302 5417
1 533 488
1 1230 4926
1 160 3530
1 913 2810
1 3189 6396
1 3301 3459
1 6294 2022
1 1196 2773
1 5014 3836
1 2848 265
1 5762 6094
1 6039 6132
1 1079 1761
1 6151 1092
1 2656 4340
1 2342 5567
1 1931 4493
1 5812 4218
1 3162 3867
1 2192 1175
1 5284 3885
1 6073 2912
1 2350 2436
1 1782 3853
1 2959 3892
1 2176 5834
1 1872 6071
1 2363 970
1 1181 3368
1 2043 5198
1 5730 4516
1 5867 2568
1 804 6059
1 6276 968
1 817 5724
1 2614 1356
1 1931 406
1 420 4291
1 2995 3593
1 1763 198
1 4375 6167
1 5462 3917
1 5140 6126
1 3209 2825
1 4646 2554
1 4752 6398
1 2941 3959
1 5397 5895
1 3145 3526
1 1339 4353
1 5134 1249
1 1461 1678
1 2293 2026
1 285 6237
1 3392 5704
1 3865 4834
1 2728 4235
1 2874 814
1 2253 1283
1 4704 1673
1 759 4401
1 5157 6014
1 1333 5158
1 4719 3619
1 129 2391
1 1614 4790
1 3982 1452
1 1059 5804
1 3469 5468
1 3901 5849
1 1123 3921
1 156 307
1 2474 1078
1 1518 227
1 4259 6169
1 4910 608
1 2411 1855
1 2795 4433
1 4599 689
1 5515 5666
1 1455 5192
1 4028 3007
1 6187 6225
1 350 608
1 2188 3168
1 833 1825
1 2704 1199
1 4950 868
1 4239 3665
1 3593 5978
1 5436 171
1 3670 3682
1 2781 1032
1 689 1854
1 2173 2751
1 4529 5137
1 2401 2057
1 3044 6146
1 1627 6200
1 3706 1627
1 3527 575
1 6314 2201
1 6057 1165
1 4228 4095
1 1433 6411
1 3507 2529
1 4103 5526
1 491 5506
1 5566 6136
1 1359 2564
1 4150 3340
1 3423 1369
1 4299 435
1 2373 5365
1 828 4816
1 6002 5160
1 49 3093
1 5324 2595
1 3321 878
1 2755 5724
1 609 937
1 2956 4510
1 1283 4794
1 6107 1287
1 3144 533
1 3268 4074
1 1344 3994
1 4746 1930
1 4098 1089
1 49 1246
1 2206 5640
1 453 366
1 5661 6205
1 608 2798
1 4067 2766
1 2767 6294
1 3012 26
1 693 4423
1 1709 2856
1 6135 1655
1 1542 303
1 1173 4465
1 1187 5006
1 3706 3474
1 5505 4261
1 6028 2703
1 1464 5112
1 3938 2515
1 4562 557
1 3751 1181
1 4615 5690
1 4743 2051
1 6166 5417
1 6028 1682
1 1043 4656
1 6191 1977
1 3760 5871
1 5992 4920
1 5486 2103
1 1601 3574
1 267 234
1 829 3621
1 4965 6368
1 4856 4671
1 5980 4391
1 590 3850
1 1943 5167
1 6410 5641
1 608 4027
1 609 3975
1 5006 3239
1 2921 3948
1 1818 3884
1 68 4287
1 1632 6357
1 5157 6020
1 3706 595
1 2224 6412
1 1116 6027
1 6328 1912
1 5879 383
1 6122 2950
1 4636 6049
1 4881 728
1 2293 1067
1 1837 755
1 5868 4620
1 5808 6187
1 2304 5402
1 4756 145
1 6106 2372
1 5277 3999
1 2196 4699
1 3070 303
1 4006 4633
1 5518 2997
1 3495 796
1 2848 5905
1 5959 2828
1 2543 3090
1 2996 5512
1 4474 4735
1 5824 1755
1 482 2157
1 4550 4530
1 5381 934
1 2117 457
1 6062 3427
1 1511 2463
1 1628 2145
1 2896 480
1 2619 4222
1 1171 5655
1 1996 2310
1 1645 3019
1 4446 3985
1 4966 1031
1 2725 967
1 2718 1246
1 2118 2610
1 3521 3278
1 4488 4836
1 4897 1475
1 1883 6215
1 151 1274
1 438 2172
1 433 5060
1 766 1673
1 3315 982
1 5136 472
1 2206 2076
1 1892 4198
1 2661 2349
1 3671 104
1 1783 5761
1 5535 4589
1 2092 97
1 3872 2286
1 2307 1097
1 1286 4828
1 5519 767
1 1428 1947
1 6060 848
1 6373 5614
1 5992 2661
1 197 3397
1 1525 2544
1 3585 1273
1 4563 2292
1 5329 4293
1 6320 3455
1 4760 5081
1 3843 1005
1 6322 836
1 659 5651
1 3198 3900
1 1402 4736
1 160 3613
