2000 2000
0 1 1 1
0 1 1 2
0 1 1 3
0 0 1 4
0 1 1 5
0 0 1 6
0 1 1 7
0 0 1 8
0 0 1 9
0 1 1 10
1 8 2010
1 8 2010
0 0 1 11
0 1 1 12
0 0 1 13
1 8 2013
0 0 1 14
0 0 1 15
0 0 1 16
1 14 2016
1 15 2016
1 11 2016
1 12 2016
0 0 1 17
1 14 2017
1 17 2017
0 0 1 18
1 18 2018
1 18 2018
1 14 2018
1 13 2018
0 0 1 19
0 0 1 20
0 1 1 21
1 20 2021
1 20 2021
0 1 1 22
1 21 2022
1 21 2022
1 21 2022
0 0 1 23
0 0 1 24
1 22 2024
0 1 1 25
1 21 2025
0 0 1 26
0 0 1 27
0 0 1 28
1 28 2028
1 26 2028
0 1 1 29
0 1 1 30
1 25 2030
0 1 1 31
1 27 2031
1 30 2031
1 30 2031
0 1 1 32
0 1 1 33
1 32 2033
0 0 1 34
0 0 1 35
0 0 1 36
0 1 1 37
1 35 2037
0 0 1 38
1 35 2038
0 1 1 39
1 35 2039
1 35 2039
0 1 1 40
0 1 1 41
1 37 2041
1 36 2041
1 37 2041
1 40 2041
1 38 2041
1 40 2041
1 39 2041
1 40 2041
0 1 1 42
1 41 2042
1 42 2042
0 1 1 43
1 43 2043
1 39 2043
0 0 1 44
1 40 2044
1 40 2044
1 39 2044
1 39 2044
0 1 1 45
0 0 1 46
0 1 1 47
1 43 2047
0 0 1 48
1 44 2048
1 47 2048
0 1 1 49
1 45 2049
1 48 2049
1 47 2049
1 46 2049
1 46 2049
1 46 2049
1 44 2049
0 1 1 50
1 50 2050
0 0 1 51
1 46 2051
0 0 1 52
1 50 2052
0 1 1 53
1 49 2053
1 51 2053
0 0 1 54
0 1 1 55
0 1 1 56
1 53 2056
1 55 2056
0 0 1 57
1 54 2057
1 55 2057
1 56 2057
0 0 1 58
1 55 2058
1 54 2058
0 1 1 59
1 54 2059
1 55 2059
1 56 2059
0 0 1 60
0 0 1 61
1 57 2061
1 56 2061
0 0 1 62
0 0 1 63
0 1 1 64
1 64 2064
1 59 2064
0 1 1 65
1 63 2065
0 0 1 66
0 0 1 67
0 0 1 68
0 1 1 69
0 0 1 70
1 65 2070
1 68 2070
0 0 1 71
1 68 2071
1 71 2071
1 70 2071
1 69 2071
0 1 1 72
1 70 2072
0 0 1 73
0 1 1 74
1 73 2074
1 73 2074
1 70 2074
0 0 1 75
0 0 1 76
0 1 1 77
1 75 2077
0 0 1 78
1 76 2078
1 76 2078
0 0 1 79
1 75 2079
0 1 1 80
1 76 2080
1 80 2080
1 80 2080
1 80 2080
0 1 1 81
1 76 2081
0 0 1 82
1 78 2082
1 78 2082
1 77 2082
0 1 1 83
0 1 1 84
1 81 2084
1 84 2084
1 83 2084
0 0 1 85
1 84 2085
0 0 1 86
0 0 1 87
0 1 1 88
0 0 1 89
1 86 2089
0 0 1 90
1 88 2090
1 88 2090
1 89 2090
1 85 2090
0 0 1 91
0 0 1 92
1 89 2092
0 0 1 93
1 90 2093
1 90 2093
1 90 2093
0 0 1 94
0 1 1 95
0 0 1 96
1 94 2096
1 96 2096
1 95 2096
0 1 1 97
0 1 1 98
0 0 1 99
1 99 2099
0 0 1 100
0 1 1 101
1 99 2101
1 97 2101
0 1 1 102
1 98 2102
0 0 1 103
1 103 2103
1 100 2103
0 1 1 104
0 1 1 105
1 103 2105
1 104 2105
1 100 2105
0 1 1 106
1 102 2106
0 0 1 107
1 102 2107
0 0 1 108
1 103 2108
0 1 1 109
0 1 1 110
1 108 2110
1 110 2110
0 0 1 111
0 0 1 112
0 0 1 113
1 110 2113
1 113 2113
0 0 1 114
0 0 1 115
0 0 1 116
1 111 2116
0 0 1 117
0 0 1 118
1 115 2118
0 1 1 119
0 0 1 120
1 118 2120
0 0 1 121
0 1 1 122
1 121 2122
0 1 1 123
0 1 1 124
0 0 1 125
1 125 2125
0 0 1 126
1 121 2126
0 1 1 127
1 125 2127
1 126 2127
1 123 2127
0 0 1 128
1 126 2128
0 1 1 129
0 0 1 130
1 128 2130
1 127 2130
1 130 2130
0 1 1 131
1 126 2131
0 1 1 132
1 132 2132
1 128 2132
0 0 1 133
0 1 1 134
1 130 2134
1 131 2134
0 0 1 135
1 131 2135
0 1 1 136
0 1 1 137
0 0 1 138
0 1 1 139
0 1 1 140
1 138 2140
0 0 1 141
1 140 2141
1 137 2141
0 1 1 142
0 1 1 143
1 140 2143
1 141 2143
1 138 2143
1 138 2143
0 0 1 144
1 139 2144
0 0 1 145
0 0 1 146
0 1 1 147
1 142 2147
1 146 2147
0 0 1 148
0 1 1 149
0 1 1 150
1 148 2150
1 145 2150
1 148 2150
0 0 1 151
1 150 2151
0 1 1 152
0 0 1 153
0 1 1 154
0 0 1 155
0 0 1 156
1 151 2156
1 151 2156
1 153 2156
1 156 2156
1 156 2156
1 155 2156
0 0 1 157
1 154 2157
1 155 2157
0 1 1 158
1 157 2158
1 158 2158
0 1 1 159
1 158 2159
0 1 1 160
1 155 2160
0 0 1 161
1 161 2161
1 161 2161
0 0 1 162
1 157 2162
1 162 2162
1 161 2162
1 160 2162
1 161 2162
1 160 2162
1 160 2162
0 1 1 163
0 0 1 164
1 163 2164
0 1 1 165
0 0 1 166
1 161 2166
0 0 1 167
1 165 2167
0 1 1 168
0 0 1 169
0 1 1 170
0 1 1 171
0 1 1 172
0 0 1 173
0 1 1 174
0 1 1 175
0 1 1 176
1 174 2176
0 0 1 177
0 0 1 178
0 1 1 179
0 1 1 180
1 177 2180
0 0 1 181
0 0 1 182
0 1 1 183
0 0 1 184
1 179 2184
1 181 2184
0 1 1 185
1 185 2185
0 0 1 186
1 181 2186
0 0 1 187
0 0 1 188
0 0 1 189
1 184 2189
1 189 2189
1 185 2189
0 1 1 190
1 189 2190
1 187 2190
0 0 1 191
1 187 2191
1 191 2191
1 186 2191
1 189 2191
1 187 2191
0 1 1 192
1 191 2192
0 1 1 193
0 1 1 194
0 1 1 195
0 0 1 196
1 193 2196
1 193 2196
0 0 1 197
1 197 2197
0 0 1 198
0 0 1 199
1 197 2199
1 196 2199
1 199 2199
1 194 2199
0 0 1 200
0 0 1 201
1 196 2201
0 1 1 202
1 202 2202
1 201 2202
1 201 2202
1 200 2202
0 1 1 203
0 0 1 204
1 200 2204
1 199 2204
0 0 1 205
0 1 1 206
0 1 1 207
0 1 1 208
0 0 1 209
0 0 1 210
1 208 2210
1 207 2210
1 210 2210
0 0 1 211
0 1 1 212
0 0 1 213
1 210 2213
0 0 1 214
0 0 1 215
1 211 2215
1 215 2215
1 213 2215
1 215 2215
0 1 1 216
1 215 2216
0 0 1 217
0 1 1 218
1 215 2218
0 1 1 219
0 1 1 220
0 0 1 221
1 218 2221
0 1 1 222
1 219 2222
0 1 1 223
0 1 1 224
1 224 2224
0 0 1 225
1 225 2225
1 222 2225
0 0 1 226
0 1 1 227
1 224 2227
0 1 1 228
0 0 1 229
0 0 1 230
1 225 2230
1 226 2230
0 0 1 231
0 0 1 232
0 0 1 233
1 231 2233
0 0 1 234
0 1 1 235
1 235 2235
0 0 1 236
0 0 1 237
1 237 2237
0 1 1 238
0 0 1 239
1 236 2239
0 0 1 240
0 1 1 241
0 1 1 242
0 0 1 243
1 242 2243
1 241 2243
1 240 2243
1 241 2243
0 0 1 244
1 240 2244
1 239 2244
1 240 2244
1 239 2244
0 1 1 245
1 244 2245
0 0 1 246
1 243 2246
0 0 1 247
1 247 2247
1 242 2247
0 1 1 248
0 0 1 249
1 246 2249
1 244 2249
0 1 1 250
0 0 1 251
0 0 1 252
0 0 1 253
0 0 1 254
0 0 1 255
0 1 1 256
1 256 2256
1 252 2256
0 0 1 257
0 0 1 258
0 0 1 259
1 257 2259
1 257 2259
0 1 1 260
1 259 2260
0 1 1 261
1 257 2261
1 257 2261
0 0 1 262
0 0 1 263
1 263 2263
0 1 1 264
0 1 1 265
0 0 1 266
1 262 2266
1 265 2266
0 1 1 267
0 0 1 268
1 268 2268
0 1 1 269
0 0 1 270
0 0 1 271
1 269 2271
0 1 1 272
0 0 1 273
1 273 2273
0 0 1 274
1 274 2274
1 274 2274
0 0 1 275
1 273 2275
0 1 1 276
1 275 2276
1 271 2276
0 1 1 277
0 0 1 278
1 273 2278
0 1 1 279
1 278 2279
1 276 2279
1 276 2279
1 275 2279
0 0 1 280
0 1 1 281
1 277 2281
1 281 2281
0 1 1 282
1 277 2282
0 1 1 283
0 0 1 284
1 281 2284
0 1 1 285
1 283 2285
0 0 1 286
0 0 1 287
0 1 1 288
0 0 1 289
0 0 1 290
0 0 1 291
1 289 2291
0 0 1 292
0 1 1 293
0 0 1 294
0 1 1 295
0 1 1 296
0 0 1 297
0 0 1 298
0 1 1 299
0 1 1 300
0 1 1 301
1 298 2301
1 296 2301
0 1 1 302
1 301 2302
0 0 1 303
0 0 1 304
0 1 1 305
1 304 2305
0 0 1 306
1 301 2306
0 0 1 307
1 304 2307
1 307 2307
0 0 1 308
1 304 2308
1 304 2308
1 306 2308
0 1 1 309
0 0 1 310
0 0 1 311
1 311 2311
1 306 2311
1 311 2311
1 307 2311
1 310 2311
1 307 2311
1 309 2311
0 0 1 312
0 0 1 313
0 0 1 314
1 311 2314
1 311 2314
1 312 2314
0 1 1 315
1 315 2315
1 315 2315
0 0 1 316
0 1 1 317
0 0 1 318
1 314 2318
0 1 1 319
0 1 1 320
0 1 1 321
1 316 2321
0 0 1 322
0 0 1 323
1 320 2323
0 1 1 324
1 320 2324
1 322 2324
1 320 2324
0 0 1 325
0 1 1 326
1 323 2326
1 323 2326
1 323 2326
0 0 1 327
0 1 1 328
0 0 1 329
1 325 2329
1 324 2329
0 0 1 330
0 0 1 331
0 0 1 332
0 0 1 333
1 329 2333
1 333 2333
1 330 2333
0 0 1 334
0 1 1 335
1 333 2335
1 334 2335
1 333 2335
1 335 2335
0 1 1 336
0 0 1 337
0 1 1 338
0 0 1 339
1 335 2339
1 335 2339
1 338 2339
0 1 1 340
0 1 1 341
0 0 1 342
1 340 2342
0 1 1 343
0 1 1 344
1 344 2344
1 339 2344
1 340 2344
1 342 2344
1 339 2344
0 1 1 345
1 341 2345
1 345 2345
1 341 2345
1 340 2345
0 1 1 346
1 343 2346
1 342 2346
0 1 1 347
1 344 2347
1 344 2347
1 342 2347
1 343 2347
0 1 1 348
1 343 2348
0 1 1 349
1 344 2349
1 349 2349
1 347 2349
0 0 1 350
1 346 2350
1 346 2350
1 346 2350
1 347 2350
1 349 2350
0 0 1 351
1 346 2351
0 1 1 352
1 351 2352
0 0 1 353
1 350 2353
0 1 1 354
1 354 2354
0 0 1 355
0 0 1 356
1 353 2356
0 1 1 357
1 354 2357
1 356 2357
1 354 2357
1 352 2357
0 0 1 358
1 356 2358
0 0 1 359
0 1 1 360
0 1 1 361
0 1 1 362
1 358 2362
1 362 2362
0 1 1 363
0 0 1 364
0 0 1 365
1 365 2365
1 363 2365
0 0 1 366
1 362 2366
0 0 1 367
1 364 2367
0 1 1 368
1 365 2368
1 366 2368
1 367 2368
1 367 2368
0 1 1 369
0 0 1 370
1 368 2370
0 0 1 371
0 1 1 372
0 0 1 373
1 370 2373
0 0 1 374
0 1 1 375
1 373 2375
1 372 2375
1 373 2375
0 0 1 376
1 374 2376
1 372 2376
1 372 2376
1 376 2376
0 1 1 377
1 374 2377
1 372 2377
0 0 1 378
0 0 1 379
1 379 2379
0 0 1 380
0 0 1 381
0 1 1 382
1 382 2382
1 381 2382
1 377 2382
1 381 2382
1 381 2382
1 377 2382
0 0 1 383
1 383 2383
0 0 1 384
0 1 1 385
0 0 1 386
0 1 1 387
1 382 2387
1 386 2387
1 383 2387
0 0 1 388
0 1 1 389
0 0 1 390
1 385 2390
1 389 2390
1 386 2390
0 0 1 391
1 386 2391
0 0 1 392
1 390 2392
0 0 1 393
0 0 1 394
1 389 2394
1 393 2394
0 1 1 395
1 393 2395
0 1 1 396
0 0 1 397
1 396 2397
1 397 2397
0 1 1 398
1 396 2398
0 0 1 399
0 0 1 400
1 399 2400
0 1 1 401
0 1 1 402
1 402 2402
0 0 1 403
1 398 2403
0 0 1 404
0 0 1 405
0 0 1 406
0 1 1 407
1 403 2407
1 403 2407
0 0 1 408
1 406 2408
0 0 1 409
0 0 1 410
1 409 2410
1 406 2410
1 406 2410
0 0 1 411
0 0 1 412
1 407 2412
0 0 1 413
1 412 2413
1 409 2413
0 1 1 414
1 412 2414
0 0 1 415
0 0 1 416
0 1 1 417
0 0 1 418
0 0 1 419
1 419 2419
1 418 2419
1 415 2419
1 414 2419
0 1 1 420
1 415 2420
1 420 2420
0 1 1 421
1 418 2421
0 0 1 422
0 1 1 423
0 0 1 424
0 0 1 425
0 1 1 426
1 426 2426
0 1 1 427
0 0 1 428
0 0 1 429
1 429 2429
1 425 2429
1 429 2429
1 426 2429
1 429 2429
0 0 1 430
1 429 2430
0 0 1 431
1 427 2431
0 0 1 432
1 427 2432
0 0 1 433
1 431 2433
1 431 2433
1 432 2433
0 1 1 434
0 1 1 435
0 1 1 436
0 0 1 437
0 1 1 438
1 435 2438
0 0 1 439
1 434 2439
0 1 1 440
1 437 2440
0 1 1 441
0 0 1 442
1 439 2442
0 0 1 443
1 440 2443
0 1 1 444
1 443 2444
1 443 2444
0 0 1 445
1 441 2445
0 1 1 446
1 443 2446
0 1 1 447
0 0 1 448
0 1 1 449
0 1 1 450
0 1 1 451
0 0 1 452
1 448 2452
0 0 1 453
0 1 1 454
0 1 1 455
0 1 1 456
1 452 2456
1 454 2456
1 454 2456
0 0 1 457
0 1 1 458
0 1 1 459
1 458 2459
0 0 1 460
1 455 2460
0 0 1 461
0 0 1 462
0 0 1 463
0 0 1 464
0 1 1 465
1 465 2465
1 464 2465
1 463 2465
1 462 2465
1 462 2465
1 461 2465
0 1 1 466
0 0 1 467
1 464 2467
1 464 2467
0 0 1 468
0 0 1 469
0 0 1 470
0 1 1 471
0 0 1 472
1 467 2472
1 467 2472
0 0 1 473
0 1 1 474
0 1 1 475
0 1 1 476
0 1 1 477
0 0 1 478
0 0 1 479
1 479 2479
1 479 2479
0 0 1 480
0 0 1 481
1 480 2481
1 477 2481
1 481 2481
1 480 2481
1 480 2481
0 1 1 482
1 482 2482
0 1 1 483
1 479 2483
0 0 1 484
1 479 2484
1 481 2484
1 484 2484
0 1 1 485
1 480 2485
0 0 1 486
0 0 1 487
1 482 2487
0 0 1 488
1 488 2488
1 487 2488
1 484 2488
1 484 2488
1 486 2488
1 487 2488
1 487 2488
1 483 2488
0 1 1 489
0 0 1 490
0 0 1 491
0 1 1 492
1 491 2492
0 0 1 493
0 0 1 494
1 493 2494
1 494 2494
1 492 2494
1 494 2494
0 0 1 495
0 1 1 496
1 491 2496
0 0 1 497
1 497 2497
1 495 2497
1 493 2497
1 495 2497
0 0 1 498
1 498 2498
1 493 2498
1 493 2498
0 1 1 499
0 1 1 500
1 496 2500
0 0 1 501
1 501 2501
1 497 2501
1 500 2501
1 498 2501
1 496 2501
1 500 2501
1 497 2501
1 497 2501
1 497 2501
0 0 1 502
1 499 2502
0 0 1 503
0 1 1 504
1 499 2504
0 1 1 505
0 0 1 506
1 505 2506
0 0 1 507
0 0 1 508
1 503 2508
0 1 1 509
0 1 1 510
1 505 2510
0 0 1 511
0 0 1 512
0 1 1 513
0 0 1 514
1 513 2514
0 0 1 515
0 0 1 516
0 0 1 517
0 1 1 518
1 517 2518
1 517 2518
1 517 2518
0 0 1 519
0 1 1 520
0 0 1 521
0 0 1 522
1 517 2522
1 521 2522
1 517 2522
0 1 1 523
0 1 1 524
0 0 1 525
1 525 2525
0 0 1 526
1 522 2526
0 0 1 527
0 1 1 528
1 523 2528
1 528 2528
0 0 1 529
1 527 2529
1 526 2529
1 528 2529
1 528 2529
1 525 2529
0 0 1 530
1 528 2530
0 1 1 531
0 1 1 532
0 0 1 533
1 528 2533
1 528 2533
1 532 2533
1 529 2533
1 533 2533
1 528 2533
1 529 2533
1 528 2533
0 0 1 534
0 1 1 535
0 0 1 536
0 1 1 537
0 0 1 538
1 534 2538
1 536 2538
1 534 2538
1 536 2538
1 536 2538
0 1 1 539
0 1 1 540
0 0 1 541
0 1 1 542
1 541 2542
1 537 2542
1 539 2542
1 542 2542
0 1 1 543
1 542 2543
1 543 2543
1 538 2543
1 538 2543
0 1 1 544
1 540 2544
0 0 1 545
0 0 1 546
1 546 2546
1 545 2546
0 0 1 547
1 542 2547
1 542 2547
0 1 1 548
1 545 2548
0 0 1 549
0 1 1 550
0 0 1 551
1 546 2551
0 0 1 552
0 0 1 553
1 550 2553
1 549 2553
1 550 2553
1 552 2553
0 1 1 554
1 552 2554
0 0 1 555
0 1 1 556
1 554 2556
0 0 1 557
0 1 1 558
0 1 1 559
0 0 1 560
0 0 1 561
0 1 1 562
0 1 1 563
1 560 2563
1 560 2563
1 559 2563
1 563 2563
0 0 1 564
0 0 1 565
1 563 2565
0 0 1 566
0 0 1 567
1 566 2567
1 562 2567
0 0 1 568
1 568 2568
1 564 2568
0 1 1 569
0 1 1 570
1 567 2570
1 567 2570
1 567 2570
1 567 2570
1 567 2570
1 565 2570
0 1 1 571
1 571 2571
1 567 2571
0 0 1 572
0 1 1 573
1 568 2573
0 1 1 574
1 573 2574
0 1 1 575
1 573 2575
0 0 1 576
0 0 1 577
1 577 2577
0 1 1 578
0 0 1 579
0 0 1 580
1 577 2580
0 0 1 581
1 576 2581
0 0 1 582
1 579 2582
0 0 1 583
0 1 1 584
0 1 1 585
0 1 1 586
1 586 2586
0 0 1 587
1 587 2587
1 584 2587
1 586 2587
0 0 1 588
0 0 1 589
0 0 1 590
0 1 1 591
0 0 1 592
1 591 2592
0 1 1 593
0 1 1 594
1 590 2594
1 593 2594
0 1 1 595
1 595 2595
0 1 1 596
1 593 2596
1 593 2596
1 592 2596
0 0 1 597
0 1 1 598
1 593 2598
1 598 2598
1 598 2598
0 1 1 599
0 1 1 600
1 598 2600
1 599 2600
0 0 1 601
1 596 2601
1 597 2601
1 597 2601
1 601 2601
0 1 1 602
1 601 2602
1 600 2602
1 601 2602
1 597 2602
1 599 2602
1 600 2602
0 1 1 603
0 1 1 604
0 1 1 605
1 602 2605
0 0 1 606
1 605 2606
0 0 1 607
1 604 2607
0 0 1 608
0 1 1 609
1 609 2609
1 605 2609
0 1 1 610
1 609 2610
1 605 2610
0 1 1 611
0 0 1 612
0 0 1 613
1 611 2613
1 613 2613
1 613 2613
0 0 1 614
1 613 2614
1 610 2614
0 0 1 615
0 1 1 616
0 0 1 617
1 616 2617
1 612 2617
1 617 2617
1 616 2617
0 1 1 618
1 613 2618
1 615 2618
0 0 1 619
0 0 1 620
0 1 1 621
1 619 2621
0 1 1 622
0 1 1 623
0 0 1 624
0 1 1 625
0 1 1 626
1 624 2626
0 0 1 627
0 1 1 628
0 0 1 629
1 629 2629
0 0 1 630
1 628 2630
0 1 1 631
0 1 1 632
0 0 1 633
0 0 1 634
0 1 1 635
1 634 2635
1 632 2635
1 633 2635
0 1 1 636
0 0 1 637
1 632 2637
0 1 1 638
1 634 2638
1 637 2638
0 1 1 639
0 0 1 640
0 0 1 641
0 0 1 642
1 639 2642
1 642 2642
1 638 2642
1 637 2642
0 1 1 643
0 0 1 644
0 1 1 645
0 0 1 646
1 644 2646
1 644 2646
1 641 2646
1 645 2646
1 643 2646
0 1 1 647
0 0 1 648
0 0 1 649
0 1 1 650
0 0 1 651
0 1 1 652
0 1 1 653
0 0 1 654
1 652 2654
1 649 2654
0 1 1 655
0 0 1 656
1 654 2656
1 656 2656
1 654 2656
0 1 1 657
1 656 2657
1 654 2657
0 0 1 658
1 656 2658
1 658 2658
1 656 2658
1 654 2658
0 1 1 659
0 0 1 660
0 0 1 661
0 1 1 662
0 1 1 663
0 0 1 664
0 1 1 665
0 0 1 666
0 0 1 667
1 662 2667
1 667 2667
0 1 1 668
1 664 2668
1 663 2668
1 668 2668
0 1 1 669
1 665 2669
0 1 1 670
0 1 1 671
1 667 2671
1 666 2671
1 670 2671
1 671 2671
0 0 1 672
0 0 1 673
1 672 2673
1 673 2673
0 1 1 674
0 0 1 675
1 673 2675
1 672 2675
1 672 2675
1 673 2675
1 672 2675
0 0 1 676
1 674 2676
0 0 1 677
0 0 1 678
0 0 1 679
0 1 1 680
1 679 2680
1 677 2680
1 679 2680
1 679 2680
1 678 2680
1 675 2680
0 1 1 681
0 0 1 682
1 682 2682
0 1 1 683
0 0 1 684
1 683 2684
1 683 2684
0 0 1 685
0 0 1 686
0 1 1 687
0 0 1 688
0 0 1 689
0 1 1 690
1 689 2690
1 687 2690
0 0 1 691
1 691 2691
1 689 2691
1 691 2691
1 688 2691
1 691 2691
1 690 2691
1 686 2691
0 0 1 692
0 1 1 693
0 0 1 694
0 1 1 695
1 692 2695
1 695 2695
1 695 2695
1 690 2695
0 0 1 696
1 693 2696
0 0 1 697
1 692 2697
1 695 2697
1 692 2697
0 1 1 698
0 1 1 699
0 1 1 700
1 699 2700
1 695 2700
1 699 2700
0 0 1 701
0 0 1 702
0 0 1 703
0 1 1 704
1 703 2704
1 699 2704
1 700 2704
0 1 1 705
0 1 1 706
1 701 2706
0 0 1 707
1 702 2707
0 1 1 708
0 0 1 709
1 707 2709
0 1 1 710
1 710 2710
0 1 1 711
0 1 1 712
1 711 2712
1 709 2712
1 711 2712
0 0 1 713
1 709 2713
0 1 1 714
1 714 2714
1 712 2714
1 710 2714
0 0 1 715
0 0 1 716
1 716 2716
1 712 2716
0 0 1 717
1 713 2717
1 716 2717
1 712 2717
0 1 1 718
0 1 1 719
0 0 1 720
0 1 1 721
0 0 1 722
0 0 1 723
1 718 2723
1 723 2723
0 1 1 724
0 0 1 725
1 720 2725
1 723 2725
1 721 2725
0 0 1 726
0 1 1 727
0 1 1 728
0 1 1 729
1 727 2729
1 729 2729
1 725 2729
0 0 1 730
1 727 2730
0 0 1 731
0 1 1 732
1 731 2732
0 0 1 733
0 0 1 734
0 1 1 735
1 734 2735
1 735 2735
0 1 1 736
1 733 2736
0 0 1 737
1 733 2737
1 735 2737
1 737 2737
1 734 2737
0 1 1 738
1 734 2738
1 736 2738
0 1 1 739
1 734 2739
0 1 1 740
1 739 2740
0 0 1 741
1 737 2741
1 736 2741
1 739 2741
0 1 1 742
1 739 2742
0 1 1 743
0 0 1 744
1 743 2744
0 0 1 745
0 1 1 746
1 745 2746
1 746 2746
1 743 2746
1 741 2746
1 744 2746
1 744 2746
1 745 2746
0 0 1 747
1 743 2747
1 746 2747
0 0 1 748
0 0 1 749
1 749 2749
1 748 2749
1 746 2749
0 1 1 750
0 1 1 751
1 748 2751
1 748 2751
0 0 1 752
0 0 1 753
0 1 1 754
0 0 1 755
1 754 2755
0 1 1 756
0 1 1 757
1 756 2757
1 752 2757
1 756 2757
1 755 2757
0 1 1 758
1 754 2758
1 755 2758
0 1 1 759
1 758 2759
0 1 1 760
1 756 2760
0 1 1 761
1 756 2761
0 1 1 762
1 758 2762
1 760 2762
0 1 1 763
1 759 2763
1 760 2763
1 759 2763
1 759 2763
0 0 1 764
0 1 1 765
0 0 1 766
1 761 2766
1 764 2766
0 1 1 767
1 765 2767
1 763 2767
1 763 2767
1 764 2767
0 0 1 768
0 1 1 769
1 767 2769
0 0 1 770
1 765 2770
1 768 2770
1 767 2770
1 766 2770
1 768 2770
1 765 2770
0 1 1 771
0 1 1 772
1 768 2772
1 769 2772
0 0 1 773
0 1 1 774
1 772 2774
0 1 1 775
1 770 2775
1 770 2775
1 770 2775
1 774 2775
0 1 1 776
1 772 2776
1 776 2776
0 1 1 777
1 775 2777
1 772 2777
1 772 2777
1 776 2777
1 773 2777
1 776 2777
0 0 1 778
1 773 2778
1 774 2778
1 776 2778
0 0 1 779
0 1 1 780
0 0 1 781
1 776 2781
1 778 2781
0 0 1 782
1 782 2782
0 1 1 783
1 782 2783
0 1 1 784
0 0 1 785
0 0 1 786
0 1 1 787
0 0 1 788
0 1 1 789
0 0 1 790
1 786 2790
1 790 2790
1 790 2790
1 785 2790
1 790 2790
1 789 2790
0 1 1 791
0 0 1 792
0 0 1 793
1 789 2793
1 791 2793
1 790 2793
1 793 2793
0 1 1 794
0 0 1 795
1 793 2795
0 1 1 796
0 0 1 797
0 0 1 798
1 794 2798
0 0 1 799
0 1 1 800
1 795 2800
1 796 2800
1 799 2800
1 796 2800
0 0 1 801
1 798 2801
1 800 2801
0 0 1 802
1 797 2802
0 1 1 803
0 0 1 804
0 0 1 805
1 804 2805
0 1 1 806
1 806 2806
1 802 2806
1 804 2806
1 804 2806
0 0 1 807
1 806 2807
0 0 1 808
1 807 2808
0 0 1 809
1 804 2809
1 806 2809
1 804 2809
1 806 2809
1 806 2809
1 806 2809
0 0 1 810
0 1 1 811
1 809 2811
0 0 1 812
1 808 2812
0 1 1 813
0 0 1 814
1 813 2814
1 812 2814
0 0 1 815
0 0 1 816
1 813 2816
1 812 2816
1 815 2816
0 1 1 817
0 1 1 818
0 0 1 819
1 814 2819
1 814 2819
1 819 2819
1 815 2819
0 1 1 820
1 817 2820
1 819 2820
1 819 2820
1 820 2820
1 815 2820
1 815 2820
1 818 2820
0 1 1 821
1 819 2821
0 0 1 822
1 818 2822
0 0 1 823
1 821 2823
0 0 1 824
0 0 1 825
1 821 2825
0 1 1 826
0 0 1 827
0 0 1 828
1 825 2828
1 827 2828
1 826 2828
1 825 2828
0 0 1 829
1 829 2829
1 824 2829
0 1 1 830
1 825 2830
1 825 2830
0 0 1 831
1 827 2831
0 1 1 832
0 1 1 833
0 0 1 834
0 0 1 835
0 1 1 836
1 835 2836
0 1 1 837
1 833 2837
0 0 1 838
1 835 2838
1 833 2838
0 0 1 839
1 838 2839
0 1 1 840
1 835 2840
1 835 2840
1 838 2840
1 838 2840
0 1 1 841
0 0 1 842
0 0 1 843
0 0 1 844
0 0 1 845
0 0 1 846
0 0 1 847
1 842 2847
1 845 2847
0 1 1 848
1 845 2848
0 0 1 849
1 844 2849
1 849 2849
1 844 2849
1 846 2849
1 846 2849
1 846 2849
1 847 2849
1 844 2849
1 845 2849
0 0 1 850
1 848 2850
0 0 1 851
0 0 1 852
1 852 2852
1 852 2852
0 1 1 853
0 0 1 854
0 1 1 855
0 0 1 856
1 851 2856
1 855 2856
0 1 1 857
0 0 1 858
1 853 2858
1 855 2858
0 0 1 859
1 858 2859
0 0 1 860
0 1 1 861
1 857 2861
0 0 1 862
1 859 2862
0 0 1 863
1 861 2863
0 1 1 864
0 0 1 865
1 862 2865
0 0 1 866
1 861 2866
1 865 2866
0 0 1 867
1 862 2867
1 862 2867
0 1 1 868
0 0 1 869
1 869 2869
0 1 1 870
0 1 1 871
1 869 2871
1 870 2871
1 868 2871
1 866 2871
1 871 2871
0 1 1 872
0 1 1 873
1 870 2873
1 873 2873
0 1 1 874
1 872 2874
0 0 1 875
0 1 1 876
0 0 1 877
1 872 2877
0 0 1 878
1 876 2878
0 1 1 879
1 877 2879
1 875 2879
1 878 2879
1 875 2879
1 875 2879
0 0 1 880
1 878 2880
0 0 1 881
1 877 2881
1 877 2881
0 1 1 882
1 877 2882
1 882 2882
0 1 1 883
1 882 2883
1 882 2883
0 0 1 884
0 0 1 885
1 880 2885
0 1 1 886
0 0 1 887
0 0 1 888
0 1 1 889
0 1 1 890
0 1 1 891
0 1 1 892
0 1 1 893
1 889 2893
0 0 1 894
1 890 2894
1 892 2894
1 890 2894
0 0 1 895
1 891 2895
1 890 2895
1 891 2895
0 1 1 896
1 893 2896
1 896 2896
1 892 2896
1 894 2896
0 1 1 897
0 1 1 898
1 896 2898
1 893 2898
0 1 1 899
1 897 2899
1 895 2899
1 897 2899
1 897 2899
1 898 2899
1 898 2899
0 1 1 900
0 1 1 901
0 0 1 902
1 902 2902
0 1 1 903
0 1 1 904
1 900 2904
0 1 1 905
0 0 1 906
1 903 2906
1 903 2906
0 1 1 907
1 904 2907
0 0 1 908
0 0 1 909
0 1 1 910
0 1 1 911
0 0 1 912
1 909 2912
1 912 2912
0 0 1 913
0 1 1 914
1 910 2914
1 912 2914
0 0 1 915
1 910 2915
1 914 2915
1 914 2915
1 913 2915
0 1 1 916
0 1 1 917
0 0 1 918
1 915 2918
1 918 2918
0 1 1 919
1 918 2919
1 914 2919
1 919 2919
1 916 2919
0 1 1 920
0 0 1 921
0 1 1 922
1 922 2922
1 917 2922
1 919 2922
0 1 1 923
0 1 1 924
0 1 1 925
1 921 2925
1 925 2925
1 920 2925
1 924 2925
1 924 2925
1 925 2925
0 0 1 926
0 0 1 927
0 1 1 928
0 0 1 929
1 927 2929
1 929 2929
1 928 2929
1 925 2929
1 924 2929
1 929 2929
0 1 1 930
1 928 2930
1 928 2930
0 0 1 931
0 0 1 932
0 0 1 933
0 1 1 934
1 934 2934
0 1 1 935
1 932 2935
1 930 2935
1 931 2935
1 931 2935
1 931 2935
1 935 2935
1 933 2935
0 1 1 936
1 932 2936
0 0 1 937
1 937 2937
0 0 1 938
1 936 2938
1 935 2938
1 937 2938
0 0 1 939
1 934 2939
1 936 2939
0 0 1 940
1 936 2940
0 1 1 941
0 0 1 942
1 941 2942
1 941 2942
0 0 1 943
1 942 2943
0 1 1 944
1 940 2944
1 942 2944
1 943 2944
1 943 2944
0 1 1 945
1 942 2945
0 1 1 946
0 0 1 947
0 1 1 948
1 944 2948
0 0 1 949
1 945 2949
1 944 2949
1 948 2949
0 1 1 950
1 948 2950
1 950 2950
1 950 2950
0 1 1 951
0 0 1 952
1 950 2952
0 0 1 953
0 1 1 954
1 953 2954
1 951 2954
0 1 1 955
1 953 2955
1 952 2955
1 955 2955
1 952 2955
0 1 1 956
1 952 2956
1 953 2956
0 1 1 957
1 957 2957
0 0 1 958
0 1 1 959
1 956 2959
1 954 2959
0 1 1 960
