2000 2000
0 0 1 1 
0 1 2 2001 2 
0 0 1 3 
0 0 2 4 5 
0 0 1 2004 
0 0 1 6 
0 1 2 7 2006 
0 1 2 2007 8 
0 1 2 9 10 
0 1 1 2009 
0 1 1 11 
0 1 1 12 
0 1 1 13 
0 0 1 14 
0 0 2 2014 2013 
0 0 2 15 2015 
0 0 2 16 2016 
0 0 2 17 18 
0 1 2 19 2018 
0 0 2 20 2019 
0 1 2 21 2020 
0 1 1 22 
0 1 1 23 
0 0 1 24 
0 0 1 2024 
0 0 2 25 2025 
0 0 2 2026 2023 
0 0 1 26 
0 0 2 2028 27 
0 0 2 2029 28 
0 1 1 29 
0 0 1 30 
0 1 2 31 32 
0 0 2 33 34 
0 1 1 2034 
0 0 2 2035 35 
0 1 1 2036 
0 0 2 2037 2033 
0 1 1 36 
0 0 1 37 
0 0 1 38 
0 1 2 39 2041 
0 0 1 2042 
0 0 2 40 2043 
0 1 2 41 42 
0 0 1 43 
0 1 2 44 45 
0 1 2 2047 46 
0 1 1 47 
0 1 1 48 
0 0 1 2050 
0 0 1 49 
0 0 2 50 51 
0 0 1 52 
0 1 2 2054 2053 
0 0 1 53 
0 1 2 54 55 
0 1 2 56 57 
0 0 1 2058 
0 1 2 58 59 
0 1 2 2060 60 
0 0 2 2061 61 
0 1 1 2062 
0 1 2 62 63 
0 0 2 64 2064 
0 0 2 65 2065 
0 1 2 2066 66 
0 0 2 2067 2063 
0 0 1 2068 
0 1 1 2069 
0 0 2 67 2070 
0 1 2 68 2071 
0 1 1 69 
0 0 2 70 2073 
0 1 1 2074 
0 0 1 71 
0 0 1 2076 
0 1 2 72 73 
0 0 1 2078 
0 1 2 74 75 
0 1 2 76 77 
0 1 2 2081 78 
0 0 1 2082 
0 1 1 2083 
0 1 1 79 
0 0 2 80 81 
0 0 2 82 2086 
0 1 2 83 2087 
0 1 2 2088 2085 
0 0 1 2089 
0 0 2 84 85 
0 0 1 2091 
0 1 2 86 2092 
0 1 2 2093 87 
0 1 2 2094 2090 
0 1 2 2095 2084 
0 1 2 88 2096 
0 0 1 2097 
0 1 1 2098 
0 0 1 89 
0 1 1 90 
0 0 1 2101 
0 0 1 91 
0 0 2 92 2103 
0 1 1 2104 
0 0 2 2105 93 
0 0 2 94 2106 
0 0 1 2107 
0 0 2 95 2108 
0 1 1 96 
0 1 1 97 
0 0 2 98 2111 
0 0 1 99 
0 0 1 2113 
0 1 1 100 
0 1 1 101 
0 0 2 102 2116 
0 1 1 103 
0 1 2 2118 104 
0 0 1 105 
0 1 1 2120 
0 1 2 106 2121 
0 1 1 107 
0 1 1 108 
0 0 2 2124 109 
0 0 1 2125 
0 1 2 2126 110 
0 0 1 111 
0 0 1 112 
0 1 1 2129 
0 0 2 2130 2128 
0 0 1 2131 
0 0 1 113 
0 0 2 114 115 
0 1 2 2134 2133 
0 0 2 2135 2132 
0 0 2 2136 116 
0 1 1 117 
0 0 2 118 119 
0 0 2 2139 2138 
0 0 1 2140 
0 0 1 120 
0 0 1 2142 
0 0 1 121 
0 0 2 122 123 
0 0 2 124 125 
0 1 2 126 2146 
0 1 1 2147 
0 1 2 2148 2145 
0 1 1 127 
0 1 1 2150 
0 1 2 128 2151 
0 0 1 2152 
0 0 2 2153 129 
0 1 1 130 
0 0 1 131 
0 1 2 132 2156 
0 1 2 2157 133 
0 1 1 134 
0 1 2 135 136 
0 1 1 137 
0 0 1 2161 
0 0 2 138 2162 
0 0 2 139 140 
0 0 2 141 2164 
0 0 1 2165 
0 0 1 142 
0 1 2 143 2167 
0 0 2 144 2168 
0 1 1 145 
0 1 1 146 
0 1 1 2171 
0 1 1 2172 
0 0 1 2173 
0 0 1 147 
0 0 1 2175 
0 0 2 148 2176 
0 0 1 2177 
0 1 2 2178 149 
0 1 1 2179 
0 1 2 150 151 
0 0 2 152 2181 
0 1 1 153 
0 1 2 154 155 
0 1 1 156 
0 0 2 157 2185 
0 1 2 2186 158 
0 1 1 159 
0 1 1 2188 
0 1 1 2189 
0 1 1 2190 
0 1 2 2191 160 
0 0 2 161 162 
0 0 2 163 164 
0 0 1 2194 
0 0 2 2195 165 
0 0 2 166 2196 
0 0 2 2197 167 
0 1 1 168 
0 0 1 2199 
0 1 2 169 2200 
0 0 1 2201 
0 0 2 170 171 
0 0 1 172 
0 1 1 2204 
0 0 2 2205 2203 
0 0 1 2206 
0 0 2 173 174 
0 0 2 175 176 
0 0 1 177 
0 1 2 178 179 
0 0 1 180 
0 1 2 2212 181 
0 1 2 2213 182 
0 1 2 2214 183 
0 0 2 2215 184 
0 0 1 2216 
0 0 1 185 
0 0 2 186 187 
0 1 1 188 
0 0 2 2220 2219 
0 1 2 2221 189 
0 1 2 190 191 
0 1 1 192 
0 0 2 193 2224 
0 0 2 194 2225 
0 1 2 195 2226 
0 0 1 2227 
0 1 2 196 2228 
0 0 1 2229 
0 0 1 2230 
0 0 2 2231 2223 
0 1 1 2232 
0 1 2 197 198 
0 0 2 2234 199 
0 0 2 2235 2233 
0 1 1 200 
0 1 2 201 202 
0 1 2 2238 2237 
0 1 2 203 204 
0 0 2 2240 205 
0 1 1 2241 
0 0 2 206 2242 
0 0 1 207 
0 1 2 2244 208 
0 1 2 209 210 
0 0 1 2246 
0 1 2 211 2247 
0 0 2 212 2248 
0 1 1 213 
0 1 1 214 
0 0 2 2251 2250 
0 0 2 215 216 
0 0 1 217 
0 1 1 2254 
0 0 1 2255 
0 1 2 2256 218 
0 0 1 2257 
0 0 1 219 
0 1 2 2259 220 
0 1 1 221 
0 1 1 2261 
0 1 2 2262 222 
0 1 1 2263 
0 1 2 2264 223 
0 0 2 224 2265 
0 1 2 2266 2260 
0 1 1 2267 
0 0 1 225 
0 1 2 226 2269 
0 1 2 227 2270 
0 0 2 2271 228 
0 0 1 2272 
0 1 2 2273 2268 
0 0 2 2274 2258 
0 0 2 229 2275 
0 1 2 230 2276 
0 1 1 2277 
0 1 1 231 
0 0 1 2279 
0 0 2 232 233 
0 1 1 2281 
0 0 1 234 
0 1 2 2283 2282 
0 1 2 2284 2280 
0 0 2 2285 235 
0 0 1 236 
0 1 1 2287 
0 0 1 237 
0 0 2 238 2289 
0 1 1 239 
0 0 2 240 2291 
0 1 2 241 2292 
0 0 2 2293 242 
0 0 2 243 244 
0 1 2 245 246 
0 1 1 2296 
0 1 1 2297 
0 0 2 247 248 
0 1 2 249 250 
0 1 1 251 
0 0 1 2301 
0 0 1 2302 
0 1 1 2303 
0 0 1 2304 
0 1 1 252 
0 0 2 253 254 
0 0 2 255 2307 
0 0 2 2308 256 
0 1 1 2309 
0 0 1 257 
0 0 1 258 
0 1 1 259 
0 0 2 2313 260 
0 0 2 261 262 
0 1 1 263 
0 0 2 2316 264 
0 0 2 2317 265 
0 1 2 266 267 
0 0 1 268 
0 0 1 2320 
0 0 1 269 
0 1 1 270 
0 1 1 2323 
0 0 2 271 272 
0 1 2 273 274 
0 0 2 275 2326 
0 0 2 276 277 
0 1 2 278 279 
0 1 1 280 
0 1 2 281 282 
0 0 1 2331 
0 0 2 283 284 
0 1 2 285 286 
0 1 2 287 288 
0 0 1 2335 
0 0 2 289 290 
0 0 2 291 292 
0 1 2 2338 293 
0 1 1 2339 
0 1 2 2340 2337 
0 0 1 2341 
0 0 2 294 2342 
0 0 2 2343 2336 
0 0 1 2344 
0 1 2 295 296 
0 1 2 297 298 
0 0 1 299 
0 0 1 2348 
0 1 1 300 
0 1 1 2350 
0 0 2 2351 2349 
0 0 1 2352 
0 1 2 301 302 
0 1 1 303 
0 0 1 2355 
0 0 1 304 
0 0 2 305 2357 
0 0 2 306 307 
0 0 2 308 309 
0 1 1 310 
0 1 2 2361 311 
0 0 2 2362 312 
0 1 2 313 2363 
0 0 1 2364 
0 1 1 2365 
0 0 1 314 
0 1 1 315 
0 0 1 316 
0 1 1 317 
0 0 2 318 2370 
0 1 1 2371 
0 0 2 2372 2369 
0 1 2 2373 319 
0 1 2 320 321 
0 0 2 2375 2374 
0 0 1 322 
0 1 2 2377 2376 
0 1 2 2378 2368 
0 1 2 2379 2367 
0 0 1 323 
0 0 2 2381 324 
0 1 1 325 
0 0 1 2383 
0 0 2 326 2384 
0 0 1 327 
0 0 2 328 329 
0 1 1 330 
0 0 1 2388 
0 1 1 2389 
0 1 2 2390 331 
0 0 2 332 333 
0 1 2 2392 334 
0 1 2 2393 335 
0 0 1 2394 
0 0 1 2395 
0 0 1 336 
0 0 2 2397 337 
0 1 2 338 2398 
0 0 2 339 340 
0 1 1 2400 
0 0 2 341 2401 
0 1 1 342 
0 0 1 2403 
0 1 1 2404 
0 0 1 2405 
0 1 2 2406 343 
0 1 1 344 
0 0 2 2408 345 
0 1 1 2409 
0 0 2 2410 346 
0 0 1 347 
0 0 2 2412 348 
0 0 1 2413 
0 1 2 349 2414 
0 1 2 2415 2411 
0 1 2 2416 2407 
0 1 2 2417 2402 
0 0 1 350 
0 1 2 351 2419 
0 1 2 352 353 
0 0 2 354 2421 
0 1 1 2422 
0 0 1 355 
0 1 2 356 357 
0 0 1 2425 
0 0 1 358 
0 1 2 359 360 
0 1 1 2428 
0 0 2 361 2429 
0 1 2 362 363 
0 1 1 2431 
0 1 2 364 365 
0 0 1 2433 
0 0 2 366 2434 
0 1 2 367 2435 
0 1 1 2436 
0 1 1 368 
0 1 2 2438 2437 
0 1 2 369 370 
0 0 1 371 
0 0 1 372 
0 1 2 373 374 
0 0 1 375 
0 1 1 2444 
0 1 1 376 
0 0 1 2446 
0 1 2 377 378 
0 0 1 379 
0 1 1 2449 
0 1 2 2450 2448 
0 0 2 380 2451 
0 0 1 2452 
0 0 2 381 382 
0 1 2 2454 2453 
0 0 1 2455 
0 1 2 383 384 
0 1 1 385 
0 0 2 386 2458 
0 1 1 387 
0 1 2 388 2460 
0 1 2 2461 389 
0 1 1 390 
0 1 2 2463 2462 
0 0 1 391 
0 0 2 392 2465 
0 1 2 2466 393 
0 0 1 2467 
0 0 1 2468 
0 0 2 2469 394 
0 1 1 2470 
0 1 1 2471 
0 0 1 395 
0 1 1 2473 
0 0 1 396 
0 1 2 2475 2474 
0 1 2 2476 2472 
0 0 1 2477 
0 1 1 2478 
0 1 1 2479 
0 0 2 2480 2464 
0 0 1 2481 
0 1 1 397 
0 0 1 398 
0 1 2 399 2484 
0 1 1 2485 
0 0 1 2486 
0 0 2 400 2487 
0 0 1 401 
0 0 1 402 
0 1 1 403 
0 0 1 2491 
0 1 1 404 
0 0 1 2493 
0 1 2 405 2494 
0 0 1 2495 
0 1 1 2496 
0 0 1 2497 
0 1 1 2498 
0 1 1 406 
0 1 2 2500 2499 
0 1 1 407 
0 0 1 2502 
0 0 2 408 409 
0 0 1 410 
0 0 2 2505 2504 
0 0 2 411 2506 
0 0 2 2507 412 
0 0 2 2508 413 
0 0 2 414 415 
0 0 2 2510 2509 
0 0 2 2511 416 
0 1 1 417 
0 1 1 2513 
0 0 2 2514 2512 
0 1 1 418 
0 1 1 419 
0 1 1 420 
0 1 2 421 422 
0 1 1 2519 
0 1 1 423 
0 1 2 2521 424 
0 1 1 425 
0 0 2 426 427 
0 0 2 428 2524 
0 0 1 429 
0 1 1 2526 
0 1 2 430 2527 
0 1 2 2528 431 
0 0 2 432 433 
0 0 2 434 2530 
0 1 2 2531 2529 
0 0 1 435 
0 1 2 436 2533 
0 1 2 437 2534 
0 0 2 2535 438 
0 1 1 439 
0 0 1 2537 
0 1 2 2538 440 
0 1 1 2539 
0 1 2 2540 441 
0 0 1 442 
0 0 1 443 
0 1 2 2543 444 
0 1 1 2544 
0 0 1 445 
0 1 1 2546 
0 0 2 2547 2545 
0 1 2 2548 446 
0 1 1 447 
0 1 1 448 
0 1 1 2551 
0 0 1 2552 
0 0 1 2553 
0 1 1 2554 
0 0 1 2555 
0 1 2 449 2556 
0 0 2 450 2557 
0 0 2 451 452 
0 1 1 2559 
0 0 2 2560 2558 
0 0 1 2561 
0 1 2 2562 453 
0 0 2 454 2563 
0 1 1 455 
0 1 2 456 457 
0 1 2 2566 2565 
0 0 2 2567 2564 
0 1 2 2568 2550 
0 1 1 2569 
0 1 1 2570 
0 1 1 458 
0 0 2 459 460 
0 1 1 461 
0 1 2 2574 462 
0 0 2 2575 463 
0 0 1 464 
0 1 2 2577 2576 
0 0 1 2578 
0 1 1 2579 
0 1 1 2580 
0 1 1 2581 
0 0 2 2582 2573 
0 0 2 2583 2572 
0 0 1 2584 
0 0 2 465 2585 
0 1 1 466 
0 1 2 2587 467 
0 1 1 2588 
0 0 2 468 469 
0 1 1 2590 
0 0 1 2591 
0 0 2 2592 2589 
0 1 1 470 
0 0 1 471 
0 1 2 2595 2594 
0 1 1 2596 
0 0 1 472 
0 1 1 473 
0 0 1 2599 
0 0 1 2600 
0 0 1 2601 
0 0 2 474 475 
0 0 1 476 
0 0 2 2604 2603 
0 1 2 477 2605 
0 0 1 478 
0 0 1 2607 
0 1 2 2608 479 
0 1 2 2609 480 
0 0 1 481 
0 0 1 2611 
0 1 1 2612 
0 0 2 2613 482 
0 1 1 483 
0 0 1 484 
0 1 1 2616 
0 0 1 485 
0 1 1 486 
0 0 1 487 
0 1 1 488 
0 1 1 2621 
0 1 2 489 2622 
0 1 1 490 
0 1 1 491 
0 0 2 492 493 
0 0 2 494 495 
0 1 1 496 
0 0 2 2628 2627 
0 1 2 2629 497 
0 0 1 498 
0 1 2 2631 499 
0 1 2 500 501 
0 0 2 2633 502 
0 1 2 503 504 
0 0 2 505 2635 
0 1 2 506 507 
0 0 2 2637 508 
0 1 1 2638 
0 0 2 509 510 
0 1 2 511 2640 
0 0 2 512 2641 
0 0 2 513 2642 
0 1 1 514 
0 1 1 515 
0 1 1 2645 
0 1 2 2646 2644 
0 0 1 516 
0 0 2 2648 517 
0 1 1 2649 
0 0 2 518 519 
0 0 1 520 
0 1 1 2652 
0 1 1 521 
0 0 2 522 523 
0 1 2 2655 2654 
0 0 1 524 
0 0 1 525 
0 1 1 526 
0 1 2 2659 527 
0 1 2 2660 2658 
0 1 2 2661 528 
0 1 2 2662 529 
0 0 2 2663 2657 
0 0 2 2664 530 
0 1 1 531 
0 1 1 532 
0 0 1 533 
0 1 1 2668 
0 1 1 2669 
0 1 2 534 535 
0 1 1 2671 
0 0 2 536 2672 
0 0 1 537 
0 0 1 538 
0 0 1 539 
0 1 1 2676 
0 0 1 540 
0 1 1 541 
0 1 2 2679 542 
0 1 2 543 2680 
0 1 1 544 
0 0 2 545 2682 
0 1 2 546 2683 
0 0 2 2684 547 
0 1 2 548 549 
0 0 2 2686 2685 
0 0 1 2687 
0 1 1 2688 
0 1 2 550 2689 
0 0 1 551 
0 0 2 2691 552 
0 0 2 553 554 
0 0 1 555 
0 1 1 2694 
0 1 1 556 
0 0 2 557 558 
0 0 2 559 2697 
0 1 1 560 
0 0 2 561 562 
0 1 1 563 
0 1 2 2701 2700 
0 1 1 2702 
0 0 2 564 565 
0 1 1 2704 
0 1 2 2705 566 
0 1 2 567 2706 
0 0 2 568 2707 
0 1 2 569 570 
0 0 1 571 
0 0 2 2710 572 
0 0 1 2711 
0 1 2 573 574 
0 0 2 2713 575 
0 0 1 2714 
0 0 1 576 
0 0 2 2716 2715 
0 1 1 2717 
0 1 2 577 578 
0 1 2 579 580 
0 1 2 581 582 
0 0 1 583 
0 1 1 2722 
0 0 2 584 585 
0 1 2 2724 586 
0 0 2 2725 2723 
0 1 1 587 
0 0 1 588 
0 1 1 589 
0 0 2 590 2729 
0 1 1 591 
0 1 1 2731 
0 0 2 2732 2730 
0 0 1 592 
0 1 1 593 
0 0 1 2735 
0 0 1 2736 
0 1 2 2737 2734 
0 1 1 594 
0 1 2 595 596 
0 1 2 597 2740 
0 1 2 598 599 
0 0 2 600 2742 
0 0 2 601 602 
0 0 2 603 604 
0 0 2 2745 605 
0 1 2 606 607 
0 1 2 608 2747 
0 1 1 2748 
0 0 2 2749 2746 
0 0 1 609 
0 1 2 610 2751 
0 1 2 611 2752 
0 0 1 2753 
0 0 2 2754 612 
0 0 1 613 
0 0 1 2756 
0 0 1 614 
0 0 1 615 
0 1 2 616 617 
0 0 2 618 2760 
0 1 2 2761 619 
0 0 1 2762 
0 0 2 2763 620 
0 1 1 2764 
0 0 2 2765 2759 
0 1 1 621 
0 1 2 2767 2766 
0 1 2 622 2768 
0 0 2 623 624 
0 1 2 625 2770 
0 0 2 626 2771 
0 0 1 2772 
0 1 1 627 
0 1 1 2774 
0 0 1 2775 
0 0 1 628 
0 0 2 629 2777 
0 0 1 630 
0 0 2 2779 631 
0 0 1 632 
0 0 1 633 
0 1 1 2782 
0 0 2 2783 2781 
0 1 1 2784 
0 1 1 634 
0 0 1 635 
0 0 1 2787 
0 0 1 2788 
0 1 1 2789 
0 1 2 2790 2786 
0 0 2 636 2791 
0 0 1 637 
0 1 2 2793 638 
0 1 1 2794 
0 1 1 639 
0 0 2 2796 640 
0 0 1 2797 
0 1 1 2798 
0 1 1 641 
0 0 2 2800 2799 
0 1 2 642 2801 
0 0 2 643 2802 
0 0 1 2803 
0 0 2 2804 2795 
0 0 1 644 
0 0 2 645 2806 
0 0 1 2807 
0 1 1 2808 
0 0 1 2809 
0 1 2 2810 646 
0 1 2 2811 647 
0 1 2 2812 648 
0 0 1 2813 
0 0 1 2814 
0 1 2 649 2815 
0 1 2 2816 2805 
0 0 2 2817 2792 
0 1 2 2818 650 
0 1 2 2819 651 
0 0 2 652 2820 
0 1 1 2821 
0 1 1 653 
0 1 2 654 2823 
0 0 1 2824 
0 0 2 655 656 
0 0 1 657 
0 0 2 658 659 
0 0 1 2828 
0 0 1 2829 
0 1 2 2830 2827 
0 1 1 2831 
0 0 1 660 
0 0 2 661 2833 
0 1 2 662 663 
0 0 2 2835 664 
0 1 1 665 
0 0 2 666 667 
0 1 2 2838 668 
0 0 2 2839 2837 
0 0 1 669 
0 1 1 2841 
0 1 2 670 671 
0 0 2 672 2843 
0 1 2 2844 2842 
0 0 2 2845 2840 
0 0 2 2846 2836 
0 0 1 2847 
0 0 1 2848 
0 0 2 2849 2834 
0 1 1 2850 
0 1 1 2851 
0 1 1 673 
0 0 1 674 
0 1 2 2854 2853 
0 0 2 675 676 
0 1 1 2856 
0 1 1 2857 
0 0 1 677 
0 0 1 678 
0 1 1 2860 
0 0 2 679 2861 
0 0 2 680 681 
0 1 2 682 683 
0 1 2 2864 684 
0 0 2 2865 685 
0 1 2 2866 686 
0 0 2 687 688 
0 1 1 2868 
0 1 1 689 
0 1 2 690 2870 
0 0 1 691 
0 0 2 2872 2871 
0 0 2 692 2873 
0 1 2 693 2874 
0 1 2 694 2875 
0 0 2 695 2876 
0 1 1 696 
0 0 1 697 
0 1 2 2879 698 
0 0 2 699 2880 
0 1 1 2881 
0 1 2 2882 700 
0 1 2 701 702 
0 0 1 703 
0 1 1 2885 
0 1 2 704 705 
0 0 2 2887 2886 
0 1 2 706 2888 
0 0 1 707 
0 0 1 2890 
0 0 2 2891 2889 
0 1 2 2892 708 
0 1 1 2893 
0 1 2 709 2894 
0 0 1 2895 
0 1 2 710 711 
0 1 1 2897 
0 1 2 712 2898 
0 1 1 2899 
0 0 2 713 2900 
0 0 2 2901 714 
0 0 2 2902 2896 
0 0 1 715 
0 1 2 716 717 
0 1 2 2905 2904 
0 0 1 2906 
0 0 2 718 2907 
0 1 1 2908 
0 1 2 2909 2903 
0 0 1 2910 
0 0 2 2911 719 
0 0 2 2912 2884 
0 0 1 2913 
0 0 1 2914 
0 0 2 2915 720 
0 0 1 2916 
0 0 1 2917 
0 0 2 721 2918 
0 0 2 2919 2883 
0 0 1 2920 
0 0 1 722 
0 0 1 723 
0 1 1 724 
0 0 2 725 2924 
0 0 1 726 
0 0 1 727 
0 0 2 2927 2926 
0 1 1 2928 
0 1 2 728 729 
0 1 1 2930 
0 1 2 2931 2929 
0 1 2 730 2932 
0 0 1 2933 
0 1 2 731 2934 
0 0 1 732 
0 0 1 733 
0 0 2 734 735 
0 0 1 736 
0 1 2 737 738 
0 0 2 739 2940 
0 0 2 2941 2939 
0 1 1 2942 
0 0 1 2943 
0 1 2 740 2944 
0 0 1 2945 
0 0 1 2946 
0 1 2 2947 2938 
0 0 1 2948 
0 1 2 741 2949 
0 1 1 742 
0 1 2 743 2951 
0 1 1 744 
0 1 2 2953 2952 
0 1 1 2954 
0 0 1 2955 
0 1 1 2956 
0 0 2 745 2957 
0 1 2 2958 746 
0 0 1 2959 
0 0 2 2960 747 
0 1 2 748 749 
0 0 2 2962 2961 
0 0 2 2963 2950 
0 1 2 750 751 
0 0 2 2965 752 
0 0 1 2966 
0 1 2 2967 2964 
0 0 2 2968 753 
0 0 1 2969 
0 0 1 2970 
0 1 2 754 2971 
0 0 1 755 
0 1 1 2973 
0 0 1 756 
0 0 1 757 
0 1 1 758 
0 0 1 2977 
0 0 2 759 2978 
0 0 2 760 2979 
0 0 1 761 
0 0 1 2981 
0 1 2 762 2982 
0 1 1 763 
0 0 2 764 2984 
0 1 1 765 
0 1 1 2986 
0 0 1 766 
0 0 1 2988 
0 0 1 767 
0 0 1 2990 
0 0 1 768 
0 1 1 2992 
0 0 1 769 
0 0 1 2994 
0 1 2 770 2995 
0 1 2 2996 771 
0 1 1 2997 
0 1 1 772 
0 0 1 2999 
0 0 2 3000 2998 
0 1 2 773 774 
0 1 2 775 776 
0 0 1 777 
0 0 2 778 779 
0 1 2 780 3005 
0 0 1 781 
0 1 1 782 
0 1 1 783 
0 1 1 3009 
0 1 1 784 
0 1 2 3011 3010 
0 1 2 3012 3008 
0 0 1 3013 
0 0 2 3014 3007 
0 0 1 785 
0 0 2 3016 3015 
0 0 1 786 
0 1 1 787 
0 1 1 788 
0 1 1 789 
0 0 2 3021 790 
0 0 1 3022 
0 0 2 3023 3020 
0 0 2 791 792 
0 0 1 3025 
0 1 1 3026 
0 0 2 3027 793 
0 1 1 3028 
0 1 1 3029 
0 0 2 794 795 
0 1 2 3031 3030 
0 1 1 3032 
0 0 2 3033 3024 
0 0 1 796 
0 1 1 797 
0 1 2 3036 798 
0 1 2 799 800 
0 0 1 801 
0 0 1 3039 
0 1 1 802 
0 1 2 3041 803 
0 1 1 804 
0 1 2 3043 805 
0 0 2 806 807 
0 1 1 3045 
0 1 2 808 3046 
0 1 2 3047 3044 
0 1 2 809 3048 
0 1 2 3049 810 
0 0 2 3050 811 
0 1 2 812 3051 
0 1 1 813 
0 1 1 814 
0 1 2 3054 815 
0 1 2 816 3055 
0 1 2 817 818 
0 1 2 3057 819 
0 0 2 820 821 
0 1 2 3059 822 
0 0 2 823 3060 
0 0 2 3061 824 
0 0 1 825 
0 0 1 3063 
0 0 2 3064 826 
0 1 2 3065 827 
0 0 2 3066 828 
0 0 1 829 
0 0 1 3068 
0 1 1 3069 
0 0 1 3070 
0 1 1 3071 
0 0 1 830 
0 1 1 831 
0 0 1 832 
0 1 2 833 834 
0 0 2 835 3076 
0 0 2 3077 3075 
0 1 1 836 
0 1 2 837 838 
0 0 1 3080 
0 0 2 3081 3079 
0 0 1 3082 
0 1 2 839 840 
0 1 1 3084 
0 0 2 841 3085 
0 0 2 842 3086 
0 0 2 843 844 
0 1 2 845 3088 
0 0 2 3089 3087 
0 1 2 846 847 
0 0 2 848 3091 
0 0 1 3092 
0 0 2 849 850 
0 1 2 3094 851 
0 1 2 852 3095 
0 0 2 853 3096 
0 1 1 854 
0 1 1 3098 
0 0 1 855 
0 0 1 856 
0 1 2 857 3101 
0 0 1 3102 
0 0 2 858 3103 
0 1 2 3104 859 
0 1 1 860 
0 1 2 861 3106 
0 1 1 3107 
0 1 1 3108 
0 1 2 3109 3105 
0 1 2 862 863 
0 0 1 3111 
0 0 1 864 
0 0 1 865 
0 0 2 866 867 
0 0 2 3115 868 
0 0 2 869 3116 
0 0 1 870 
0 0 2 3118 3117 
0 0 1 3119 
0 0 2 871 872 
0 0 1 873 
0 0 2 3122 3121 
0 0 1 3123 
0 1 2 874 875 
0 0 2 876 877 
0 1 1 3126 
0 0 2 3127 3125 
0 0 1 3128 
0 1 2 3129 3124 
0 1 1 878 
0 1 2 879 3131 
0 0 2 3132 880 
0 1 2 3133 3130 
0 1 2 3134 881 
0 1 1 882 
0 1 2 883 884 
0 0 1 885 
0 1 1 886 
0 1 2 887 888 
0 0 1 3140 
0 1 2 889 3141 
0 1 2 890 3142 
0 1 2 891 892 
0 0 1 3144 
0 1 1 893 
0 1 2 3146 3145 
0 0 2 3147 894 
0 0 1 895 
0 0 2 3149 3148 
0 1 2 896 3150 
0 1 2 3151 3143 
0 0 2 897 898 
0 0 1 3153 
0 1 1 3154 
0 0 2 3155 899 
0 1 2 3156 3152 
0 0 1 3157 
0 1 1 3158 
0 0 1 3159 
0 0 2 3160 3139 
0 0 2 900 901 
0 1 1 3162 
0 0 2 902 903 
0 1 2 3164 904 
0 0 1 3165 
0 0 2 905 906 
0 0 2 3167 3166 
0 0 1 3168 
0 1 1 907 
0 0 2 908 3170 
0 0 1 3171 
0 1 1 3172 
0 1 2 909 910 
0 0 1 3174 
0 0 2 3175 911 
0 0 2 3176 912 
0 0 2 3177 913 
0 1 1 914 
0 1 1 915 
0 0 2 3180 3179 
0 0 2 3181 3178 
0 0 2 3182 916 
0 0 1 917 
0 1 2 918 3184 
0 0 2 919 920 
0 0 1 921 
0 1 2 3187 922 
0 0 1 3188 
0 1 1 3189 
0 0 1 923 
0 1 2 924 3191 
0 0 2 3192 3190 
0 1 2 3193 3186 
0 0 2 925 926 
0 1 2 3195 927 
0 1 1 928 
0 1 2 929 3197 
0 0 1 930 
0 0 2 931 3199 
0 0 1 932 
0 1 2 3201 3200 
0 0 1 933 
0 1 1 934 
0 0 1 935 
0 0 1 3205 
0 0 1 3206 
0 0 2 936 3207 
0 0 2 3208 937 
0 0 1 938 
0 1 2 939 940 
0 1 2 941 3211 
0 1 2 3212 942 
0 1 1 3213 
0 0 1 3214 
0 0 1 3215 
0 1 1 3216 
0 0 2 3217 943 
0 1 2 944 945 
0 1 1 946 
0 1 2 3220 3219 
0 1 1 3221 
0 1 1 3222 
0 1 1 3223 
0 1 2 3224 3218 
0 0 1 3225 
0 1 1 947 
0 1 1 3227 
0 0 1 3228 
0 1 1 948 
0 0 1 3230 
0 1 2 949 950 
0 1 2 3232 3231 
0 1 1 951 
0 1 2 3234 3233 
0 0 1 952 
0 0 1 3236 
0 0 1 953 
0 0 2 3238 3237 
0 1 1 954 
0 0 2 3240 3239 
0 0 2 955 956 
0 1 1 3242 
0 1 1 957 
0 1 1 958 
0 0 2 3245 959 
0 1 2 3246 3244 
0 1 2 960 961 
0 1 2 962 3248 
0 1 2 3249 963 
0 0 1 964 
0 1 2 3251 3250 
0 1 1 3252 
0 0 2 3253 3247 
0 1 2 965 3254 
0 0 1 966 
0 0 1 3256 
0 0 2 967 968 
0 1 1 3258 
0 0 1 969 
0 0 2 970 3260 
0 1 1 971 
0 1 2 972 973 
0 0 2 3263 3262 
0 0 1 974 
0 1 1 3265 
0 0 1 975 
0 1 1 976 
0 0 2 977 978 
0 0 2 3269 979 
0 0 2 980 981 
0 0 2 3271 3270 
0 1 1 3272 
0 1 1 982 
0 1 2 3274 983 
0 0 2 984 985 
0 1 2 3276 3275 
0 0 1 3277 
0 0 1 986 
0 0 1 987 
0 1 1 988 
0 0 1 989 
0 0 1 990 
0 1 1 991 
0 0 1 3284 
0 1 2 992 3285 
0 0 1 3286 
0 1 2 993 994 
0 0 2 995 3288 
0 0 2 3289 3287 
0 0 2 3290 3283 
0 0 2 996 3291 
0 0 1 997 
0 1 1 3293 
0 0 2 3294 998 
0 0 2 999 1000 
0 0 1 1001 
1 3112 3108
1 2723 2720
1 534 537
1 1989 1988
1 1689 1684
1 2071 2067
1 3125 3126
1 2427 2424
1 463 464
1 2015 2016
1 262 259
1 848 849
1 1860 1859
1 580 582
1 659 658
1 2615 2616
1 96 97
1 1874 1877
1 1961 1957
1 1838 1841
1 253 254
1 413 409
1 981 982
1 2718 2721
1 2601 2602
1 2543 2541
1 545 540
1 2360 2361
1 597 598
1 3079 3082
1 2556 2555
1 3220 3217
1 580 582
1 1532 1534
1 147 143
1 210 208
1 781 779
1 3218 3220
1 2024 2026
1 2948 2945
1 2926 2928
1 1018 1016
1 2935 2939
1 171 168
1 247 243
1 1978 1974
1 2812 2816
1 676 679
1 3060 3056
1 2652 2647
1 2520 2516
1 2627 2631
1 1798 1795
1 2031 2033
1 1525 1521
1 2721 2723
1 1996 1991
1 1160 1163
1 1835 1836
1 464 460
1 1297 1300
1 1172 1170
1 58 56
1 2747 2744
1 64 68
1 1825 1826
1 349 345
1 3145 3143
1 2662 2664
1 316 313
1 1677 1675
1 668 671
1 394 392
1 1914 1910
1 1864 1865
1 1451 1452
1 1166 1161
1 394 392
1 2940 2941
1 2434 2435
1 229 230
1 758 757
1 1513 1514
1 839 840
1 2145 2146
1 463 462
1 1093 1092
1 846 845
1 2021 2022
1 956 955
1 970 967
1 3271 3268
1 591 593
1 1196 1194
1 1053 1050
1 851 853
1 31 28
1 2782 2785
1 1229 1226
1 408 411
1 2949 2952
1 2785 2784
1 2619 2621
1 2237 2232
1 1719 1714
1 1081 1078
1 1128 1126
1 1392 1390
1 936 938
1 3053 3049
1 2886 2882
1 1443 1444
1 1760 1755
1 63 58
1 1232 1233
1 874 870
1 1607 1608
1 132 130
1 2225 2226
1 2046 2042
1 341 339
1 110 108
1 938 937
1 2693 2697
1 2986 2981
1 1476 1473
1 1983 1979
1 2577 2578
1 2344 2345
1 2876 2871
1 3177 3176
1 690 688
1 863 865
1 163 166
1 2597 2593
1 209 206
1 2869 2866
1 1391 1386
1 2220 2223
1 2990 2992
1 2165 2160
1 3285 3280
1 689 688
1 1654 1656
1 1224 1222
1 1044 1047
1 3058 3060
1 3129 3127
1 797 801
1 2266 2267
1 359 361
1 876 875
1 1118 1117
1 200 203
1 727 730
1 227 223
1 3203 3207
1 641 640
1 2686 2689
1 284 280
1 1970 1972
1 1691 1687
1 3183 3187
1 198 201
1 1307 1302
1 1465 1466
1 1945 1946
1 832 830
1 3210 3206
1 2924 2927
1 2629 2632
1 57 56
1 1572 1573
1 1116 1120
1 1283 1284
1 3216 3214
1 1579 1582
1 979 983
1 2688 2683
1 2114 2115
1 29 32
1 995 996
1 1131 1128
1 1682 1683
1 1816 1814
1 2297 2298
1 228 224
1 772 770
1 2655 2656
1 718 717
1 7 6
1 2517 2520
1 773 774
1 796 797
1 1437 1441
1 1232 1227
1 204 203
1 2822 2824
1 1504 1503
1 562 564
1 2008 2007
1 1958 1959
1 145 141
1 2184 2186
1 1969 1967
1 372 367
1 2507 2510
1 3285 3288
1 3191 3187
1 748 751
1 2110 2113
1 1523 1524
1 3012 3007
1 641 642
1 384 383
1 2519 2518
1 1 4
1 1384 1387
1 2129 2132
1 2732 2728
1 2252 2253
1 3230 3229
1 3272 3275
1 1435 1433
1 315 317
1 2869 2865
1 1524 1526
1 2691 2686
1 2861 2862
1 264 263
1 2011 2007
1 1945 1942
1 1723 1720
1 1669 1670
1 2754 2757
1 2778 2775
1 2969 2973
1 876 877
1 3106 3103
1 2210 2209
1 2827 2830
1 723 727
1 3010 3011
1 2461 2457
1 571 568
1 2331 2332
1 455 456
1 1140 1141
1 137 136
1 2234 2237
1 2218 2219
1 1111 1112
1 514 518
1 110 114
1 2935 2934
1 2282 2278
1 2256 2254
1 3288 3289
1 335 336
1 885 884
1 1297 1292
1 2909 2905
1 607 603
1 1438 1439
1 1620 1618
1 1631 1626
1 1247 1248
1 1740 1739
1 990 986
1 2957 2955
1 715 718
1 445 443
1 450 449
1 1381 1376
1 781 782
1 2431 2432
1 3011 3008
1 295 291
1 486 482
1 2193 2189
1 2883 2887
1 2926 2925
1 490 493
1 707 702
1 1646 1650
1 80 76
1 1727 1731
1 516 518
1 1970 1972
1 1032 1031
1 1659 1657
1 1107 1102
1 1224 1225
1 596 597
1 1530 1525
1 1789 1787
1 863 865
1 1723 1727
1 516 514
1 2369 2372
1 2241 2239
1 246 249
1 674 670
1 1638 1633
1 2719 2720
1 202 197
1 809 810
1 1931 1929
1 954 952
1 2255 2253
1 2611 2615
1 133 129
1 2611 2615
1 1638 1639
1 2423 2420
1 3119 3120
1 471 470
1 1466 1467
1 2885 2886
1 1382 1384
1 1116 1120
1 1773 1772
1 2385 2386
1 2559 2562
1 1255 1256
1 2240 2235
1 2119 2116
1 2551 2549
1 2015 2014
1 1518 1515
1 1244 1246
1 1472 1473
1 3139 3134
1 2762 2766
1 821 823
1 2740 2741
1 3002 3003
1 959 960
1 1381 1382
1 2167 2169
1 1407 1411
1 2439 2438
1 2674 2673
1 2704 2701
1 184 183
1 2638 2640
1 1217 1216
1 359 360
1 1596 1595
1 2494 2496
1 3153 3152
1 538 539
1 1256 1258
1 990 988
1 2602 2603
1 1450 1452
1 509 512
1 574 572
1 3115 3116
1 3174 3178
1 1144 1141
1 1098 1099
1 1323 1325
1 1943 1944
1 1 1
1 639 643
1 2794 2793
1 1009 1007
1 1767 1768
1 929 926
1 1290 1291
1 136 137
1 1385 1382
1 2178 2180
1 2810 2806
1 1469 1470
1 2956 2957
1 1213 1211
1 2955 2956
1 218 213
1 3140 3142
1 2296 2298
1 2270 2271
1 3028 3023
1 756 751
1 1059 1061
1 2902 2897
1 3173 3172
1 895 897
1 1621 1622
1 1655 1650
1 115 117
1 610 606
1 37 41
1 1842 1838
1 790 794
1 2433 2436
1 999 1003
1 1335 1338
1 193 195
1 1871 1867
1 589 588
1 2523 2524
1 342 344
1 1706 1707
1 2094 2095
1 2362 2366
1 672 674
1 2305 2306
1 2033 2030
1 230 226
1 1300 1301
1 2916 2918
1 2195 2191
1 74 76
1 1214 1210
1 1580 1581
1 756 757
1 3168 3171
1 237 241
1 1127 1122
1 1410 1409
1 1980 1984
1 2919 2922
1 3076 3080
1 1106 1110
1 692 694
1 1313 1314
1 3253 3256
1 168 163
1 1583 1581
1 239 241
1 483 486
1 716 714
1 575 574
1 3282 3286
1 2681 2682
1 15 10
1 169 166
1 1766 1762
1 1885 1886
1 2875 2879
1 2626 2628
1 1910 1914
1 2338 2341
1 918 916
1 3099 3101
1 139 135
1 2094 2089
1 2256 2253
1 697 696
1 1937 1941
1 223 222
1 2666 2665
1 1226 1221
1 841 842
1 1214 1216
1 1392 1393
1 2258 2257
1 3007 3005
1 2379 2383
1 1972 1968
1 1576 1580
1 2004 1999
1 663 661
1 1786 1789
1 125 120
1 69 70
1 1224 1225
1 266 267
1 1965 1964
1 2402 2397
1 3165 3167
1 2220 2222
1 2734 2735
1 48 51
1 2719 2720
1 191 189
1 1293 1294
1 2055 2058
1 358 354
1 1441 1440
1 2169 2170
1 579 577
1 192 191
1 1420 1418
1 336 332
1 332 335
1 579 576
1 166 165
1 933 929
1 3185 3182
1 2721 2722
1 44 48
1 2751 2747
1 2137 2138
1 2676 2680
1 1278 1282
1 168 169
1 1293 1294
1 1550 1548
1 474 470
1 197 200
1 535 539
1 3206 3204
1 1141 1140
1 248 252
1 1013 1016
1 1975 1976
1 1837 1833
1 989 985
1 2519 2516
1 1939 1935
1 283 278
1 1380 1379
1 1960 1964
1 53 52
1 3288 3283
1 3042 3043
1 742 744
1 840 839
1 502 504
1 1305 1302
1 1141 1142
1 496 498
1 903 906
1 254 255
1 1494 1496
1 3189 3191
1 2764 2763
1 2691 2694
1 959 954
1 574 570
1 1665 1663
1 396 394
1 813 814
1 3276 3274
1 1416 1417
1 1151 1153
1 3009 3013
1 1418 1414
1 1190 1189
1 2226 2224
1 3178 3181
1 1399 1397
1 1260 1262
1 1715 1710
1 1886 1888
1 1816 1815
1 1611 1612
1 192 190
1 1924 1926
1 959 960
1 2278 2281
1 861 858
1 781 783
1 2112 2107
1 1679 1680
1 1914 1917
1 22 25
1 2264 2262
1 427 426
1 2785 2787
1 171 175
1 2308 2309
1 1468 1463
1 1402 1403
1 988 989
1 839 835
1 618 622
1 1432 1435
1 839 840
1 2462 2466
1 3170 3168
1 1448 1451
1 2885 2888
1 1006 1010
1 3046 3048
1 468 469
1 3058 3056
1 1000 1004
1 1804 1800
1 2719 2720
1 3028 3029
1 202 197
1 1975 1979
1 891 890
1 1600 1597
1 490 487
1 2298 2293
1 2676 2677
1 1471 1468
1 68 66
1 1135 1136
1 2640 2639
1 2825 2829
1 369 370
1 1110 1113
1 2759 2761
1 2210 2206
1 55 57
1 728 726
1 684 687
1 3000 3002
1 3123 3118
1 12 11
1 1788 1792
1 595 591
1 1918 1916
1 1524 1525
1 821 820
1 877 880
1 2912 2911
1 100 101
1 866 870
1 611 606
1 1231 1228
1 2767 2768
1 2584 2579
1 305 306
1 1837 1833
1 2986 2984
1 881 880
1 3095 3099
1 3057 3058
1 2771 2768
1 443 445
1 3230 3226
1 1865 1861
1 1314 1316
1 3103 3105
1 2434 2431
1 1687 1685
1 2818 2815
1 1693 1692
1 1000 995
1 1317 1318
1 3030 3033
1 3187 3184
1 1353 1349
1 2903 2904
1 1963 1960
1 69 70
1 1342 1346
1 3272 3273
1 2519 2521
1 2268 2270
1 819 821
1 3109 3113
1 730 732
1 233 232
1 497 494
1 2773 2774
1 775 773
1 1364 1360
1 1849 1850
1 1705 1700
1 1909 1912
1 1882 1883
1 1984 1986
1 616 618
1 11 8
1 1576 1574
1 3010 3008
1 205 202
1 1670 1671
1 551 553
1 3133 3128
1 1451 1450
1 1163 1161
1 1986 1989
1 613 610
1 2427 2426
1 246 248
1 1596 1594
1 461 460
1 794 789
1 1796 1800
1 868 871
1 2902 2906
1 1703 1706
1 2538 2542
1 1821 1825
1 1775 1776
1 2711 2714
1 2081 2084
1 2064 2062
1 1583 1579
1 2470 2471
1 3027 3031
1 2048 2043
1 191 193
1 835 836
1 1221 1218
1 514 515
1 1693 1697
1 3167 3168
1 2258 2255
1 45 40
1 1108 1109
1 1844 1845
1 2831 2833
1 1825 1823
