5000 5000
0 0 3 5000 4999 1 
0 0 7 5001 2 3 4998 4 5 6 
0 0 7 5002 4997 4996 4995 4994 4993 4992 
0 0 7 5003 7 4991 4990 4989 4988 8 
0 0 2 5004 4987 
0 0 5 9 5005 10 11 12 
1 3846 4815
0 0 3 13 14 15 
0 0 4 16 17 18 5007 
1 3959 4111
1 2841 4230
0 0 7 19 20 5008 5006 4986 4985 4984 
0 0 3 21 22 5009 
1 2746 4819
1 2135 1431
1 3406 1674
1 394 2729
0 0 4 23 24 25 5010 
0 0 4 26 5011 27 28 
0 0 5 29 5012 4983 30 4982 
0 0 5 5013 4981 31 4980 32 
1 3453 21
0 0 4 33 34 5014 35 
0 0 2 36 37 
1 137 1954
0 0 6 38 39 5016 5015 40 4979 
0 0 2 5017 4978 
1 1643 2693
1 3532 4381
1 1832 3990
0 0 6 5018 41 4977 4976 42 4975 
0 0 6 5019 4974 4973 43 44 45 
0 0 5 5020 4972 46 47 48 
1 3083 1860
0 0 7 5021 49 50 4971 4970 4969 51 
1 1184 4165
0 0 6 5022 4968 52 4967 53 54 
1 1431 151
1 3299 4052
1 4381 2282
1 4691 2287
0 0 4 5023 55 4966 4965 
0 0 5 5024 4964 4963 56 4962 
0 0 6 5025 4961 4960 57 4959 58 
1 2469 4498
0 0 3 59 60 61 
1 2572 2481
1 1464 4765
0 0 6 62 5027 63 64 65 66 
1 4726 4606
0 0 3 5028 67 68 
0 0 4 5029 5026 69 70 
0 0 6 5030 71 72 4958 73 4957 
1 4164 4911
1 4910 2993
0 0 6 74 75 76 5031 4956 77 
0 0 5 78 5032 4955 4954 79 
1 2944 3767
0 0 3 5033 4953 4952 
1 2721 701
1 4455 4363
0 0 6 80 5034 4951 81 4950 4949 
1 459 4016
0 0 6 5035 82 4948 4947 83 4946 
0 0 5 5036 84 4945 4944 85 
0 0 4 5037 4943 86 4942 
0 0 7 5038 4941 4940 4939 87 88 4938 
1 1907 84
1 3883 2372
0 0 5 5039 4937 89 90 91 
1 712 3618
1 1043 2811
1 2204 4060
1 2625 2012
1 2990 216
0 0 5 5040 92 93 4936 94 
0 0 7 95 96 97 5041 98 4935 4934 
1 3226 1750
1 1387 1685
0 0 2 5042 4933 
1 4411 1566
1 3449 2572
1 300 2408
0 0 6 5043 4932 4931 4930 4929 4928 
1 230 1703
1 667 471
0 0 5 99 100 101 5044 4927 
0 0 2 102 5045 
1 2176 721
1 2483 3041
1 2915 4653
0 0 5 103 5046 4926 4925 4924 
1 2212 4572
0 0 5 104 105 5047 106 4923 
0 0 3 107 108 109 
1 2804 1460
0 0 3 5049 5048 110 
1 3703 948
0 0 5 5050 4922 4921 4920 4919 
0 0 3 111 5051 4918 
0 0 4 5052 112 113 4917 
0 0 7 114 115 5053 4916 116 4915 117 
0 0 6 5054 4914 4913 4912 4911 118 
0 0 5 119 5055 4910 4909 120 
1 1424 133
0 0 5 5056 121 4908 4907 4906 
0 0 3 5057 4905 122 
0 0 4 5058 4904 123 4903 
0 0 2 124 5059 
1 1969 3001
1 5041 861
1 3996 4693
1 982 3816
0 0 4 5060 4902 125 4901 
1 496 2946
0 0 6 5061 4900 4899 126 4898 127 
0 0 6 5062 128 129 130 131 132 
0 0 2 133 5063 
1 2060 3049
0 0 3 134 5064 135 
1 3347 2368
1 412 2254
0 0 2 5065 136 
1 371 2583
0 0 5 137 138 139 5066 4897 
0 0 5 140 141 142 143 5067 
1 4059 2297
1 1893 1105
0 0 3 144 145 146 
0 0 5 5069 147 148 149 5068 
0 0 3 5070 4896 4895 
1 534 3888
1 763 1530
1 2278 1995
1 1777 2528
0 0 5 150 151 5071 4894 152 
0 0 6 5072 153 4893 154 4892 4891 
0 0 5 155 156 157 158 159 
1 732 587
0 0 4 160 161 162 163 
1 4224 2935
1 1338 2395
0 0 7 164 165 166 5075 5074 167 168 
0 0 3 169 5076 170 
1 3369 2697
0 0 7 5077 171 172 5073 4890 173 174 
0 0 4 175 176 177 5078 
0 0 5 178 179 180 5079 181 
1 272 764
0 0 2 182 5080 
0 0 7 183 5081 184 185 186 4889 187 
1 3724 4342
0 0 2 5082 4888 
1 2433 3916
0 0 6 5083 188 189 4887 4886 4885 
1 2615 464
0 0 6 190 5084 191 4884 192 193 
1 4293 4484
1 1082 2092
0 0 3 5085 194 195 
0 0 3 196 197 5086 
0 0 6 198 5087 4883 199 4882 4881 
1 2996 3518
1 2279 91
0 0 5 5088 200 201 202 203 
1 2960 4098
1 2544 4671
0 0 7 204 5089 205 4880 206 207 4879 
0 0 7 5090 208 209 4878 210 4877 211 
0 0 3 5091 212 213 
1 4822 4265
0 0 3 214 215 5092 
1 3136 3229
0 0 3 5093 216 217 
1 4801 3535
0 0 3 5094 218 219 
0 0 6 220 221 5095 222 4876 4875 
1 1577 3987
1 2855 4870
1 4688 217
1 3182 3460
0 0 2 5096 223 
1 1618 1790
1 5036 4238
0 0 4 5097 4874 224 225 
0 0 3 5098 226 4873 
0 0 2 227 228 
0 0 3 229 5100 5099 
1 2447 1220
1 1338 3656
1 1501 2979
1 654 3244
0 0 6 5101 230 231 232 233 4872 
0 0 7 234 5102 4871 4870 4869 235 236 
0 0 2 5103 237 
1 1428 4596
1 1140 3134
1 4690 672
0 0 5 238 239 5104 4868 240 
0 0 4 5105 4867 241 4866 
1 2833 4377
0 0 4 242 243 244 5106 
1 3339 1238
1 2126 369
0 0 3 5107 4865 4864 
0 0 7 245 5108 4863 4862 246 4861 247 
0 0 2 5109 248 
0 0 5 249 5110 4860 250 4859 
1 1348 3871
1 4343 2264
1 4150 2737
1 2977 825
1 1038 797
1 3568 2567
0 0 5 251 252 253 254 5111 
1 3031 2272
1 281 4284
0 0 7 255 256 5112 4858 257 4857 258 
1 58 882
0 0 7 259 260 261 5113 262 4856 263 
1 4279 1311
0 0 2 264 265 
1 1838 2565
1 5027 2190
0 0 4 5115 266 5114 4855 
0 0 3 267 5116 4854 
0 0 2 268 269 
0 0 3 5118 270 271 
0 0 4 5119 5117 4853 272 
0 0 5 273 274 5120 275 276 
0 0 5 5121 277 278 4852 4851 
1 4165 2537
0 0 7 5122 4850 4849 279 4848 4847 4846 
0 0 3 5123 4845 280 
0 0 4 5124 281 282 283 
1 70 1486
0 0 2 5125 284 
1 3252 4491
1 544 861
0 0 6 5126 4844 285 4843 286 4842 
0 0 3 287 5127 4841 
1 3622 973
1 443 3305
1 415 461
1 5066 1360
0 0 5 288 5128 4840 4839 4838 
1 624 1944
1 4700 3856
0 0 6 289 290 291 292 5129 4837 
1 376 937
1 2023 1589
0 0 5 293 5130 4836 294 295 
0 0 3 296 5131 297 
0 0 7 5132 298 299 4835 300 4834 4833 
0 0 7 5133 301 4832 302 4831 303 4830 
0 0 4 5134 304 305 4829 
0 0 6 306 5135 4828 4827 307 4826 
0 0 6 308 5136 309 4825 4824 310 
0 0 6 5137 4823 4822 4821 4820 4819 
1 5025 2240
0 0 6 5138 311 312 4818 4817 4816 
1 1266 1551
0 0 6 5139 4815 4814 4813 313 314 
1 2112 5017
0 0 3 315 5140 4812 
0 0 3 5141 4811 4810 
1 4855 661
0 0 6 316 5142 4809 4808 317 4807 
0 0 4 5143 318 319 320 
0 0 3 321 322 323 
0 0 6 324 325 326 5145 327 5144 
0 0 5 328 5146 4806 4805 329 
1 1463 1653
0 0 2 5147 330 
0 0 2 331 5148 
1 1594 3429
1 2851 802
1 4385 2665
1 3302 2048
0 0 2 5149 4804 
0 0 3 332 5150 333 
0 0 4 5151 334 4803 4802 
0 0 7 335 5152 336 4801 337 338 4800 
0 0 3 5153 4799 339 
1 4299 1051
0 0 3 5154 340 341 
0 0 2 5155 342 
0 0 5 343 344 345 346 5156 
0 0 7 5157 4798 4797 4796 4795 347 348 
1 1288 323
1 2851 280
0 0 5 5158 4794 4793 349 350 
1 2868 3004
0 0 6 5159 351 352 4792 353 4791 
0 0 7 5160 4790 4789 354 355 4788 4787 
1 1365 1411
0 0 3 356 5161 357 
1 2005 41
1 3098 4276
1 1816 1
1 950 3304
0 0 3 358 5162 4786 
0 0 3 359 5163 4785 
1 393 2705
0 0 5 5164 4784 360 4783 4782 
0 0 2 5165 361 
1 244 1189
1 4434 510
0 0 3 362 5166 4781 
0 0 3 363 364 365 
1 5149 1515
1 3740 842
0 0 5 366 367 5168 5167 4780 
0 0 7 5169 368 4779 4778 369 370 4777 
1 3805 1517
0 0 4 5170 4776 371 372 
0 0 5 5171 4775 373 4774 4773 
1 2085 2895
0 0 3 5172 4772 4771 
0 0 3 5173 374 4770 
0 0 5 5174 4769 4768 4767 375 
0 0 6 5175 376 4766 4765 4764 377 
1 518 92
1 2919 984
0 0 5 378 5176 4763 4762 379 
0 0 5 380 381 5177 4761 4760 
1 2598 794
0 0 4 382 383 384 5178 
1 2632 3664
0 0 3 385 386 387 
0 0 2 388 389 
0 0 4 390 5181 5180 5179 
0 0 7 391 5182 4759 4758 4757 392 4756 
1 4623 1826
0 0 5 5183 4755 4754 393 394 
0 0 3 5184 4753 395 
1 3091 2644
0 0 5 5185 4752 4751 396 397 
0 0 4 5186 4750 4749 398 
0 0 2 5187 399 
0 0 3 5188 4748 400 
0 0 6 5189 4747 401 4746 4745 402 
0 0 5 403 404 5190 4744 405 
1 635 2947
1 96 4462
0 0 7 5191 406 407 4743 408 4742 4741 
1 2550 2747
0 0 2 5192 4740 
1 760 2983
0 0 5 409 410 5193 4739 411 
0 0 7 412 413 5194 414 4738 4737 4736 
1 2564 3836
1 4524 890
1 3407 589
1 4942 1467
0 0 6 415 416 417 418 5195 4735 
0 0 6 419 5196 4734 4733 420 421 
0 0 4 5197 4732 4731 4730 
0 0 4 5198 422 4729 423 
1 103 4195
0 0 5 5199 4728 4727 4726 424 
0 0 4 425 5200 426 4725 
1 4481 4005
1 102 3431
1 2193 2056
0 0 6 427 5201 428 429 4724 430 
0 0 4 5202 431 432 433 
0 0 2 5203 4723 
1 1888 1097
1 3172 4143
0 0 5 434 5204 435 4722 436 
1 1606 3537
0 0 2 437 5205 
0 0 3 5206 4721 4720 
0 0 7 438 5207 439 4719 4718 4717 4716 
1 29 4930
1 4316 1943
0 0 7 5208 4715 4714 440 441 4713 4712 
0 0 3 442 443 444 
0 0 4 5210 445 5209 446 
0 0 3 5211 4711 447 
1 4367 165
0 0 3 448 5212 4710 
1 5028 1772
0 0 7 5213 4709 4708 4707 449 450 451 
0 0 4 5214 452 4706 453 
0 0 3 5215 4705 4704 
1 1563 2664
0 0 3 5216 4703 4702 
0 0 2 5217 4701 
0 0 5 5218 454 4700 4699 4698 
0 0 4 5219 455 456 457 
0 0 7 5220 4697 4696 4695 458 4694 4693 
1 1723 3078
1 2834 130
0 0 6 459 460 461 462 463 464 
0 0 4 5222 5221 465 4692 
1 4634 4017
0 0 6 5223 4691 466 467 468 4690 
0 0 6 5224 469 470 4689 471 472 
0 0 4 5225 473 474 475 
0 0 2 5226 476 
1 2493 979
1 1510 2124
0 0 5 477 478 5227 479 480 
0 0 5 481 482 483 5228 484 
0 0 7 485 486 487 488 489 5229 490 
0 0 4 5230 4688 4687 4686 
0 0 6 491 492 5231 493 494 495 
1 702 4940
0 0 7 5232 496 497 498 4685 4684 4683 
0 0 7 499 500 501 5233 502 4682 503 
0 0 5 504 5234 4681 4680 505 
0 0 3 506 5235 507 
0 0 7 5236 508 4679 509 510 511 4678 
0 0 5 512 513 514 515 516 
1 2053 4146
1 4075 4161
1 3971 3425
1 481 4698
0 0 7 517 5238 5237 4677 518 4676 519 
1 2382 48
1 4950 1388
0 0 6 5239 520 521 522 523 524 
1 5128 2647
1 4233 4516
0 0 6 525 5240 526 4675 527 528 
0 0 3 529 530 531 
1 689 4050
1 1874 1942
1 3419 4485
0 0 6 5242 532 5241 4674 533 4673 
0 0 2 5243 534 
0 0 5 5244 4672 4671 535 536 
0 0 5 537 5245 538 4670 539 
0 0 2 540 541 
0 0 5 542 543 544 5247 5246 
1 4854 496
0 0 4 5248 545 4669 4668 
0 0 2 5249 4667 
0 0 3 546 547 5250 
0 0 7 5251 548 4666 549 550 551 552 
0 0 7 553 5252 554 555 556 557 4665 
0 0 2 5253 558 
0 0 6 559 5254 560 4664 4663 4662 
0 0 4 561 562 563 5255 
1 4360 2395
0 0 7 5256 564 4661 565 566 567 4660 
0 0 3 5257 4659 4658 
0 0 7 5258 568 4657 4656 569 570 4655 
1 2216 226
0 0 7 571 5259 572 4654 573 4653 574 
0 0 5 575 576 5260 577 578 
0 0 7 5261 579 580 4652 4651 4650 581 
1 1270 254
0 0 7 582 5262 4649 583 4648 584 585 
1 977 1541
1 2715 1993
0 0 2 586 5263 
1 3377 1611
1 5080 5050
1 4407 793
0 0 7 5264 4647 4646 587 4645 4644 588 
1 1655 1209
1 4295 3668
0 0 4 589 5265 4643 590 
0 0 3 591 592 593 
1 4470 2735
1 453 211
1 1444 1477
0 0 6 594 5267 595 5266 4642 4641 
1 1516 2917
0 0 6 5268 4640 596 4639 597 598 
0 0 5 599 600 601 602 603 
0 0 4 5270 604 5269 4638 
0 0 2 605 606 
1 1876 2746
1 4057 4415
1 325 318
1 1138 571
1 2378 124
1 579 2126
1 1137 1066
1 4950 1853
0 0 2 5272 607 
0 0 7 5273 608 609 610 5271 611 612 
0 0 2 5274 613 
0 0 3 5275 4637 4636 
0 0 2 614 615 
1 2993 4291
1 2542 1142
0 0 4 616 617 5277 618 
0 0 7 619 5278 620 5276 621 622 623 
0 0 6 5279 4635 624 625 626 4634 
0 0 3 5280 4633 627 
0 0 6 5281 4632 628 4631 629 630 
1 2054 4437
0 0 2 631 632 
1 2725 2751
0 0 3 633 5283 634 
1 134 2911
0 0 5 635 5284 636 5282 637 
0 0 6 5285 638 639 640 4630 4629 
1 374 3927
0 0 2 5286 4628 
1 4348 5222
0 0 7 641 5287 642 4627 643 4626 644 
0 0 3 645 5288 646 
0 0 2 5289 647 
0 0 2 5290 4625 
1 1849 274
1 1451 1372
0 0 7 648 649 5291 650 651 652 4624 
1 2409 2799
0 0 6 5292 653 4623 4622 654 655 
0 0 4 5293 4621 656 657 
1 4413 2753
1 270 5275
1 369 4197
0 0 3 5294 4620 4619 
0 0 6 5295 4618 4617 658 4616 4615 
0 0 5 5296 4614 659 660 4613 
0 0 5 5297 4612 661 4611 4610 
0 0 3 662 5298 663 
0 0 5 5299 664 4609 665 4608 
0 0 6 666 667 668 669 5300 670 
0 0 5 671 672 673 674 5301 
1 567 454
0 0 5 5302 4607 675 676 677 
1 1065 4157
1 72 705
1 3214 3626
0 0 4 678 5303 679 4606 
1 4277 4079
1 2724 140
0 0 7 5304 4605 680 4604 4603 4602 4601 
1 319 2742
0 0 2 5305 681 
0 0 6 5306 682 4600 683 684 4599 
0 0 4 5307 685 4598 4597 
1 4174 292
0 0 3 686 5308 4596 
1 1584 2623
1 508 5013
0 0 3 5309 687 4595 
1 2306 2146
0 0 5 5310 4594 4593 4592 4591 
1 1388 4602
0 0 4 5311 4590 688 4589 
1 3678 2428
0 0 2 689 690 
0 0 5 691 692 5313 5312 693 
0 0 4 5314 4588 4587 694 
1 2292 417
0 0 7 695 5315 696 4586 697 4585 4584 
0 0 5 698 699 5316 4583 700 
0 0 7 701 702 5317 4582 703 4581 704 
0 0 5 705 706 5318 707 708 
0 0 2 5319 4580 
1 3799 1027
1 1149 933
1 2760 5175
0 0 5 709 710 5320 4579 4578 
0 0 2 5321 4577 
1 1598 4629
0 0 4 5322 4576 711 4575 
1 1968 2960
0 0 4 712 713 714 715 
1 1206 3737
0 0 2 716 717 
0 0 3 5325 718 5324 
1 196 865
1 4675 279
1 676 3966
1 3621 2338
1 470 313
0 0 2 719 720 
1 2063 5030
0 0 3 721 722 5327 
1 2604 4360
0 0 3 5328 5326 5323 
1 2948 4676
1 1126 710
0 0 4 723 5329 4574 4573 
1 153 4506
0 0 2 5330 724 
0 0 3 5331 4572 725 
1 1095 5308
0 0 2 5332 4571 
0 0 5 726 5333 4570 4569 727 
0 0 4 5334 728 729 730 
0 0 3 731 732 733 
0 0 7 5336 5335 734 4568 4567 4566 735 
1 5169 39
1 120 5222
0 0 7 5337 736 737 4565 4564 4563 4562 
1 1788 587
0 0 6 738 739 740 5338 4561 4560 
0 0 4 741 5339 742 743 
1 3036 4091
1 1138 4494
1 1271 4867
1 2942 1914
0 0 7 5340 744 745 4559 4558 4557 746 
1 2290 677
0 0 7 747 748 749 5341 750 751 4556 
1 4818 2520
0 0 4 5342 752 4555 753 
1 2450 673
1 4971 2578
1 376 3442
1 2100 1433
0 0 5 754 755 756 757 5343 
0 0 4 758 5344 4554 4553 
1 3369 1097
0 0 6 759 5345 4552 4551 4550 760 
1 4040 153
0 0 6 5346 761 4549 762 763 764 
1 2744 4224
1 1404 4104
1 4247 4834
0 0 4 765 5347 766 767 
0 0 3 768 5348 769 
0 0 6 5349 4548 770 4547 771 4546 
1 4225 4359
0 0 5 5350 4545 4544 4543 4542 
0 0 6 5351 4541 4540 4539 772 4538 
0 0 3 5352 773 4537 
0 0 7 774 5353 775 776 4536 4535 777 
0 0 5 778 5354 4534 4533 4532 
0 0 6 779 780 781 5355 782 4531 
0 0 2 783 5356 
1 686 1723
0 0 4 5357 4530 4529 784 
1 849 388
1 2563 2178
1 5152 5131
1 3948 1151
1 2462 2919
1 919 4489
1 2240 2095
0 0 7 785 5358 4528 786 787 4527 4526 
1 3720 3360
1 980 5217
0 0 6 788 5359 4525 789 790 791 
0 0 2 792 5360 
1 534 1293
0 0 7 5361 4524 4523 4522 4521 4520 4519 
0 0 4 5362 4518 793 4517 
0 0 5 794 5363 795 796 4516 
0 0 6 797 5364 4515 4514 4513 4512 
0 0 5 5365 798 799 4511 4510 
0 0 7 5366 4509 800 4508 801 4507 802 
1 4233 3865
1 1087 3313
1 4423 4112
0 0 3 5367 4506 803 
0 0 3 804 5368 805 
1 2606 1632
1 434 4052
0 0 2 806 5369 
0 0 6 807 5370 4505 4504 4503 808 
1 4732 4400
0 0 3 5371 809 4502 
0 0 3 5372 810 4501 
0 0 7 5373 4500 811 4499 4498 4497 812 
0 0 6 5374 4496 4495 4494 813 4493 
1 4442 1966
1 1190 750
1 1232 1317
1 2501 756
1 880 5304
0 0 7 5375 4492 4491 814 815 816 817 
1 2999 2253
0 0 6 818 819 5376 4490 4489 4488 
1 581 356
0 0 6 820 821 5377 822 823 4487 
1 999 1772
1 3009 1870
1 149 2838
0 0 5 5378 4486 824 825 826 
0 0 4 5379 827 828 4485 
0 0 7 829 830 831 832 5380 833 4484 
1 4089 5044
1 5060 4120
0 0 3 5381 4483 834 
0 0 5 5382 835 4482 4481 836 
0 0 5 837 5383 4480 4479 838 
0 0 2 5384 839 
0 0 4 840 5385 4478 4477 
0 0 6 841 5386 842 843 844 4476 
0 0 5 5387 845 4475 846 4474 
0 0 6 5388 4473 4472 847 848 849 
1 3385 2785
0 0 4 5389 4471 4470 850 
0 0 3 851 852 5390 
0 0 3 853 5391 854 
0 0 6 855 856 857 5392 858 4469 
1 1783 829
0 0 4 5393 4468 859 4467 
1 1891 578
0 0 7 860 861 5394 4466 4465 862 4464 
1 2959 1413
1 833 4073
1 851 1819
1 1763 3507
1 2290 3400
1 4726 295
0 0 4 5395 4463 863 864 
1 3824 3810
1 1625 2619
1 1960 3329
1 2766 4161
0 0 5 865 866 867 5396 4462 
0 0 3 5397 868 869 
0 0 2 870 871 
0 0 7 872 5399 873 5398 4461 4460 874 
1 4127 2657
1 1321 3005
0 0 2 875 876 
1 543 3158
0 0 7 877 5401 5400 878 879 880 4459 
0 0 5 881 5402 4458 4457 4456 
0 0 5 882 5403 883 884 4455 
1 3699 4556
0 0 4 885 886 887 5404 
0 0 5 5405 888 4454 889 890 
0 0 7 891 5406 4453 4452 4451 4450 892 
1 94 3789
1 3387 3436
1 1712 1625
0 0 2 893 894 
0 0 5 895 5408 896 5407 4449 
0 0 2 897 898 
0 0 4 899 5410 5409 4448 
0 0 6 5411 900 4447 901 4446 902 
1 227 2926
0 0 3 903 5412 904 
0 0 5 5413 905 4445 906 907 
1 4555 2896
0 0 5 5414 908 4444 909 910 
1 1577 144
0 0 2 911 912 
0 0 6 5416 913 914 915 916 5415 
0 0 3 917 918 5417 
0 0 2 5418 919 
1 50 2999
0 0 3 920 921 5419 
1 1124 2712
0 0 2 922 923 
1 4880 2305
1 1737 364
0 0 2 924 5421 
1 4022 2846
0 0 2 5422 5420 
1 3618 1433
0 0 2 925 926 
1 493 425
1 3500 1970
0 0 6 5424 5423 927 4443 928 4442 
1 5155 419
0 0 5 929 5425 4441 930 4440 
1 3902 427
1 5229 668
1 4187 3395
0 0 6 5426 931 4439 932 933 4438 
1 4145 4063
0 0 3 5427 4437 934 
1 2343 4754
1 1686 5092
1 4001 3396
0 0 5 5428 935 936 4436 937 
1 5219 5326
0 0 2 938 5429 
1 2206 4491
0 0 5 939 5430 940 941 4435 
0 0 7 5431 4434 942 4433 4432 943 4431 
0 0 6 944 5432 945 4430 4429 4428 
1 5208 2271
0 0 2 946 5433 
1 3789 5062
1 2740 3754
0 0 3 947 948 5434 
1 1397 4992
1 5189 2662
0 0 7 5435 949 4427 4426 950 4425 951 
0 0 7 952 953 5436 954 955 956 4424 
1 2998 3319
0 0 4 957 5437 958 959 
0 0 5 960 5438 4423 4422 961 
0 0 5 962 963 5439 4421 4420 
1 2305 692
0 0 6 964 965 5440 4419 966 967 
1 3825 4739
0 0 4 968 5441 4418 969 
1 272 4086
0 0 2 5442 4417 
1 4062 3821
0 0 7 970 971 5443 4416 4415 4414 972 
0 0 5 5444 973 974 975 976 
0 0 3 977 978 979 
0 0 6 980 5446 981 982 983 5445 
1 4162 542
0 0 4 984 5447 985 986 
1 3552 5406
0 0 4 5448 4413 4412 4411 
1 4318 3950
0 0 4 5449 4410 987 988 
0 0 7 989 990 5450 4409 4408 4407 4406 
0 0 5 991 5451 992 993 994 
1 2487 5327
1 5134 2244
1 2739 2765
1 1341 3702
1 4043 4679
1 525 3442
1 2025 2679
0 0 4 5452 4405 4404 995 
0 0 2 5453 4403 
0 0 3 996 997 998 
0 0 4 5455 5454 4402 4401 
0 0 3 999 1000 5456 
1 4357 2757
1 685 916
0 0 3 5457 1001 4400 
1 1203 415
0 0 7 1002 1003 5458 1004 4399 1005 4398 
0 0 5 5459 1006 4397 4396 4395 
0 0 2 1007 1008 
0 0 2 5461 1009 
1 3738 4723
1 3430 4641
1 3304 1387
1 1042 2252
1 3133 1279
1 646 988
1 4820 2482
0 0 3 5462 5460 1010 
0 0 7 5463 4394 1011 4393 1012 1013 1014 
0 0 6 5464 1015 1016 1017 4392 4391 
0 0 6 1018 5465 1019 4390 4389 4388 
1 1759 364
1 3069 3934
1 2778 2086
1 2914 4000
0 0 2 1020 1021 
0 0 7 1022 1023 1024 1025 1026 5467 1027 
1 1701 2722
1 3704 2963
1 5333 2299
1 2404 2760
1 2553 5293
1 1101 4655
1 5073 3301
1 3849 2218
0 0 4 1028 5468 1029 5466 
0 0 3 1030 5469 4387 
0 0 6 1031 5470 4386 1032 1033 1034 
1 2472 1533
0 0 2 5471 1035 
0 0 7 5472 1036 4385 4384 1037 4383 1038 
0 0 6 5473 4382 1039 4381 1040 1041 
1 4947 3150
0 0 6 5474 1042 1043 1044 1045 1046 
1 1100 2558
0 0 3 5475 4380 4379 
0 0 2 1047 5476 
1 4174 1102
0 0 5 5477 1048 1049 4378 1050 
0 0 4 5478 4377 4376 4375 
0 0 3 1051 1052 1053 
1 4497 4986
0 0 7 5480 1054 5479 4374 4373 1055 4372 
1 1850 5066
1 5440 2521
0 0 2 1056 5481 
0 0 4 1057 1058 1059 5482 
0 0 7 5483 1060 1061 4371 1062 4370 1063 
0 0 4 1064 1065 1066 1067 
0 0 6 1068 5485 5484 1069 4369 4368 
1 4641 4226
0 0 3 1070 1071 1072 
0 0 5 5487 5486 1073 1074 1075 
1 5193 3436
0 0 5 5488 1076 1077 4367 4366 
0 0 6 1078 1079 5489 1080 1081 1082 
0 0 5 5490 1083 1084 1085 4365 
1 3896 2634
1 2140 2466
0 0 6 1086 1087 5491 1088 4364 1089 
0 0 3 5492 4363 1090 
0 0 6 1091 1092 1093 1094 1095 5493 
0 0 4 1096 1097 5494 4362 
0 0 5 5495 1098 4361 1099 1100 
0 0 4 1101 5496 1102 1103 
0 0 7 5497 1104 1105 1106 1107 1108 4360 
1 4090 2994
0 0 6 5498 1109 4359 4358 4357 4356 
1 284 4767
0 0 2 5499 4355 
0 0 4 5500 4354 1110 1111 
0 0 2 1112 5501 
1 3145 2774
0 0 6 5502 4353 1113 4352 4351 1114 
1 434 5388
1 202 3421
0 0 7 1115 1116 5503 4350 1117 4349 1118 
1 3538 1344
0 0 6 5504 1119 1120 4348 4347 1121 
1 4409 431
1 252 2857
0 0 5 5505 4346 4345 4344 4343 
0 0 7 5506 1122 1123 4342 1124 4341 4340 
0 0 7 5507 1125 1126 4339 4338 4337 4336 
1 868 1375
1 2889 4625
1 827 1668
1 3166 1404
1 3222 1911
0 0 5 5508 4335 1127 4334 4333 
0 0 4 5509 1128 1129 1130 
1 4293 4250
1 3863 1629
0 0 6 5510 1131 4332 4331 4330 4329 
0 0 3 1132 5511 1133 
0 0 7 5512 1134 1135 4328 4327 1136 4326 
1 1269 864
0 0 4 1137 1138 1139 1140 
1 1873 4938
0 0 5 5514 5513 4325 4324 1141 
0 0 3 1142 5515 4323 
0 0 5 1143 5516 4322 1144 1145 
0 0 2 5517 1146 
1 3427 919
1 5137 2689
1 2251 186
1 4698 4982
0 0 3 1147 5518 4321 
1 4247 1598
1 2563 3162
1 1419 5124
0 0 3 1148 5519 1149 
1 1360 2915
0 0 4 1150 5520 1151 1152 
0 0 4 5521 4320 4319 4318 
1 2285 61
1 4733 1873
0 0 2 1153 5522 
1 752 3182
1 2367 3603
1 1356 1879
1 288 1609
1 1688 5335
0 0 4 1154 5523 1155 1156 
1 2330 5241
1 1836 2778
1 3816 352
0 0 2 5524 1157 
0 0 7 5525 4317 4316 4315 4314 4313 4312 
1 4882 1141
1 1740 2844
1 4281 5513
0 0 7 1158 1159 1160 1161 5526 4311 4310 
0 0 3 5527 1162 1163 
1 821 1416
0 0 6 1164 1165 1166 1167 5528 4309 
0 0 2 5529 4308 
0 0 6 1168 1169 5530 4307 1170 1171 
0 0 3 5531 4306 4305 
1 3259 2609
1 2819 1228
0 0 7 5532 1172 4304 4303 1173 1174 4302 
0 0 4 1175 5533 4301 1176 
0 0 2 1177 5534 
1 1463 263
1 5219 2335
0 0 7 1178 1179 5535 1180 4300 1181 1182 
1 3400 2749
0 0 3 1183 5536 4299 
1 5104 1750
0 0 6 1184 1185 5537 4298 1186 4297 
1 1529 2866
1 5202 4455
0 0 7 1187 1188 5538 1189 4296 1190 1191 
1 5301 5486
1 3736 290
0 0 7 5539 1192 1193 1194 1195 1196 1197 
0 0 3 5540 4295 1198 
0 0 5 1199 1200 5541 4294 1201 
0 0 5 1202 5542 4293 1203 1204 
1 3339 2798
1 779 4450
1 3047 1848
1 4499 4244
0 0 6 5543 1205 1206 4292 1207 1208 
0 0 5 5544 4291 4290 1209 4289 
0 0 2 5545 1210 
0 0 7 1211 5546 1212 1213 4288 1214 1215 
1 2164 4051
1 3827 681
1 708 3422
1 2535 2610
0 0 2 1216 1217 
1 2004 1873
0 0 6 1218 5548 5547 1219 4287 4286 
0 0 6 5549 4285 4284 1220 1221 4283 
1 18 1021
0 0 5 5550 1222 1223 4282 4281 
0 0 4 5551 4280 4279 4278 
0 0 2 5552 1224 
1 2893 2292
1 4070 4707
1 2966 981
1 3226 51
0 0 5 5553 4277 4276 4275 4274 
1 2316 4559
1 2846 4521
1 745 3454
1 2652 4882
1 863 466
1 3683 2222
1 1079 1774
0 0 2 5554 4273 
0 0 7 1225 1226 1227 1228 1229 5555 4272 
1 5358 1623
1 4497 5252
0 0 4 1230 1231 1232 5556 
1 2668 1948
1 276 1166
0 0 3 1233 1234 5557 
0 0 2 5558 4271 
1 5148 3384
0 0 3 1235 5559 4270 
1 2472 4942
1 298 3713
0 0 4 1236 5560 1237 4269 
1 724 386
0 0 2 5561 1238 
0 0 7 5562 1239 1240 4268 4267 1241 1242 
0 0 4 1243 5563 4266 4265 
0 0 3 1244 1245 5564 
0 0 7 5565 1246 4264 4263 4262 4261 1247 
1 244 4952
1 4559 118
1 4361 3633
1 3111 3095
1 1965 3731
1 130 2351
0 0 6 1248 5566 1249 1250 4260 1251 
0 0 7 1252 5567 1253 1254 1255 4259 1256 
1 5313 4243
0 0 4 5568 1257 1258 1259 
0 0 3 5569 1260 4258 
0 0 3 1261 5570 4257 
0 0 2 5571 1262 
0 0 3 1263 5572 1264 
1 1949 1437
0 0 3 1265 5573 4256 
0 0 5 1266 1267 1268 5574 4255 
1 69 3347
0 0 6 5575 1269 4254 1270 4253 4252 
1 2870 1149
0 0 4 5576 1271 4251 4250 
0 0 7 5577 4249 1272 4248 1273 1274 4247 
0 0 3 1275 5578 4246 
0 0 6 1276 1277 5579 4245 4244 1278 
1 155 3427
1 758 3904
0 0 3 5580 1279 1280 
0 0 4 5581 1281 1282 1283 
0 0 7 5582 1284 4243 1285 1286 4242 4241 
0 0 5 1287 5583 4240 1288 4239 
0 0 3 1289 1290 5584 
1 1776 721
1 3846 3549
0 0 4 5585 4238 4237 1291 
1 3436 2707
0 0 2 1292 1293 
1 3824 5311
1 4663 4611
0 0 4 5587 1294 1295 1296 
0 0 6 1297 1298 5588 5586 1299 4236 
0 0 7 5589 4235 4234 4233 1300 1301 1302 
0 0 6 1303 5590 4232 1304 4231 1305 
0 0 2 1306 1307 
0 0 3 1308 5592 1309 
0 0 3 1310 1311 1312 
1 5329 2007
1 72 5370
0 0 3 5594 1313 1314 
0 0 2 5595 5593 
0 0 2 1315 1316 
0 0 7 5597 5596 5591 4230 4229 4228 1317 
1 106 1933
0 0 6 1318 1319 5598 4227 1320 1321 
0 0 2 1322 5599 
1 339 2573
1 4691 3814
0 0 4 1323 1324 5600 4226 
0 0 4 1325 1326 5601 1327 
0 0 2 1328 5602 
0 0 2 1329 5603 
0 0 5 5604 1330 1331 1332 4225 
1 4122 1732
1 44 934
0 0 2 5605 1333 
1 4093 97
0 0 2 1334 5606 
0 0 5 5607 1335 1336 4224 4223 
1 5602 1042
1 339 5044
0 0 6 1337 1338 5608 1339 4222 4221 
0 0 2 1340 1341 
0 0 6 1342 5610 1343 1344 5609 4220 
0 0 2 5611 1345 
1 4039 5178
0 0 4 5612 4219 1346 4218 
1 4456 4260
0 0 2 1347 5613 
1 1705 4533
0 0 3 5614 1348 1349 
0 0 3 5615 4217 4216 
1 4090 877
1 2226 715
0 0 4 1350 1351 5616 4215 
1 4944 2009
1 1677 3472
1 2585 68
1 5338 293
0 0 4 1352 5617 4214 1353 
0 0 6 5618 4213 4212 1354 4211 1355 
1 4142 5599
0 0 6 1356 1357 1358 5619 4210 4209 
1 3379 1645
0 0 3 1359 5620 1360 
1 5541 2626
1 4355 1417
0 0 3 1361 1362 5621 
0 0 4 1363 1364 5622 1365 
1 4012 1374
0 0 2 1366 1367 
0 0 6 5624 5623 1368 4208 1369 4207 
1 3439 5110
1 2004 4995
1 3260 2411
0 0 4 1370 5625 1371 4206 
0 0 7 1372 5626 1373 1374 1375 4205 1376 
1 1198 1313
1 1726 1460
1 4628 2951
1 964 1928
0 0 3 5627 1377 1378 
0 0 5 1379 1380 1381 5628 1382 
0 0 6 5629 1383 4204 4203 1384 1385 
0 0 5 5630 1386 4202 1387 1388 
0 0 2 5631 4201 
0 0 4 5632 1389 4200 1390 
0 0 7 5633 4199 1391 4198 1392 1393 4197 
0 0 4 5634 1394 1395 4196 
0 0 2 5635 4195 
0 0 7 5636 4194 4193 4192 1396 4191 4190 
1 2194 2100
1 3338 465
1 2762 3635
1 4980 4362
0 0 5 1397 5637 1398 1399 4189 
1 2287 102
0 0 5 5638 4188 1400 1401 4187 
1 2933 2478
0 0 3 1402 5639 1403 
0 0 7 1404 5640 4186 4185 1405 1406 1407 
1 131 3384
0 0 6 1408 5641 1409 4184 4183 1410 
0 0 2 5642 4182 
1 3174 3848
1 1946 2820
1 2903 5009
0 0 4 5643 4181 4180 1411 
1 2469 2937
1 3784 721
1 2790 2568
1 4871 5600
1 1116 5397
1 2445 5534
1 2919 851
1 2297 1513
0 0 7 1412 1413 1414 1415 5644 1416 1417 
1 4929 3581
0 0 7 1418 1419 5645 1420 1421 1422 4179 
1 5476 869
1 3640 1110
0 0 6 1423 1424 1425 1426 5646 4178 
1 830 989
1 3485 5229
0 0 5 1427 1428 5647 4177 1429 
0 0 6 1430 1431 1432 1433 5648 1434 
1 3067 5082
1 3875 2051
1 1465 4845
0 0 3 5649 1435 1436 
0 0 6 1437 5650 4176 1438 4175 1439 
0 0 7 5651 1440 4174 4173 4172 1441 4171 
0 0 4 5652 1442 1443 1444 
0 0 7 5653 1445 1446 4170 1447 4169 1448 
0 0 2 1449 1450 
0 0 3 5655 1451 1452 
0 0 3 1453 1454 1455 
0 0 5 1456 5657 1457 1458 1459 
0 0 2 5658 5656 
0 0 7 1460 1461 1462 5659 1463 1464 5654 
0 0 7 5660 1465 4168 4167 4166 1466 1467 
1 4261 2235
0 0 6 1468 5661 1469 1470 1471 4165 
0 0 3 1472 1473 1474 
0 0 4 5663 5662 1475 4164 
0 0 6 1476 5664 1477 4163 4162 4161 
0 0 6 5665 4160 4159 1478 1479 4158 
1 2556 5561
1 1756 3321
0 0 3 1480 5666 1481 
0 0 7 1482 1483 5667 1484 1485 1486 4157 
1 2063 2290
1 380 4026
0 0 5 5668 1487 4156 4155 1488 
1 2263 47
0 0 6 5669 4154 4153 4152 4151 4150 
0 0 2 1489 5670 
1 5088 100
0 0 2 1490 1491 
1 2819 1848
0 0 3 1492 5672 5671 
1 2113 2852
0 0 5 5673 1493 1494 1495 1496 
1 4967 716
0 0 3 5674 4149 4148 
0 0 4 5675 4147 1497 4146 
0 0 6 1498 5676 1499 4145 4144 1500 
0 0 3 5677 4143 4142 
0 0 5 5678 1501 1502 4141 4140 
1 2406 4775
0 0 2 1503 1504 
1 4855 1964
0 0 6 5680 1505 1506 1507 1508 1509 
1 3356 2256
1 526 3426
0 0 5 5681 1510 5679 4139 4138 
1 335 5449
1 720 5116
1 3842 5211
0 0 6 5682 1511 4137 1512 4136 4135 
0 0 7 1513 5683 4134 1514 1515 1516 1517 
1 4632 2725
1 2302 3396
1 1579 5512
1 4536 4263
0 0 6 5684 4133 4132 1518 1519 4131 
0 0 4 5685 1520 1521 4130 
1 3546 5596
1 2115 2004
1 13 3057
0 0 6 5686 1522 1523 1524 1525 4129 
0 0 3 5687 4128 1526 
0 0 3 1527 5688 1528 
1 1928 3269
1 3873 703
0 0 4 1529 5689 1530 1531 
0 0 2 5690 1532 
0 0 2 5691 4127 
1 4161 1328
0 0 3 5692 1533 4126 
0 0 5 1534 5693 1535 1536 1537 
0 0 7 1538 1539 1540 5694 4125 1541 4124 
1 1997 30
0 0 4 1542 5695 1543 4123 
1 1726 3877
0 0 6 5696 4122 4121 1544 4120 4119 
0 0 2 1545 1546 
1 5031 1138
1 761 19
0 0 5 5698 5697 1547 4118 4117 
1 3902 5610
0 0 2 5699 4116 
1 4794 2324
1 5326 4757
1 876 3248
0 0 6 5700 4115 1548 1549 4114 4113 
0 0 6 1550 1551 1552 5701 4112 1553 
1 5307 1440
1 196 35
0 0 6 5702 1554 4111 4110 4109 1555 
1 1957 765
1 2431 3191
0 0 7 5703 1556 1557 1558 1559 4108 4107 
0 0 7 1560 5704 1561 1562 1563 1564 1565 
0 0 2 5705 4106 
1 1480 4192
0 0 4 1566 5706 1567 4105 
0 0 4 1568 1569 5707 4104 
0 0 6 5708 1570 1571 1572 4103 1573 
0 0 7 1574 5709 1575 4102 4101 4100 1576 
0 0 6 1577 5710 4099 4098 1578 4097 
0 0 6 1579 5711 1580 4096 4095 1581 
1 4009 1117
0 0 5 1582 1583 1584 1585 1586 
0 0 5 5713 5712 1587 1588 4094 
0 0 2 1589 5714 
1 221 5196
0 0 7 1590 5715 4093 4092 4091 1591 1592 
0 0 4 1593 1594 1595 5716 
0 0 4 1596 1597 5717 4090 
1 1502 3136
0 0 6 5718 1598 1599 1600 4089 1601 
0 0 2 1602 1603 
0 0 2 5720 1604 
0 0 5 1605 5721 1606 1607 1608 
1 5197 4232
0 0 7 1609 5722 1610 5719 4088 1611 1612 
1 4528 1328
0 0 7 1613 1614 1615 5723 4087 1616 4086 
1 2869 1489
0 0 4 1617 5724 1618 4085 
0 0 7 5725 1619 4084 1620 1621 4083 4082 
0 0 3 5726 1622 4081 
1 3811 4197
1 2108 5440
1 1018 5241
0 0 6 5727 4080 1623 4079 4078 1624 
0 0 3 5728 4077 4076 
1 22 5061
0 0 3 5729 4075 1625 
1 435 5295
1 2034 2145
0 0 3 1626 1627 5730 
1 5271 539
1 3072 5585
0 0 4 1628 1629 1630 5731 
1 4130 818
1 4218 2839
1 65 1397
1 345 4507
0 0 7 1631 1632 1633 5732 1634 1635 4074 
0 0 5 1636 1637 1638 5733 4073 
0 0 3 5734 4072 4071 
0 0 4 1639 5735 1640 4070 
0 0 4 1641 5736 1642 4069 
0 0 3 1643 1644 1645 
0 0 3 5738 1646 5737 
0 0 5 5739 4068 1647 4067 1648 
1 4522 2377
1 3996 3824
0 0 2 5740 4066 
1 4414 777
0 0 5 1649 1650 5741 1651 4065 
0 0 2 5742 1652 
1 4443 694
0 0 2 5743 4064 
1 5086 2100
1 5233 4313
1 5486 3941
1 3178 673
0 0 5 5744 4063 4062 4061 4060 
0 0 3 5745 1653 1654 
0 0 7 5746 4059 4058 1655 4057 4056 1656 
0 0 6 1657 5747 1658 1659 1660 1661 
1 2045 5256
0 0 5 5748 4055 4054 4053 4052 
0 0 2 5749 1662 
0 0 5 5750 1663 4051 1664 1665 
1 4895 5475
0 0 3 5751 4050 1666 
0 0 4 5752 4049 4048 1667 
0 0 5 5753 4047 4046 4045 4044 
0 0 4 1668 5754 1669 4043 
0 0 4 1670 5755 4042 1671 
1 4522 546
0 0 5 1672 1673 1674 5756 1675 
0 0 3 5757 1676 4041 
1 725 3367
0 0 6 1677 1678 5758 4040 4039 1679 
0 0 5 5759 4038 1680 1681 1682 
0 0 3 5760 1683 1684 
1 5759 2119
0 0 4 5761 4037 1685 1686 
1 3603 5180
0 0 3 1687 5762 4036 
0 0 7 5763 4035 4034 1688 4033 4032 1689 
0 0 6 5764 1690 4031 1691 4030 1692 
0 0 4 1693 5765 1694 4029 
0 0 7 5766 1695 4028 1696 4027 4026 1697 
0 0 6 1698 1699 5767 1700 1701 4025 
0 0 2 1702 5768 
0 0 3 1703 5769 1704 
0 0 7 5770 4024 4023 1705 4022 4021 1706 
0 0 7 1707 1708 5771 1709 4020 4019 4018 
0 0 4 1710 5772 4017 4016 
1 1533 1325
1 2769 438
0 0 7 5773 1711 4015 4014 1712 4013 1713 
0 0 5 1714 5774 4012 1715 1716 
1 1797 1454
0 0 4 5775 1717 4011 4010 
1 393 1514
0 0 2 5776 1718 
1 3767 2188
1 754 727
1 2709 2142
0 0 3 5777 1719 4009 
0 0 3 5778 1720 4008 
1 3405 3241
0 0 4 5779 1721 1722 4007 
0 0 2 1723 1724 
1 2892 5485
0 0 7 1725 1726 1727 1728 5781 1729 5780 
0 0 3 5782 1730 4006 
1 132 800
1 4470 5413
1 876 2837
1 1776 2749
0 0 5 1731 5783 1732 4005 4004 
1 5234 507
0 0 6 5784 1733 1734 4003 4002 4001 
1 3164 5221
0 0 6 5785 1735 1736 4000 3999 1737 
1 2154 235
1 5029 1200
0 0 6 1738 1739 5786 3998 3997 1740 
0 0 5 5787 3996 3995 3994 1741 
1 600 1431
0 0 4 5788 3993 1742 1743 
1 1729 751
1 1076 4263
0 0 6 1744 5789 3992 1745 3991 1746 
0 0 6 1747 5790 1748 3990 1749 3989 
1 3972 2898
0 0 4 5791 1750 1751 3988 
0 0 4 1752 1753 5792 3987 
0 0 6 5793 1754 1755 3986 3985 1756 
1 3860 1108
1 274 5329
0 0 6 1757 5794 3984 3983 1758 3982 
0 0 5 1759 1760 5795 3981 3980 
0 0 5 1761 5796 1762 3979 3978 
0 0 5 1763 1764 5797 3977 1765 
1 5172 2704
0 0 2 1766 5798 
1 5444 3591
1 2427 5053
1 1434 4277
1 1231 5466
0 0 5 5799 3976 3975 3974 3973 
1 1998 884
1 2920 2071
0 0 3 1767 1768 5800 
0 0 3 5801 1769 3972 
1 3185 3608
0 0 5 5802 1770 3971 1771 1772 
0 0 4 5803 1773 3970 1774 
0 0 7 1775 1776 1777 5804 1778 3969 1779 
1 170 5306
1 4972 2108
0 0 2 1780 1781 
0 0 2 1782 5806 
1 2879 3812
1 2408 3690
1 657 1835
0 0 7 5807 5805 1783 1784 3968 1785 3967 
1 1240 1682
1 2002 549
1 596 490
1 4628 5070
0 0 4 1786 5808 3966 3965 
0 0 6 1787 1788 5809 3964 3963 3962 
0 0 7 5810 1789 1790 1791 1792 3961 1793 
0 0 6 1794 1795 1796 1797 5811 1798 
1 3964 3738
1 2382 5600
1 538 3388
1 5680 2869
1 3384 4460
0 0 7 1799 5812 3960 1800 1801 1802 1803 
1 5348 3799
1 1661 1504
0 0 4 5813 3959 3958 1804 
0 0 2 1805 5814 
1 3512 724
1 2826 4149
1 5605 2483
0 0 7 1806 1807 5815 3957 1808 1809 1810 
0 0 2 5816 1811 
0 0 3 5817 3956 3955 
0 0 4 5818 1812 3954 3953 
1 4178 1001
0 0 6 5819 1813 3952 1814 1815 1816 
1 932 4685
1 1462 1071
0 0 4 1817 1818 5820 1819 
0 0 7 5821 1820 3951 3950 3949 1821 1822 
0 0 5 5822 1823 1824 1825 3948 
1 3620 4918
1 1400 4909
0 0 7 5823 3947 1826 1827 3946 3945 1828 
1 2029 5515
0 0 6 1829 5824 1830 1831 3944 3943 
0 0 4 5825 3942 1832 1833 
0 0 5 5826 3941 3940 3939 1834 
0 0 4 1835 5827 3938 1836 
0 0 5 1837 1838 1839 5828 3937 
0 0 6 1840 5829 1841 1842 3936 1843 
0 0 6 1844 5830 3935 1845 1846 1847 
1 3050 3434
0 0 6 5831 1848 1849 3934 1850 1851 
1 4803 3495
1 962 1515
0 0 7 1852 5832 1853 3933 1854 3932 3931 
1 169 3951
0 0 2 1855 5833 
1 2518 802
1 2658 1296
0 0 4 1856 1857 5834 1858 
0 0 2 5835 3930 
1 5742 5723
0 0 4 1859 1860 5836 3929 
0 0 5 1861 5837 3928 1862 3927 
0 0 3 5838 1863 1864 
1 23 5401
0 0 5 5839 3926 1865 1866 1867 
0 0 7 5840 1868 1869 1870 1871 3925 1872 
1 4554 4457
1 1617 2018
0 0 3 1873 1874 1875 
1 4239 4146
0 0 3 5842 5841 1876 
0 0 3 1877 5843 3924 
1 5080 3162
1 5406 2719
0 0 6 5844 3923 3922 3921 3920 3919 
0 0 4 5845 1878 3918 1879 
0 0 4 5846 3917 1880 1881 
1 5358 2817
1 2168 108
0 0 7 5847 1882 1883 3916 3915 1884 1885 
1 2831 2796
0 0 3 5848 1886 3914 
0 0 2 5849 3913 
1 2639 4901
1 3539 1172
0 0 4 1887 5850 1888 1889 
0 0 2 1890 1891 
1 5835 3162
0 0 3 5852 1892 1893 
0 0 5 5853 1894 5851 1895 1896 
1 593 1508
1 4722 5258
1 4937 4620
1 5217 3366
1 3871 1057
1 2322 3531
0 0 6 1897 5854 3912 3911 1898 3910 
1 2803 3904
1 5362 2028
0 0 5 1899 1900 1901 5855 1902 
1 3091 5650
0 0 2 5856 1903 
1 584 9
0 0 3 5857 1904 3909 
1 3796 5006
1 5541 3625
1 1389 5144
1 4029 3981
1 767 1121
0 0 6 5858 3908 3907 3906 3905 3904 
1 3843 836
0 0 7 5859 1905 3903 1906 1907 1908 1909 
1 3104 4040
1 2636 889
0 0 5 1910 5860 1911 3902 1912 
0 0 3 1913 5861 3901 
0 0 7 5862 3900 3899 1914 1915 3898 1916 
1 2344 5149
0 0 4 1917 1918 5863 1919 
1 2480 818
1 1103 3277
0 0 3 5864 1920 1921 
0 0 7 5865 3897 3896 3895 1922 1923 1924 
0 0 5 5866 1925 1926 3894 1927 
1 2543 4015
1 1615 2556
0 0 3 1928 5867 1929 
0 0 5 5868 3893 1930 1931 3892 
0 0 4 1932 5869 1933 3891 
0 0 6 1934 1935 5870 3890 1936 3889 
1 1446 5490
1 5434 4299
1 4872 2769
1 2405 3387
1 5023 5385
1 3595 465
0 0 7 1937 5871 3888 3887 1938 3886 1939 
1 4465 1515
0 0 4 1940 1941 1942 5872 
0 0 5 5873 1943 3885 3884 3883 
0 0 4 5874 1944 3882 1945 
0 0 3 1946 1947 5875 
0 0 2 1948 1949 
1 2323 314
1 3803 455
1 3982 1047
0 0 5 1950 1951 1952 5877 1953 
0 0 2 5878 1954 
1 3784 1867
0 0 6 5879 5876 1955 3881 1956 3880 
0 0 2 1957 5880 
1 1287 2535
0 0 4 1958 1959 1960 5881 
1 399 939
1 1877 3149
1 1738 5071
1 3017 2577
0 0 3 1961 5882 3879 
0 0 2 5883 3878 
0 0 5 5884 1962 3877 1963 1964 
1 2633 2538
0 0 7 5885 3876 3875 1965 1966 1967 3874 
0 0 3 1968 5886 3873 
1 276 4213
1 3073 5185
1 3915 1676
1 1058 697
1 4647 3810
0 0 3 1969 1970 5887 
0 0 6 1971 5888 1972 1973 1974 3872 
1 5481 3879
1 5228 5618
1 1553 512
0 0 5 5889 3871 1975 3870 3869 
1 2770 1550
1 4949 4380
1 2352 2638
0 0 5 5890 1976 3868 3867 3866 
1 3460 4239
0 0 7 5891 3865 1977 3864 1978 1979 1980 
1 4441 845
0 0 4 1981 5892 1982 3863 
0 0 4 5893 1983 3862 3861 
1 2354 1031
0 0 2 1984 5894 
0 0 5 1985 5895 3860 3859 3858 
1 4609 5023
1 5463 4303
0 0 3 5896 3857 1986 
0 0 2 1987 1988 
1 5029 2438
1 3726 1979
0 0 6 5898 1989 1990 5897 3856 1991 
0 0 2 1992 5899 
0 0 2 5900 1993 
1 1252 1062
0 0 7 5901 3855 3854 1994 1995 1996 3853 
1 1763 1164
1 3784 3109
1 5376 448
1 2178 4124
0 0 4 5902 1997 1998 3852 
0 0 6 5903 3851 1999 2000 2001 3850 
0 0 2 2002 2003 
0 0 6 5905 5904 3849 2004 3848 3847 
0 0 4 2005 5906 2006 2007 
1 773 4916
1 2233 3094
0 0 3 2008 5907 3846 
0 0 6 2009 5908 2010 3845 2011 2012 
1 5722 2142
1 2994 1945
1 2386 399
1 5666 103
0 0 6 5909 3844 2013 2014 3843 3842 
0 0 3 5910 3841 2015 
0 0 3 5911 3840 2016 
1 2882 2138
0 0 2 2017 5912 
0 0 7 5913 3839 2018 3838 2019 3837 2020 
0 0 3 5914 2021 3836 
1 4488 832
0 0 4 2022 2023 5915 3835 
0 0 6 5916 3834 2024 3833 3832 3831 
0 0 2 2025 2026 
0 0 2 5918 5917 
1 1288 3667
0 0 3 2027 2028 5919 
1 3490 2324
0 0 7 2029 2030 2031 5920 3830 3829 2032 
0 0 2 5921 3828 
0 0 3 5922 2033 2034 
0 0 5 5923 2035 3827 3826 3825 
0 0 3 2036 5924 3824 
0 0 7 2037 5925 3823 3822 3821 3820 2038 
1 4728 5729
1 1583 5774
0 0 7 5926 2039 3819 2040 2041 2042 3818 
0 0 5 5927 2043 2044 3817 2045 
0 0 5 2046 5928 2047 3816 2048 
1 5288 3904
1 1896 4445
1 2414 4597
1 2551 4320
0 0 3 5929 3815 2049 
0 0 5 2050 5930 3814 3813 3812 
0 0 2 5931 3811 
1 4461 3245
1 5223 1747
1 3571 5555
1 4728 1305
0 0 3 2051 2052 2053 
1 774 1779
0 0 2 5933 5932 
1 1194 5193
1 2678 3121
1 3316 3629
0 0 5 5934 2054 2055 2056 2057 
0 0 4 5935 3810 3809 3808 
0 0 4 5936 3807 2058 2059 
1 4641 4337
0 0 3 2060 2061 5937 
0 0 5 2062 2063 5938 3806 2064 
0 0 3 5939 3805 2065 
0 0 7 5940 3804 3803 3802 2066 2067 2068 
0 0 4 5941 2069 3801 2070 
1 5330 5479
0 0 6 5942 3800 2071 2072 2073 3799 
0 0 6 5943 2074 3798 3797 3796 2075 
0 0 4 5944 3795 3794 3793 
1 809 4226
1 2268 325
1 2524 4922
1 4440 1751
1 4899 3838
1 3567 410
1 530 567
1 5759 948
0 0 2 5945 3792 
1 1682 1339
0 0 2 2076 5946 
0 0 7 2077 5947 3791 2078 3790 3789 3788 
0 0 4 2079 2080 2081 2082 
1 2269 591
1 5752 586
0 0 6 2083 5949 5948 3787 3786 2084 
1 1723 2541
1 2121 2984
0 0 6 2085 2086 2087 5950 3785 3784 
0 0 7 5951 2088 2089 3783 2090 2091 3782 
0 0 4 2092 2093 2094 2095 
1 4082 70
1 3749 4552
1 2923 3221
1 2799 4987
0 0 3 5953 2096 2097 
1 1557 3982
0 0 3 2098 5954 5952 
1 3531 4872
1 4969 5124
1 1672 4772
0 0 4 5955 3781 3780 2099 
1 2803 2024
0 0 7 2100 2101 5956 2102 3779 3778 3777 
1 4708 3100
1 4930 3591
1 1019 493
0 0 2 2103 2104 
0 0 7 2105 5958 2106 5957 3776 3775 3774 
1 1435 2774
1 5860 5463
1 1374 1545
0 0 2 5959 2107 
0 0 5 2108 2109 5960 3773 2110 
0 0 3 5961 2111 3772 
0 0 4 2112 5962 3771 3770 
0 0 6 5963 3769 2113 2114 3768 3767 
0 0 2 2115 2116 
0 0 4 5965 2117 2118 2119 
0 0 4 2120 2121 2122 2123 
0 0 4 2124 5967 2125 5966 
0 0 2 2126 2127 
1 4639 353
1 976 3751
1 2529 4448
1 3920 1099
0 0 7 5969 2128 2129 2130 2131 2132 5968 
0 0 5 2133 5970 5964 3766 2134 
1 3845 5358
1 5281 1584
0 0 7 2135 5971 2136 3765 2137 2138 2139 
0 0 4 5972 2140 3764 3763 
1 5969 1942
0 0 2 2141 2142 
0 0 2 2143 5974 
0 0 3 5975 2144 5973 
0 0 2 5976 2145 
1 3405 1220
1 409 1502
0 0 4 5977 3762 3761 3760 
0 0 3 2146 2147 5978 
1 651 1803
1 3756 2663
1 1616 1715
1 2066 2451
0 0 7 5979 3759 2148 3758 2149 3757 2150 
0 0 4 2151 5980 2152 2153 
1 2616 534
0 0 2 5981 2154 
0 0 5 5982 2155 2156 2157 3756 
0 0 4 5983 2158 2159 3755 
0 0 5 5984 3754 2160 3753 3752 
1 4458 2196
1 1802 600
1 2317 4148
0 0 7 5985 3751 3750 3749 2161 3748 2162 
1 385 4579
1 1792 239
0 0 7 2163 5986 2164 2165 3747 2166 3746 
1 3202 5164
0 0 3 5987 3745 3744 
0 0 4 5988 2167 2168 2169 
1 2083 3645
1 5022 2761
0 0 4 5989 3743 3742 2170 
1 763 3280
1 2116 3836
1 4040 1305
1 3089 4397
0 0 4 2171 2172 2173 2174 
1 2800 5524
0 0 7 5991 2175 5990 3741 3740 3739 2176 
1 4075 1934
1 3236 1242
1 4309 1487
1 4506 4330
0 0 4 2177 2178 2179 2180 
0 0 7 2181 2182 5993 5992 2183 3738 3737 
0 0 3 2184 2185 2186 
0 0 3 2187 5995 5994 
0 0 5 2188 2189 2190 5996 3736 
0 0 2 2191 2192 
0 0 5 5998 5997 3735 3734 2193 
1 2192 3976
0 0 2 5999 2194 
1 3690 4752
1 5416 2182
1 139 985
0 0 6 6000 2195 3733 3732 3731 2196 
0 0 7 2197 6001 2198 2199 3730 3729 2200 
0 0 2 6002 3728 
0 0 7 2201 6003 2202 2203 2204 3727 2205 
0 0 5 6004 2206 3726 3725 3724 
1 5986 4772
0 0 3 2207 2208 6005 
1 3567 4786
0 0 4 2209 6006 3723 2210 
1 2177 5504
1 2089 1495
1 5939 5145
1 3082 4988
0 0 3 2211 6007 2212 
1 2255 5498
1 2550 4317
0 0 3 6008 2213 3722 
0 0 6 2214 6009 2215 3721 2216 2217 
0 0 6 2218 2219 6010 2220 3720 2221 
0 0 6 6011 3719 3718 2222 3717 3716 
0 0 3 2223 2224 2225 
0 0 7 6013 6012 3715 2226 2227 3714 2228 
0 0 4 6014 3713 3712 2229 
0 0 6 6015 2230 2231 3711 3710 3709 
1 2269 1777
1 2437 3437
0 0 3 6016 2232 2233 
0 0 7 6017 3708 2234 3707 3706 2235 2236 
0 0 3 6018 3705 3704 
1 5496 4586
1 2033 935
1 3182 2334
1 4995 2167
0 0 6 2237 2238 2239 2240 2241 6019 
0 0 5 2242 6020 2243 3703 2244 
0 0 2 6021 3702 
1 2067 5022
1 1404 3729
0 0 6 2245 6022 2246 2247 3701 3700 
0 0 6 6023 3699 2248 3698 2249 3697 
1 5825 4424
0 0 4 2250 2251 2252 2253 
1 1539 2611
0 0 4 2254 6025 6024 3696 
1 3164 1204
0 0 4 6026 2255 3695 2256 
1 1882 4081
1 675 3447
1 208 4422
0 0 6 2257 2258 6027 3694 3693 3692 
1 199 666
0 0 3 6028 3691 2259 
1 1906 3672
0 0 2 2260 6029 
1 3746 5288
1 4071 4460
0 0 4 2261 2262 2263 2264 
0 0 4 6031 2265 6030 3690 
0 0 7 6032 2266 3689 2267 2268 2269 2270 
0 0 7 2271 6033 3688 2272 2273 2274 3687 
1 154 5036
0 0 3 2275 2276 2277 
1 5794 4655
0 0 2 6035 6034 
1 3369 4326
1 4105 5999
0 0 4 2278 6036 3686 2279 
0 0 4 2280 2281 2282 2283 
0 0 6 2284 6038 6037 3685 2285 2286 
0 0 5 6039 2287 2288 2289 2290 
0 0 4 2291 6040 3684 2292 
1 2132 3000
1 4126 775
0 0 2 2293 6041 
1 5901 4017
0 0 2 2294 2295 
0 0 2 2296 2297 
0 0 6 6044 2298 6043 2299 6042 3683 
1 3720 4138
1 3947 403
0 0 6 6045 3682 2300 3681 3680 3679 
0 0 6 6046 2301 2302 3678 2303 3677 
1 4036 3114
0 0 7 2304 2305 2306 2307 6047 2308 3676 
0 0 4 6048 3675 3674 2309 
1 5369 5828
1 2192 315
0 0 3 6049 2310 2311 
1 5845 4114
0 0 5 2312 2313 2314 2315 6050 
1 283 4724
1 3950 480
1 3563 3837
1 935 4279
0 0 2 2316 2317 
1 1777 2352
1 486 1056
0 0 4 6052 2318 2319 6051 
1 3180 1294
1 2028 1111
0 0 2 2320 2321 
0 0 2 6054 6053 
1 1363 2778
0 0 5 6055 3673 3672 3671 2322 
0 0 3 2323 6056 2324 
0 0 4 6057 2325 2326 2327 
1 1143 5431
1 4994 5791
0 0 4 6058 3670 2328 2329 
0 0 2 6059 3669 
1 277 2858
1 5243 144
0 0 4 6060 2330 2331 2332 
1 4130 207
1 4523 3409
1 3149 4004
1 1934 5021
1 918 1095
1 998 1216
0 0 5 6061 2333 2334 2335 2336 
1 2758 5133
1 1794 4872
0 0 4 6062 3668 3667 3666 
0 0 5 6063 3665 3664 2337 2338 
0 0 5 6064 2339 2340 2341 3663 
1 3254 4298
1 5081 4105
0 0 6 6065 2342 3662 3661 3660 2343 
0 0 3 2344 2345 2346 
0 0 2 2347 6067 
0 0 2 6068 2348 
1 4771 4108
0 0 6 2349 2350 6069 2351 6066 3659 
0 0 2 2352 6070 
0 0 7 2353 2354 6071 2355 2356 3658 3657 
1 4205 81
0 0 3 2357 6072 2358 
1 4550 1032
0 0 4 2359 2360 6073 2361 
1 3219 1018
0 0 7 2362 2363 6074 2364 2365 2366 2367 
1 3312 6004
1 3078 4059
1 2868 1256
0 0 3 6075 3656 3655 
1 1494 5337
0 0 7 2368 6076 2369 2370 2371 3654 2372 
0 0 4 2373 6077 3653 2374 
1 2830 785
0 0 2 6078 3652 
1 4438 743
1 389 3843
0 0 3 6079 3651 2375 
0 0 7 6080 2376 2377 3650 2378 3649 2379 
0 0 3 6081 3648 2380 
1 4860 5410
0 0 3 2381 2382 2383 
0 0 7 6083 2384 2385 6082 2386 3647 3646 
1 2507 3766
1 3193 4540
0 0 2 2387 6084 
1 1801 1299
0 0 6 6085 2388 3645 3644 3643 3642 
1 2824 1017
1 2911 3018
0 0 3 6086 2389 3641 
1 4058 416
1 5605 2829
1 1426 905
0 0 4 6087 2390 3640 2391 
1 5739 2972
0 0 3 6088 3639 3638 
0 0 3 2392 2393 6089 
0 0 4 6090 2394 3637 2395 
1 5642 4886
1 1861 954
1 2593 5743
0 0 3 2396 2397 2398 
1 1267 5323
0 0 4 6092 2399 2400 6091 
0 0 7 2401 2402 6093 2403 2404 2405 3636 
0 0 2 6094 3635 
1 1866 3022
0 0 3 6095 2406 3634 
0 0 7 6096 3633 2407 2408 2409 2410 2411 
0 0 6 6097 3632 2412 2413 3631 2414 
1 839 2875
1 936 6035
1 4943 2291
0 0 5 2415 2416 6098 2417 2418 
1 3535 4377
1 2823 3965
1 313 1918
1 5932 651
1 4407 424
0 0 3 2419 2420 2421 
0 0 2 6100 6099 
0 0 3 6101 3630 2422 
1 5100 224
1 1719 1852
1 2466 5216
1 1915 2569
0 0 7 2423 6102 2424 2425 3629 3628 2426 
1 4893 3303
0 0 2 2427 6103 
0 0 6 2428 6104 2429 2430 3627 3626 
1 1981 4335
1 853 2588
1 5764 5791
1 489 3305
0 0 3 2431 6105 2432 
0 0 7 2433 2434 2435 2436 6106 2437 3625 
1 438 5998
0 0 5 2438 2439 2440 2441 6107 
0 0 7 6108 3624 2442 3623 2443 3622 3621 
0 0 6 2444 2445 6109 3620 3619 2446 
1 5712 4005
0 0 4 2447 6110 2448 2449 
0 0 3 2450 2451 6111 
1 5271 879
0 0 7 2452 6112 2453 2454 3618 2455 2456 
0 0 2 2457 6113 
1 5076 298
1 4428 2702
1 565 5063
0 0 7 2458 2459 2460 2461 2462 2463 2464 
1 5834 3029
1 4043 4009
0 0 6 2465 2466 2467 2468 6115 6114 
1 4036 2768
1 6098 3842
1 2615 683
1 1093 5318
0 0 6 6116 3617 3616 2469 2470 3615 
0 0 3 6117 2471 2472 
1 2941 5774
1 3510 1635
0 0 5 2473 6118 2474 3614 2475 
1 918 2703
1 3260 1579
0 0 6 2476 6119 2477 2478 2479 2480 
1 3417 4045
1 2685 1720
1 1479 6073
1 4651 1564
1 5522 2924
0 0 5 2481 6120 2482 3613 2483 
0 0 7 2484 2485 6121 3612 3611 3610 3609 
0 0 2 2486 6122 
0 0 5 2487 2488 6123 3608 2489 
0 0 2 2490 2491 
0 0 4 6125 6124 3607 2492 
0 0 4 2493 6126 2494 3606 
0 0 4 2495 6127 3605 2496 
1 877 2289
0 0 4 2497 6128 2498 3604 
1 5285 590
1 2487 4569
0 0 7 6129 3603 3602 2499 2500 3601 2501 
0 0 4 2502 6130 2503 2504 
1 3983 4988
0 0 5 6131 2505 2506 3600 3599 
0 0 4 6132 3598 3597 3596 
0 0 3 2507 6133 2508 
1 6009 1278
1 1392 3350
1 2767 1861
1 1863 3879
0 0 3 2509 6134 2510 
1 3299 2674
1 5270 2564
1 5066 3620
1 5816 2931
0 0 5 2511 2512 6135 3595 2513 
0 0 6 6136 3594 2514 2515 2516 2517 
0 0 5 6137 3593 3592 3591 2518 
1 6105 2116
1 3314 274
0 0 6 2519 2520 2521 6138 2522 2523 
1 4815 431
1 3760 3854
1 4103 1736
0 0 7 6139 3590 3589 3588 3587 2524 2525 
0 0 4 6140 3586 2526 2527 
0 0 6 2528 2529 2530 2531 2532 2533 
1 3632 5434
0 0 5 2534 6142 6141 3585 2535 
1 931 122
0 0 4 2536 6143 2537 2538 
0 0 6 2539 2540 6144 3584 2541 3583 
0 0 3 2542 6145 3582 
1 1382 3499
1 3239 4566
1 837 2340
1 767 841
0 0 2 2543 6146 
0 0 2 2544 2545 
0 0 4 6148 2546 6147 2547 
0 0 3 6149 3581 2548 
1 799 4102
1 5806 3699
0 0 5 6150 2549 2550 3580 3579 
0 0 4 2551 6151 2552 2553 
0 0 5 6152 3578 2554 3577 3576 
1 3686 961
0 0 6 6153 2555 3575 3574 3573 3572 
0 0 6 2556 2557 6154 3571 2558 2559 
1 1721 2249
0 0 3 2560 2561 6155 
1 2509 4425
1 4139 2346
0 0 4 2562 6156 2563 3570 
0 0 2 2564 6157 
1 3487 1928
1 3869 1867
1 3981 467
1 370 4859
0 0 3 2565 6158 3569 
1 3530 5353
1 4847 2715
0 0 6 6159 2566 3568 3567 3566 2567 
0 0 3 6160 2568 3565 
1 2876 114
1 3474 3016
1 90 1084
0 0 2 6161 2569 
0 0 6 2570 2571 6162 2572 2573 2574 
0 0 4 6163 3564 2575 2576 
1 2137 733
0 0 5 2577 2578 6164 3563 2579 
1 4553 1831
0 0 3 6165 3562 3561 
0 0 7 2580 6166 2581 2582 2583 2584 2585 
0 0 6 6167 3560 2586 3559 3558 2587 
0 0 2 6168 2588 
0 0 7 2589 2590 6169 3557 2591 3556 2592 
0 0 6 2593 6170 3555 2594 3554 3553 
1 4278 3391
1 5804 3944
1 982 2880
0 0 7 2595 6171 2596 3552 3551 3550 3549 
1 5755 641
0 0 4 6172 2597 2598 2599 
1 3645 1917
0 0 3 2600 6173 3548 
1 4377 5386
0 0 5 6174 2601 3547 2602 3546 
0 0 5 6175 3545 2603 2604 3544 
1 1813 5306
1 4354 5030
0 0 6 6176 3543 2605 3542 2606 3541 
1 968 3055
0 0 4 6177 2607 3540 3539 
1 2531 5985
1 5292 6001
0 0 6 6178 2608 3538 3537 2609 3536 
0 0 5 2610 2611 6179 2612 2613 
0 0 2 2614 6180 
0 0 7 6181 2615 3535 3534 3533 2616 2617 
1 4392 2473
1 369 5724
1 4460 4045
1 4469 5142
1 1750 2718
1 2068 2452
0 0 4 2618 6182 3532 3531 
0 0 5 6183 3530 2619 3529 3528 
0 0 2 2620 2621 
0 0 4 6185 2622 6184 3527 
0 0 4 6186 2623 2624 3526 
1 916 1737
1 1308 6002
1 4950 713
1 5007 4527
0 0 7 6187 2625 3525 2626 3524 2627 3523 
1 3508 999
0 0 4 6188 3522 3521 3520 
1 5878 518
1 5652 1909
1 137 2247
1 5004 6041
1 1035 4216
0 0 2 2628 6189 
0 0 6 2629 6190 3519 3518 3517 3516 
0 0 7 6191 2630 2631 3515 2632 3514 2633 
0 0 5 2634 6192 3513 3512 2635 
1 1679 2409
0 0 3 6193 2636 2637 
1 4164 4495
1 636 4426
1 4326 4362
0 0 7 2638 2639 6194 3511 3510 2640 3509 
1 2660 4184
0 0 5 2641 6195 2642 3508 2643 
0 0 3 2644 2645 2646 
1 1615 2940
1 4154 2056
0 0 7 2647 6197 6196 2648 2649 2650 3507 
1 5710 2690
1 4169 3972
0 0 7 6198 3506 2651 3505 2652 2653 2654 
0 0 5 6199 2655 3504 2656 3503 
0 0 7 6200 3502 3501 3500 2657 3499 2658 
0 0 7 6201 3498 3497 2659 3496 3495 3494 
1 4672 3094
0 0 4 2660 2661 2662 6202 
1 513 4653
1 1580 2539
0 0 7 2663 6203 2664 2665 3493 3492 3491 
0 0 2 6204 2666 
0 0 4 2667 2668 6205 2669 
1 633 1468
1 827 325
1 4620 720
0 0 5 2670 2671 6206 2672 2673 
1 2786 1156
0 0 4 2674 6207 3490 3489 
0 0 3 6208 2675 3488 
0 0 6 2676 2677 6209 2678 2679 3487 
0 0 3 2680 6210 3486 
0 0 2 6211 2681 
1 4825 1275
1 283 3691
1 4646 1229
0 0 6 2682 6212 3485 3484 3483 2683 
0 0 6 2684 6213 3482 2685 2686 2687 
0 0 5 2688 6214 3481 2689 2690 
0 0 4 6215 2691 2692 2693 
0 0 5 2694 6216 3480 2695 2696 
1 6080 508
0 0 2 6217 2697 
1 2553 4220
0 0 2 6218 3479 
0 0 7 6219 3478 2698 3477 2699 3476 2700 
1 1799 4358
0 0 5 6220 2701 3475 3474 3473 
0 0 6 2702 2703 2704 2705 6221 2706 
1 4895 5949
0 0 5 6222 2707 2708 2709 3472 
0 0 7 2710 6223 2711 2712 3471 2713 3470 
1 791 803
0 0 5 2714 6224 2715 2716 2717 
0 0 6 6225 2718 2719 2720 3469 3468 
0 0 6 2721 6226 2722 2723 3467 2724 
0 0 3 6227 2725 2726 
0 0 2 2727 6228 
0 0 6 6229 3466 3465 3464 3463 3462 
0 0 2 2728 6230 
0 0 6 2729 2730 6231 2731 3461 3460 
0 0 4 2732 6232 3459 3458 
1 2458 1170
1 2378 5998
0 0 7 6233 2733 2734 3457 3456 2735 2736 
1 289 5913
0 0 5 6234 2737 2738 2739 3455 
0 0 2 2740 6235 
0 0 6 2741 2742 2743 2744 2745 6236 
0 0 4 2746 6237 2747 3454 
0 0 6 6238 3453 3452 2748 2749 2750 
0 0 2 6239 2751 
0 0 4 2752 6240 2753 3451 
0 0 3 6241 3450 3449 
1 4073 5925
0 0 2 2754 6242 
1 1198 3287
1 3530 775
1 2989 4601
0 0 3 6243 3448 3447 
0 0 4 2755 2756 6244 3446 
0 0 7 2757 2758 6245 2759 3445 3444 2760 
0 0 2 6246 3443 
0 0 7 6247 3442 2761 2762 3441 2763 3440 
0 0 2 2764 6248 
1 1844 1207
1 4418 1299
0 0 7 2765 6249 2766 2767 3439 3438 3437 
0 0 4 2768 2769 6250 2770 
1 2058 5029
0 0 5 6251 3436 3435 2771 3434 
1 2418 6239
1 962 3237
0 0 4 2772 2773 2774 6252 
1 355 922
0 0 4 6253 3433 3432 2775 
1 1945 3877
0 0 6 2776 2777 6254 3431 2778 2779 
0 0 6 6255 2780 3430 3429 2781 3428 
1 969 4903
0 0 6 2782 2783 2784 2785 2786 2787 
0 0 6 6257 2788 6256 2789 2790 2791 
0 0 5 6258 3427 2792 3426 2793 
0 0 4 2794 6259 3425 3424 
0 0 3 6260 3423 2795 
0 0 6 2796 6261 2797 3422 3421 3420 
0 0 2 6262 2798 
0 0 4 6263 3419 3418 2799 
1 2949 2402
0 0 4 6264 3417 3416 2800 
1 168 5293
0 0 7 2801 6265 3415 3414 3413 2802 2803 
0 0 3 6266 3412 2804 
0 0 7 6267 2805 3411 2806 3410 2807 2808 
1 160 1578
1 3448 1447
0 0 7 2809 2810 6268 3409 3408 3407 2811 
0 0 5 2812 2813 2814 2815 6269 
0 0 5 2816 6270 3406 3405 2817 
1 3544 3838
0 0 3 2818 2819 6271 
0 0 5 6272 2820 2821 3404 3403 
1 2677 4489
1 4453 4880
1 1160 2585
1 5003 3943
0 0 6 6273 2822 3402 2823 3401 3400 
1 4009 1641
0 0 6 6274 3399 3398 2824 3397 2825 
0 0 4 2826 6275 2827 3396 
1 1770 834
1 575 5365
1 5745 1574
1 2623 4764
1 1005 4786
1 5882 1959
1 1162 1053
0 0 7 2828 6276 2829 3395 3394 3393 2830 
0 0 2 2831 2832 
0 0 6 6278 2833 6277 2834 3392 2835 
0 0 5 6279 3391 3390 2836 2837 
0 0 2 6280 2838 
1 1559 3583
1 899 6111
1 938 46
1 3212 4295
0 0 6 2839 6281 3389 3388 3387 3386 
0 0 6 6282 2840 3385 2841 2842 3384 
0 0 5 2843 6283 3383 2844 3382 
1 2749 2786
1 3332 5467
1 1590 3588
0 0 6 2845 2846 2847 6284 3381 3380 
1 3378 3596
1 5387 3961
1 681 3630
1 4797 6231
0 0 2 6285 3379 
0 0 2 2848 2849 
0 0 2 6287 6286 
1 1245 2366
1 2202 5600
1 5348 4160
0 0 5 2850 2851 2852 2853 6288 
1 6150 1197
0 0 2 6289 3378 
0 0 6 6290 2854 2855 2856 2857 3377 
0 0 6 6291 3376 2858 3375 3374 2859 
1 4713 4913
1 5022 313
0 0 4 6292 3373 3372 3371 
0 0 5 2860 6293 2861 2862 2863 
1 2285 5543
0 0 5 2864 2865 2866 6294 2867 
1 1050 1830
1 6140 4702
1 169 4520
1 1697 410
1 4189 2303
1 773 4504
1 1417 3215
1 6119 2408
0 0 3 6295 2868 3370 
1 3680 523
0 0 5 6296 2869 3369 3368 2870 
0 0 7 6297 3367 3366 2871 3365 3364 2872 
0 0 3 2873 2874 6298 
0 0 4 2875 2876 6299 3363 
1 2092 431
1 1321 3428
0 0 4 6300 3362 3361 3360 
0 0 6 6301 2877 2878 3359 2879 3358 
0 0 3 2880 6302 3357 
0 0 7 2881 2882 6303 2883 3356 2884 3355 
0 0 7 2885 6304 2886 3354 3353 3352 3351 
1 4760 5462
1 3916 3879
1 4493 5357
0 0 3 2887 2888 2889 
1 3939 5626
1 2365 3774
0 0 6 6306 2890 2891 2892 2893 6305 
1 2212 2354
1 2053 521
1 5622 6287
0 0 7 6307 3350 3349 3348 3347 2894 3346 
0 0 4 6308 3345 3344 2895 
0 0 6 2896 6309 3343 3342 2897 3341 
0 0 2 2898 6310 
1 3462 5861
0 0 2 6311 2899 
1 2077 3470
0 0 4 6312 3340 3339 3338 
0 0 3 2900 6313 2901 
0 0 5 2902 6314 3337 3336 2903 
0 0 3 6315 3335 2904 
0 0 7 2905 6316 2906 2907 3334 3333 3332 
0 0 6 6317 2908 3331 2909 3330 2910 
0 0 4 2911 2912 6318 2913 
1 4456 3662
1 6305 4097
0 0 4 6319 2914 2915 3329 
1 1541 35
1 5124 5859
0 0 2 6320 2916 
1 2287 4286
1 305 1975
1 2762 4470
0 0 6 2917 6321 3328 3327 3326 2918 
1 1613 1305
0 0 4 6322 3325 3324 2919 
0 0 7 6323 2920 3323 3322 3321 3320 3319 
0 0 4 6324 2921 3318 3317 
1 5013 3085
1 4548 5171
1 492 2615
1 579 4727
0 0 2 6325 2922 
1 1886 1675
0 0 2 2923 6326 
0 0 7 6327 3316 3315 3314 3313 3312 2924 
0 0 6 6328 3311 3310 2925 3309 3308 
1 1075 4755
1 860 1918
1 6234 2202
0 0 2 6329 3307 
1 3981 3503
0 0 5 6330 3306 2926 2927 3305 
1 5637 3312
0 0 5 6331 2928 2929 3304 3303 
1 2816 363
1 2211 70
0 0 2 2930 6332 
0 0 2 2931 2932 
0 0 6 2933 6334 6333 3302 3301 3300 
1 3609 1843
0 0 6 6335 2934 3299 2935 2936 3298 
1 1670 2130
1 4247 1913
1 6178 27
1 3386 1408
1 1685 3616
0 0 7 2937 6336 2938 3297 2939 3296 2940 
1 1930 6155
1 3944 4044
1 2423 3045
0 0 5 6337 3295 3294 2941 3293 
1 1254 5367
1 4691 5143
1 899 333
0 0 5 6338 2942 3292 2943 3291 
1 2954 3793
1 3660 3656
1 4851 5784
1 463 1505
0 0 3 6339 2944 3290 
1 2953 3747
1 6217 1944
0 0 4 6340 2945 2946 2947 
1 6017 5687
0 0 4 6341 2948 3289 3288 
1 2636 3218
1 3067 4341
0 0 2 2949 6342 
0 0 6 2950 2951 2952 6343 3287 2953 
1 2903 4532
1 5009 4350
1 351 1338
0 0 4 2954 6344 3286 2955 
1 1368 1842
0 0 3 6345 3285 2956 
0 0 4 2957 6346 2958 2959 
0 0 4 2960 2961 6347 2962 
0 0 6 6348 2963 3284 3283 3282 3281 
0 0 5 2964 6349 2965 3280 2966 
1 3499 4854
1 5841 5809
1 5594 5715
0 0 7 6350 2967 2968 3279 3278 2969 3277 
0 0 2 6351 2970 
0 0 3 2971 2972 2973 
1 3162 3005
0 0 7 2974 2975 2976 2977 6353 6352 2978 
0 0 2 6354 3276 
0 0 2 2979 2980 
0 0 5 2981 2982 2983 2984 2985 
1 2947 6309
1 749 3686
0 0 4 2986 2987 6357 2988 
0 0 2 6358 6356 
0 0 5 6359 2989 2990 2991 2992 
1 810 2278
0 0 2 6360 6355 
0 0 5 6361 3275 3274 3273 3272 
0 0 2 6362 3271 
1 4658 5518
1 4929 4886
1 4571 423
1 3133 5796
0 0 3 6363 3270 2993 
1 4053 773
1 3033 706
0 0 6 2994 2995 6364 3269 2996 2997 
0 0 4 6365 3268 2998 2999 
0 0 4 6366 3000 3267 3266 
0 0 6 3001 6367 3265 3264 3002 3263 
1 2495 393
1 632 3187
1 3943 6191
1 186 2426
1 5280 3854
0 0 4 6368 3262 3261 3003 
1 3319 1235
0 0 4 6369 3004 3260 3005 
1 2109 5064
0 0 7 6370 3259 3006 3007 3258 3257 3008 
0 0 6 3009 6371 3256 3010 3255 3254 
0 0 5 3011 6372 3012 3253 3252 
0 0 2 6373 3251 
1 2938 4897
1 4739 5057
0 0 4 3013 3014 3015 3016 
1 1441 1618
1 5804 1322
0 0 6 6375 6374 3250 3017 3018 3019 
0 0 5 6376 3020 3021 3249 3022 
0 0 2 3023 6377 
1 255 1004
0 0 7 6378 3024 3248 3247 3025 3026 3246 
1 4031 6268
1 1822 2432
0 0 7 6379 3245 3244 3027 3243 3028 3029 
0 0 5 6380 3030 3031 3242 3032 
0 0 5 6381 3033 3034 3035 3036 
1 1737 2601
1 5363 4157
1 191 4319
0 0 2 6382 3241 
0 0 4 3037 6383 3240 3239 
0 0 2 6384 3038 
0 0 3 6385 3238 3237 
1 5377 2749
0 0 5 6386 3236 3039 3235 3234 
0 0 3 3040 6387 3041 
0 0 7 3042 3043 6388 3233 3232 3044 3045 
0 0 2 6389 3231 
1 5091 1547
0 0 5 6390 3230 3229 3046 3047 
1 5801 6129
0 0 3 3048 3049 3050 
0 0 2 6392 6391 
1 2250 4816
1 1693 2724
0 0 2 3051 3052 
0 0 2 3053 3054 
0 0 4 3055 6395 3056 6394 
1 5141 1439
1 5527 1874
1 5018 1319
1 4567 2882
0 0 2 6396 3057 
1 3441 2114
0 0 3 3058 3059 6397 
0 0 6 3060 3061 6398 3062 3063 3064 
1 70 2435
1 5746 5948
1 1209 1651
0 0 6 3065 6399 6393 3228 3066 3067 
0 0 3 6400 3068 3069 
0 0 6 3070 3071 3072 3073 6401 3227 
1 5454 2479
1 1411 655
0 0 4 6402 3226 3225 3074 
1 2632 4507
0 0 5 6403 3075 3076 3077 3078 
1 4932 3700
1 5076 1901
0 0 6 3079 3080 3081 6404 3224 3223 
1 1912 2009
1 53 2958
1 5286 3093
0 0 7 6405 3082 3083 3084 3222 3221 3220 
1 4193 5476
1 1727 6104
0 0 4 6406 3219 3085 3086 
1 5482 5535
0 0 7 6407 3218 3217 3087 3088 3216 3215 
0 0 6 6408 3214 3089 3213 3090 3091 
1 103 2628
0 0 2 3092 6409 
0 0 5 3093 6410 3212 3211 3210 
0 0 4 3094 3095 3096 3097 
0 0 7 6412 6411 3209 3098 3099 3100 3101 
1 3532 157
0 0 3 3102 3103 6413 
0 0 4 6414 3208 3104 3207 
1 2347 3785
1 214 243
1 1071 2191
1 5363 4551
0 0 5 3105 6415 3206 3205 3204 
0 0 6 3106 6416 3107 3203 3108 3109 
0 0 4 6417 3110 3111 3112 
1 4082 3299
0 0 7 3113 3114 6418 3115 3116 3202 3201 
1 5628 3745
1 847 2191
1 2983 6231
0 0 4 3117 6419 3118 3200 
1 5324 448
0 0 7 3119 3120 6420 3199 3121 3122 3123 
0 0 5 6421 3124 3198 3125 3126 
0 0 5 3127 6422 3128 3129 3130 
0 0 7 3131 6423 3132 3133 3197 3196 3195 
0 0 7 6424 3134 3194 3135 3193 3192 3191 
1 6184 6360
0 0 4 6425 3190 3189 3188 
0 0 4 6426 3187 3136 3137 
1 893 4244
1 4416 1221
1 888 3158
1 4624 757
1 4136 562
0 0 3 6427 3186 3185 
0 0 4 6428 3138 3139 3140 
1 2848 5981
1 2532 2567
0 0 2 3141 3142 
1 2716 3931
1 5302 6293
1 3133 2941
1 3660 5503
0 0 6 3143 3144 6430 6429 3184 3145 
1 1424 2731
1 1997 1508
1 3942 5175
1 5450 400
1 3271 5417
1 5259 2810
0 0 3 3146 6431 3183 
1 3811 3260
1 5225 1567
0 0 7 6432 3182 3147 3181 3148 3149 3150 
1 3845 1266
1 4298 860
0 0 5 3151 6433 3152 3153 3180 
0 0 2 6434 3154 
0 0 4 6435 3155 3156 3179 
1 628 5300
1 2325 327
1 778 4287
0 0 4 3157 6436 3178 3158 
0 0 3 3159 3160 3161 
0 0 4 3162 6438 6437 3177 
1 5379 4464
1 6256 357
1 410 3144
0 0 5 6439 3163 3164 3165 3166 
1 3315 995
1 4796 7
1 4424 2549
1 6138 5535
1 1441 5805
1 575 3779
1 6240 4355
1 6222 1308
1 3254 735
1 5540 4034
1 5298 894
1 4867 2790
1 524 3713
1 4480 1422
1 5061 3361
1 552 4400
1 694 182
1 1730 5335
1 2319 5641
1 5386 2441
1 78 3691
1 4364 4188
1 5661 6137
1 3397 2661
1 2102 2859
1 3674 31
1 1071 2273
1 3764 304
1 5710 6218
1 5932 2803
1 2882 4160
1 1884 2389
1 3235 4323
1 1308 3030
1 1985 4066
1 5125 2484
1 539 4315
1 6078 3246
1 4692 5502
1 3766 4441
1 6031 5639
1 3265 4446
1 3558 221
1 3371 231
1 5172 4741
1 6364 6379
1 558 1029
1 1490 3283
1 4387 3930
1 1287 6141
1 3053 5598
1 6398 3212
1 2457 1748
1 5152 4181
1 4447 3533
1 193 3612
1 1958 5962
1 5914 2931
1 4606 2223
1 4094 5178
1 125 1897
1 1954 6063
1 4906 4691
1 4141 220
1 2473 5165
1 2203 5690
1 1810 4308
1 2209 6353
1 5925 245
1 3341 4452
1 2250 834
1 2753 913
1 5781 2946
1 390 2107
1 2475 4019
1 3845 4936
1 3801 1900
1 5609 2804
1 3092 5715
1 6408 3099
1 5671 2142
1 281 2218
1 884 1918
1 767 5137
1 4316 5152
1 5704 3341
1 763 3747
1 6228 1481
1 625 4040
1 5211 4934
1 346 2121
1 3161 2487
1 6227 3858
1 244 5012
1 3072 5607
1 1957 5860
1 2546 871
1 4401 572
1 1204 5553
1 5873 3968
1 3567 1442
1 933 3899
1 623 3953
1 3175 5300
1 3487 4507
1 3100 4639
1 2210 3385
1 126 3022
1 2523 3358
1 179 3143
1 807 4570
1 4258 3896
1 6219 263
1 5056 1351
1 5145 5
1 2034 810
1 5788 6003
1 1706 4037
1 284 1421
1 6140 2365
1 1471 1163
1 5227 618
1 5728 2281
1 2606 3915
1 5192 329
1 1755 4588
1 334 488
1 1126 2205
1 3419 2625
1 3109 75
1 5449 721
1 1274 2054
1 2355 4962
1 5788 6205
1 2341 2483
1 3414 2122
1 3231 5871
1 389 5833
1 3223 1680
1 6124 4330
1 828 208
1 6121 4972
1 5041 626
1 2877 5158
1 1377 4844
1 2654 5449
1 6066 1364
1 2850 2439
1 3114 5876
1 4829 1118
1 3925 707
1 4580 1712
1 1430 1560
1 4632 3833
1 3477 3668
1 1557 570
1 2053 4449
1 2982 5485
1 329 964
1 2482 3371
1 3283 5752
1 2528 5584
1 2906 4448
1 5494 1760
1 1447 1188
1 1941 2783
1 1124 405
1 3178 3512
1 5954 3027
1 3624 1855
1 4815 286
1 3609 3858
1 476 6003
1 1937 3597
1 2190 2508
1 5876 3503
1 3542 5311
1 517 5566
1 974 5797
1 6256 1028
1 4950 1723
1 3652 4173
1 1632 2625
1 1799 156
1 3536 6011
1 5680 238
1 4860 517
1 1490 6310
1 1543 1133
1 5091 338
1 4264 2427
1 784 5921
1 1155 3470
1 386 2466
1 5949 162
1 1839 5044
1 5294 2663
1 1966 5259
1 3593 412
1 2770 4496
1 2150 2087
1 4159 1923
1 4446 77
1 4105 611
1 1870 3812
1 3158 3096
1 2516 5597
1 3703 4231
1 3205 4766
1 4047 2524
1 2534 1775
1 4770 317
1 3338 3837
1 6086 4292
1 4691 2554
1 4497 3629
1 4063 5883
1 2157 1669
1 240 2504
1 4253 5062
1 1919 2754
1 5713 5356
1 3932 4754
1 4095 4544
1 876 1863
1 281 4107
1 2523 1679
1 629 98
1 3697 3323
1 5327 3802
1 3351 773
1 3819 1604
1 3472 3487
1 3417 5987
1 125 5492
1 1727 783
1 6265 612
1 4497 3834
1 3158 3561
1 2261 4981
1 3266 6173
1 4237 5154
1 5951 452
1 3679 1713
1 3040 4848
1 4092 5856
1 5761 1138
1 1928 5240
1 6306 3353
1 1050 5757
1 4514 3032
1 5337 2881
1 5435 4233
1 4266 506
1 5975 5945
1 3161 5852
1 2268 3767
1 5453 571
1 4266 2502
1 2938 2855
1 747 674
1 1200 154
1 3590 1687
1 1035 2061
1 730 665
1 1572 595
1 1507 4029
1 3935 1798
1 4773 2729
1 2464 6383
1 3821 4557
1 4928 3422
1 4277 1987
1 5150 5289
1 1228 1626
1 4952 3785
1 3984 3006
1 182 5978
1 2862 1613
1 5695 3288
1 6033 6131
1 3733 2334
1 727 6108
1 3986 450
1 3838 1434
1 5603 701
1 6329 5321
1 2956 5520
1 5172 1037
1 2951 4514
1 2172 5071
1 5519 149
1 3982 3636
1 1572 2114
1 5467 151
1 1497 2991
1 2089 1639
1 1992 346
1 3298 3190
1 2968 318
1 6028 5660
1 5109 2731
1 2281 3331
1 2707 1881
1 2306 2357
1 1195 3320
1 2590 6376
1 5087 3393
1 1283 2923
1 4386 2885
1 4257 5942
1 3249 3513
1 5601 5432
1 4818 1007
1 2556 4578
1 5982 3147
1 13 3350
1 3619 25
1 4948 4541
1 539 4809
1 5719 3046
1 111 1390
1 2748 3296
1 473 3036
1 1536 3954
1 3091 1960
1 1191 5514
1 5524 2200
1 3598 3160
1 5637 4672
1 1688 6329
1 3878 3941
1 1053 484
1 521 5415
1 1113 2205
1 3491 1848
1 877 3214
1 6434 2978
1 5730 4536
1 925 4515
1 5720 91
1 4760 6096
1 2308 1353
1 4631 5324
1 2711 4063
1 4081 436
1 3705 5192
1 4991 4122
1 5891 1900
1 977 6410
1 4162 3438
1 80 4990
1 2668 5066
1 4643 4522
1 3074 2757
1 2814 144
1 2803 3964
1 566 782
1 1246 1341
1 316 4489
1 646 1352
1 3699 1309
1 4568 3034
1 5998 3653
1 573 901
1 6099 4419
1 1717 1584
1 798 3469
1 822 2920
1 4998 6386
1 1674 4425
1 3293 345
1 5975 605
1 4020 1375
1 5839 1967
1 2617 56
1 587 1770
1 1100 4295
1 2072 2372
1 4704 372
1 6247 6010
1 5749 3366
1 2403 1658
1 5736 4449
1 3654 5375
1 2812 2022
1 3709 4460
1 956 4794
1 513 4725
1 901 4200
1 5563 6179
1 338 2625
1 643 5077
1 921 4370
1 3477 2855
1 1414 4975
1 5432 1738
1 187 1791
1 3931 5857
1 933 3663
1 2938 2867
1 4659 5494
1 1545 1591
1 2603 2816
1 2838 2465
1 2341 6347
1 4482 79
1 3447 501
1 2288 3366
1 1920 3552
1 2620 388
1 2862 2957
1 2332 559
1 2905 543
1 2961 1999
1 4331 4633
1 6220 5238
1 2259 1008
1 2559 3183
1 6008 1540
1 3488 930
1 2963 134
1 675 490
1 4266 5388
1 2876 3023
1 4386 2292
1 1136 3510
1 4327 4253
1 396 2750
1 1394 5850
1 3627 997
1 6359 3559
1 1574 6092
1 1350 3896
1 3227 6047
1 2052 1939
1 4730 181
1 3580 2907
1 3884 3523
1 2995 3856
1 5663 4672
1 2748 1953
1 3756 680
1 164 2641
1 4902 1871
1 2835 5536
1 3460 4926
1 6319 2481
1 1522 3394
1 3264 1503
1 1395 2134
1 2953 1945
1 3735 2515
1 3710 1514
1 2875 3947
1 3939 5444
1 4102 2858
1 4329 4544
1 3068 1597
1 5685 3064
1 4031 2474
1 3631 5029
1 5117 2023
1 1006 5796
1 4238 6128
1 3690 2277
1 4876 3565
1 707 3264
1 1642 2336
1 5839 3345
1 3790 3146
1 3067 2438
1 1288 4644
1 2226 6129
1 3313 1722
1 3502 363
1 1594 5493
1 4449 3788
1 1467 3112
1 5245 2817
1 3217 4211
1 1456 25
1 5023 3729
1 4651 5572
1 6230 2551
1 2530 5887
1 3733 2397
1 6035 418
1 1963 2333
1 2066 931
1 1488 2429
1 3489 16
1 3922 4975
1 866 1961
1 3184 1198
1 298 1796
1 6291 1291
1 1485 4031
1 863 4021
1 3565 16
1 4854 5299
1 2076 1192
1 5462 6438
1 6308 287
1 355 3302
1 4368 6424
1 1825 2127
1 1749 4925
1 1557 4515
1 3504 3732
1 2661 6397
1 1453 5904
1 2034 2808
1 4640 1606
1 1817 466
1 2649 3002
1 1570 4225
1 5869 349
1 1984 881
1 3203 5765
1 1438 5609
1 2891 638
1 5252 3877
1 4491 3437
1 3363 2853
1 1404 2596
1 269 3593
1 1883 3456
1 128 1429
1 2703 4278
1 6001 4515
1 3163 3476
1 4005 854
1 3725 877
1 3170 311
1 1159 1604
1 3509 4235
1 6071 967
1 5417 2501
1 3789 2559
1 6318 2282
1 6327 498
1 3229 1779
1 119 5271
1 2819 5738
1 1931 2548
1 3153 3923
1 1341 1753
1 6017 3860
1 4862 5169
1 3420 5503
1 5747 2149
1 3427 3591
1 5663 1453
1 947 4355
1 733 5750
1 4654 617
1 6227 446
1 1500 4017
1 2696 4435
1 2941 6276
1 4133 3822
1 2409 2560
1 965 3451
1 6311 3458
1 142 4091
1 4243 1862
1 5917 250
1 6426 4527
1 2911 453
1 5406 2488
1 4132 1734
1 1794 2246
1 5930 5547
1 1713 3156
1 2237 5834
1 3832 5845
1 2870 5751
1 2455 4449
1 6198 5715
1 1076 1943
1 4384 3366
1 3328 2406
1 5427 5002
1 4822 2663
1 4888 145
1 899 89
1 5913 4015
1 5026 5026
1 5089 1546
1 1042 2946
1 5752 3394
1 1690 56
1 5957 5167
1 442 3640
1 1205 850
1 3394 2384
1 2432 1068
1 5627 2402
1 5385 4287
1 4594 2433
1 1616 1034
1 4538 3668
1 3762 5202
1 4904 4513
1 2915 125
1 6225 191
1 4434 2432
1 3801 4066
1 3385 6172
1 4102 4148
1 571 2135
1 26 2442
1 2100 4074
1 5870 1550
1 1917 3002
1 2510 1045
1 5374 4007
1 418 3560
1 4242 416
1 1072 434
1 5059 1710
1 2087 4513
1 1236 2696
1 4528 6193
1 2648 4649
1 2902 5218
1 5315 3499
1 3937 1582
1 1626 589
1 4341 437
1 5714 2470
1 1525 4122
1 5617 4582
1 2955 5468
1 1958 5818
1 3608 3864
1 1761 1894
1 1873 4993
1 2038 5871
1 1710 5842
1 3425 1211
1 2446 26
1 3782 5845
1 3084 421
1 1402 4503
1 1749 3576
1 298 6005
1 1778 767
1 6215 250
1 4114 6239
1 4776 2013
1 3952 4224
1 537 4822
1 3459 3240
1 109 2617
1 1351 3975
1 5758 4749
1 2336 1066
1 5428 2248
1 5302 938
1 3548 970
1 5854 925
1 4758 5638
1 1722 947
1 3955 3458
1 4711 4680
1 638 98
1 6133 2154
1 1477 3792
1 4181 2605
1 2546 3096
1 1123 5974
1 2219 2802
1 3875 1976
1 5268 5806
1 465 625
1 3394 5725
1 3421 4796
1 5329 3642
1 6411 4335
1 1708 3841
1 2442 4934
1 524 144
1 4364 4241
1 2370 3712
1 6415 2910
1 6205 3267
1 3802 2222
1 1694 2970
1 3508 1733
1 931 5375
1 1643 218
1 6390 5191
1 2219 4483
1 70 2711
1 3149 688
1 4366 135
1 1840 5137
1 2556 5982
1 6078 4768
1 1498 4352
1 1621 6405
1 3797 2795
1 1970 6102
1 4529 3074
1 390 5709
1 6314 4696
1 4610 1676
1 4708 4298
1 4639 3889
1 2613 2800
1 4105 4291
1 3331 2142
1 841 4879
1 1835 915
1 4075 6134
1 1217 434
1 1966 1640
1 3141 4296
1 4434 4469
1 5914 2905
1 3438 6143
1 3909 2354
1 2666 4819
1 5067 997
1 3070 4678
1 4986 6265
1 5316 721
1 1400 2139
1 2919 2013
1 1211 2189
1 3356 1913
1 2071 1309
1 1192 4584
1 3279 2656
1 4738 2731
1 5200 2741
1 5459 1275
1 3383 5184
1 6175 1959
1 2607 2632
1 5224 2153
1 5487 5045
1 1894 3874
1 5927 3359
1 4440 3881
1 1815 5548
1 1631 895
1 3363 239
1 4755 3226
1 6296 987
1 512 5078
1 3824 2032
1 2429 920
1 2412 5790
1 2769 4512
1 1484 4872
1 2774 3286
1 3356 1473
1 3440 1432
1 674 6199
1 6237 9
1 3812 2317
1 300 174
1 1113 699
1 39 3501
1 3377 4717
1 4147 901
1 3293 5782
1 4316 3283
1 3807 2877
1 1831 5779
1 5295 2765
1 6268 4896
1 3021 6386
1 1072 677
1 3445 3893
1 161 6377
1 6201 6291
1 3133 1509
1 4892 548
1 4794 3817
1 4759 5299
1 4098 3286
1 377 1849
1 4158 3420
1 930 1858
1 6408 5728
1 5135 5411
1 4644 4859
1 3485 2761
1 6065 2267
1 5027 2957
1 320 4042
1 5515 1321
1 2122 1895
1 1504 147
1 4670 3081
1 2094 5754
1 3165 4091
1 4901 3592
1 3902 1767
1 4384 6209
1 2590 2835
1 1789 3828
1 2088 1882
1 5076 2981
1 5587 4609
1 6423 4056
1 4929 1851
1 5104 1312
1 3321 1532
1 2590 1070
1 254 713
1 936 1713
1 4944 4386
1 4164 3149
1 833 5963
1 4062 6352
1 1430 6277
1 1016 571
1 5332 2912
1 1160 3420
1 576 4898
1 579 2307
1 3931 1867
1 1219 5505
1 4619 5483
1 3474 4902
1 794 1559
1 2275 6432
1 5853 6000
1 4643 5465
1 1955 2243
1 3142 5669
1 5266 3058
1 180 2380
1 6093 1774
1 4781 850
1 5865 484
1 588 4496
1 953 3270
1 474 3068
1 147 3813
1 3031 5895
1 6424 2274
1 3085 2533
1 3218 654
1 4492 5816
1 5830 5604
1 6302 4377
1 12 2013
1 5115 4139
1 4545 819
1 3815 4383
1 5369 1312
1 2378 3019
1 4600 2411
1 5565 1568
1 3625 2610
1 3619 344
1 2680 4953
1 4394 4820
1 6300 1269
1 3540 3866
1 147 2354
1 1356 4250
1 2908 4078
1 2203 919
1 2244 530
1 3426 4376
1 5480 1487
1 28 4069
1 2473 5249
1 322 5614
1 6391 3228
1 326 4184
1 2829 3151
1 2517 639
1 4464 4380
1 1086 357
1 4382 3351
1 4965 1050
1 858 2682
1 5272 3932
1 3560 4391
1 4894 320
1 772 110
1 5506 3130
1 1399 6409
1 2584 6283
1 3122 5270
1 2602 6066
1 2275 1949
1 6089 1033
1 4937 3176
1 4881 4324
1 4331 589
1 3021 6187
1 4025 1675
1 5524 4835
1 2593 5260
1 2405 1014
1 5166 4405
1 3216 1398
1 553 5981
1 1966 3311
1 5043 6306
1 4267 4720
1 1410 5074
1 6230 2753
1 4943 1718
1 3027 2202
1 6143 2205
1 2069 1209
1 1527 1035
1 6216 138
1 6212 2272
1 3434 1241
1 5003 3906
1 4755 6001
1 5144 3030
1 3122 2793
1 1876 311
1 5439 4556
1 3640 5638
1 6008 4073
1 529 4479
1 5501 2691
1 2754 254
1 4280 5529
1 2277 509
1 5546 5619
1 2076 841
1 908 3907
1 4645 2627
1 4892 5519
1 961 3713
1 2533 2000
1 97 2479
1 3191 1417
1 1381 606
1 2000 5595
1 2994 483
1 571 5081
1 6158 4522
1 5351 1478
1 4119 2747
1 5437 6102
1 5694 4198
1 3974 6344
1 5181 3852
1 4198 4133
1 6264 1070
1 2108 3691
1 2465 4439
1 1433 4695
1 906 2472
1 525 866
1 4262 534
1 5224 1118
1 1787 1145
1 4646 1314
1 6129 5122
1 315 6178
1 5579 5534
1 3401 5354
1 2055 3688
1 6416 2466
1 3713 1686
1 2387 6101
1 4537 1312
1 3649 2377
1 2800 2576
1 5618 4343
1 6007 4763
1 4715 3523
1 5628 2221
1 6144 3531
1 5296 1512
1 3462 792
1 5826 1110
1 2042 2987
1 2933 6202
1 3331 295
1 3096 6013
1 2330 5651
1 3751 3844
1 966 5558
1 5579 1513
1 1898 5189
1 3127 535
1 6053 901
1 3434 4963
1 4041 4662
1 4445 2515
1 2843 3996
1 6302 2305
1 2814 2540
1 4203 3805
1 1599 5287
1 1747 2105
1 2625 1197
1 6130 2321
1 625 2209
1 531 1441
1 88 5848
1 2876 2465
1 2182 3216
1 2918 6008
1 5482 957
1 4789 2859
1 1288 652
1 5242 5395
1 1113 880
1 4469 3537
1 3371 1192
1 4886 3734
1 4407 5161
1 2150 4920
1 758 63
1 3050 748
1 4122 4246
1 1376 2557
1 5624 2033
1 5480 5835
1 909 3425
1 3560 1129
1 2500 5008
1 2004 4291
1 5107 5924
1 1725 5085
1 808 4172
1 241 6010
1 2104 2432
1 4995 3153
1 5344 4001
1 6141 234
1 4593 1774
1 81 980
1 5185 6264
1 1347 445
1 1613 3493
1 4743 4822
1 2702 5558
1 1831 3949
1 2050 4624
1 2692 5427
1 983 4499
1 3282 1203
1 3351 2326
1 1955 4214
1 4433 2924
1 4139 4739
1 4858 1352
1 2904 1227
1 6026 722
1 3110 3607
1 3598 3605
1 6120 1597
1 1437 3197
1 625 3593
1 2849 3944
1 3783 5374
1 6126 2365
1 2759 3034
1 287 6437
1 613 2935
1 2145 5484
1 5406 3074
1 6269 3691
1 3407 3988
1 2314 5758
1 2403 4588
1 6284 5193
1 4490 4659
1 6385 1212
1 1877 3625
1 752 3129
1 1240 3434
1 470 1124
1 2865 1053
1 2779 4250
1 3584 1036
1 2934 6108
1 3727 605
1 3053 3641
1 1734 2959
1 835 2841
1 2379 2217
1 52 3667
1 5169 3987
1 1357 4758
1 4447 5289
1 3827 149
1 5092 303
1 5916 3508
1 1135 1643
1 4686 5286
1 5388 2080
1 873 3832
1 4201 5055
1 1068 1581
1 2270 5913
1 2020 215
1 2238 4332
1 6334 1665
1 708 4548
1 1363 1287
1 5003 6105
1 3331 1673
1 1611 2571
1 2785 4625
1 278 6346
1 188 4691
1 1831 2575
1 3921 1221
1 719 211
1 4907 2079
1 2875 27
1 3450 1708
1 3101 242
1 3709 2365
1 643 989
1 464 614
1 3835 4934
1 2563 6385
1 2095 388
1 2887 5655
1 5259 2118
1 2397 2953
1 2617 4563
1 369 624
1 4336 4343
1 6350 2151
1 3445 3043
1 5607 4676
1 4159 6371
1 4756 5468
1 3054 3521
1 318 2274
1 4726 6277
1 6135 4150
1 1261 5783
1 4304 4098
1 12 5719
1 4870 4112
1 311 783
1 4855 1401
1 2797 2793
1 1688 5151
1 1992 107
1 3209 846
1 2188 1244
1 324 177
1 4817 173
1 5225 3026
1 2438 4238
1 3616 6134
1 5838 1845
1 2655 5405
1 2534 5508
1 3085 1383
1 1363 3080
1 3225 399
1 5356 1520
1 197 5844
1 1508 3858
1 1837 122
1 2166 5488
1 3702 3394
1 4688 6123
1 2169 1111
1 4319 231
1 2048 691
1 3198 1239
1 1563 4295
1 2804 5610
1 1801 3822
1 4282 3950
1 4789 2403
1 311 1178
1 425 2085
1 1048 2503
1 6070 1692
1 6093 175
1 1544 3575
1 1348 701
1 1556 3174
1 1338 5751
1 4162 3106
1 5251 4931
1 5007 5260
1 1852 2439
1 984 1013
1 2437 1013
1 2726 1295
1 5824 2664
1 4343 2447
1 1844 1254
1 5448 5943
1 891 4252
1 1854 6153
1 1729 360
1 4089 4208
1 5134 1470
1 2213 3993
1 3133 6433
1 3695 419
1 1595 1078
1 5582 3766
1 4880 3065
1 6353 2461
1 6338 5215
1 4513 13
1 3999 3577
1 314 4256
1 4177 2172
1 4495 2401
1 1558 2146
1 3644 2927
1 601 2352
1 3006 5626
1 3762 4184
1 2205 1212
1 3872 3549
1 2187 574
1 289 4888
1 5037 5068
1 3019 703
1 569 4563
1 5893 320
1 5026 1648
1 4781 2159
1 6025 836
1 4889 4697
1 498 2700
1 4825 6290
1 5592 5910
1 1602 4438
1 3827 856
1 2209 2541
1 2676 2232
1 1775 2427
1 5874 5585
1 5534 3171
1 6311 3569
1 1631 1504
1 2301 4025
1 4632 3188
1 758 1258
1 1438 3995
1 1506 1845
1 5668 5464
1 3481 3559
1 2612 1460
1 5556 3755
1 1442 5590
1 3695 5706
1 3806 4233
1 2678 3156
1 190 4389
1 5859 625
1 1678 86
1 2199 3764
1 4990 4489
1 6305 5154
1 5914 159
1 4892 6216
1 5747 114
1 4361 3859
1 1751 479
1 1018 2450
1 2347 5528
1 2446 4793
1 4016 3266
1 2309 5649
1 1862 2162
1 3223 3882
1 3954 2321
1 4671 2119
1 393 2605
1 5774 2449
1 2363 92
1 3405 3151
1 34 2985
1 1529 797
1 4310 369
1 5447 2247
1 2749 4959
1 1067 2888
1 3477 3505
1 6408 4066
1 4469 5063
1 5454 6439
1 4984 1833
1 1410 3597
1 6088 5942
1 1372 1052
1 6224 6418
1 3148 1153
1 5010 192
1 4579 6195
1 2097 562
1 1696 5701
1 5393 3640
1 4140 2256
1 1083 2462
1 5770 1300
1 673 3211
1 189 1487
1 3145 4980
1 1691 2839
1 2425 1532
1 5733 4336
1 767 5777
1 1889 5995
1 1246 4652
1 752 97
1 3608 1664
1 5126 2015
1 2592 2256
1 407 1817
1 5661 526
1 5559 1000
1 1919 6259
1 4782 1705
1 4547 5482
1 1132 1051
1 1614 571
1 5917 2375
1 5393 5390
1 5713 5038
1 6019 975
1 1494 2695
1 963 1896
1 5752 293
1 1396 1547
1 5207 4135
1 2808 4960
1 1267 4753
1 5664 184
1 2246 2915
1 2556 4624
1 4404 5551
1 4898 5079
1 5903 3732
1 3484 4593
1 1317 4793
1 2980 905
1 1100 4998
1 1305 4521
1 307 3112
1 6283 3256
1 659 4566
1 4049 3655
1 1157 6439
1 4592 5502
1 1344 1882
1 2839 1006
1 2677 3214
1 5330 1360
1 2589 3290
1 4903 5384
1 126 4646
1 1473 4586
1 1803 6152
1 2538 34
1 3114 1292
1 5440 5189
1 4714 4672
1 5832 1056
1 246 4099
1 32 4354
1 967 1095
1 1597 2885
1 3346 6197
1 4550 2235
1 1348 3451
1 69 640
1 4721 2449
1 212 687
1 6127 4000
1 3669 1
1 38 5293
1 3818 2032
1 3565 4280
1 195 2426
1 3617 4980
1 1349 1669
1 1077 2697
1 3257 1650
1 6413 687
1 1436 5667
1 3238 651
1 5917 2478
1 2712 756
1 6097 5151
1 5396 5353
1 3809 5159
1 5318 6169
1 5890 4507
1 4713 6080
1 3945 1645
1 992 4885
1 6323 4816
1 210 6403
1 5532 2281
1 834 6030
1 3936 2446
1 4145 5866
1 2629 1876
1 4042 2558
1 5894 6036
1 6168 6313
1 5356 3281
1 2419 5822
1 4388 459
1 6008 4804
1 887 1954
1 1683 130
1 5146 1802
1 5605 2997
1 3946 5757
1 1974 5394
1 581 3755
1 5743 627
1 4949 5223
1 4901 3991
1 3214 4249
1 3016 5267
1 5886 2326
1 5543 634
1 2684 6409
1 1196 5791
1 3944 2709
1 2006 2663
1 5274 6409
1 3622 1702
1 3739 3195
1 271 4150
1 1460 1868
1 3548 4561
1 3762 5143
1 2434 6310
1 1896 1966
1 6253 3244
1 6223 2365
1 2095 3763
1 3898 4212
1 370 611
1 4936 4485
1 5636 680
1 3062 4271
1 4513 3231
1 266 4742
1 3303 5707
1 3649 2125
1 5834 697
1 4002 2909
1 5727 3880
1 1249 2769
1 1056 4207
1 121 921
1 2380 5366
1 259 2819
1 2261 732
1 1298 2240
1 6238 4303
1 3290 1895
1 6417 876
1 337 5699
1 4029 4928
1 2074 4581
1 5731 4
1 77 3519
1 3415 699
1 2553 2186
1 471 5151
1 5865 2820
1 1458 5359
1 2991 2509
1 1886 3749
1 3475 3790
1 651 1101
1 2514 2747
1 112 4761
1 5607 3760
1 6325 2122
1 3003 3917
1 1234 4911
1 1271 3606
1 3494 2015
1 2173 1754
1 4282 6166
1 2859 1079
1 606 1541
1 3470 6209
1 3329 2800
1 3642 4558
1 4496 2634
1 4679 1887
1 5899 4420
1 5636 4459
1 4034 3337
1 554 112
1 3313 4743
1 5699 2063
1 994 1533
1 5951 5692
1 4585 4630
1 2264 1943
1 2013 2412
1 4950 662
1 1642 929
1 5127 3293
1 5864 2802
1 781 1750
1 886 2859
1 5559 4629
1 372 2619
1 913 103
1 4799 3242
1 3900 5892
1 1920 6412
1 576 614
1 2053 1065
1 1672 5876
1 4381 2736
1 2166 1283
1 2089 5940
1 4945 5676
1 2447 2254
1 1806 4916
1 2286 6340
1 4298 831
1 5634 5162
1 4197 4900
1 3400 1512
1 5712 5277
1 3971 2546
1 4780 4305
1 4883 635
1 432 3356
1 6173 5483
1 4416 5509
1 4244 866
1 4794 3477
1 4503 3420
1 6265 3255
1 3561 1633
1 4651 6027
1 6213 3136
1 101 5063
1 4567 6239
1 4406 5904
1 4103 2943
1 964 3547
1 234 3032
1 5867 2036
1 702 1288
1 5322 2250
1 3487 5118
1 4954 191
1 175 848
1 1624 5339
1 1837 6090
1 2514 4022
1 1793 4504
1 56 5597
1 2170 3694
1 334 3341
1 4069 865
1 3615 4836
1 2997 4285
1 780 6078
1 2948 6044
1 1932 1561
1 3112 3485
1 1911 4026
1 4773 5020
1 5083 4656
1 6394 483
1 4082 3964
1 1815 6079
1 3879 2126
1 3816 4851
1 4428 4812
1 567 674
1 1112 5172
1 2232 5211
1 3371 4977
1 3552 1120
1 5739 5508
1 2439 4392
1 4761 3789
1 1129 1254
1 5134 2399
1 535 6021
1 3327 5046
1 1983 2060
1 3566 472
1 1678 1112
1 531 4162
1 3513 1647
1 5029 670
1 6180 230
1 2832 5554
1 4864 4255
1 890 932
1 2474 6325
1 5453 638
1 424 5038
1 3040 605
1 2842 567
1 5170 4449
1 4826 826
1 1946 3472
1 2578 5949
1 2855 936
1 5382 5226
1 1931 4808
1 3226 439
1 949 485
1 3728 811
1 4776 2851
1 1116 5103
1 1037 1701
1 3590 3407
1 5638 3974
1 652 3359
1 5467 5348
1 5933 4139
1 3821 2175
1 1708 2519
1 1531 4512
1 5255 4686
1 4311 4254
1 2000 5569
1 3032 1178
1 888 2519
1 4420 6013
1 409 6066
1 893 3936
1 1525 2596
1 2223 1079
1 280 1750
1 2501 3537
1 599 238
1 2047 3836
1 469 1412
1 4843 701
1 4218 4358
1 1413 327
1 1020 1591
1 1058 6392
1 5078 1870
1 405 2370
1 5182 5014
1 3230 6055
1 844 1044
1 3048 6201
1 2488 642
1 3643 4740
1 1359 6411
1 4105 5109
1 388 75
1 5367 5325
1 5567 637
1 5127 6187
1 465 1963
1 3414 4568
1 6300 3604
1 5181 4310
1 3414 5269
1 5263 3840
1 1985 2201
1 5752 6373
1 1283 4386
1 6290 677
1 799 6172
1 364 3510
1 3288 5564
1 4439 3221
1 2230 4684
1 4680 3249
1 4665 1498
1 4138 498
1 5780 6219
1 1036 2208
1 307 4628
1 3315 1942
1 1141 4302
1 4766 1768
1 19 2256
1 1442 3339
1 606 1769
1 4509 4040
1 6375 5172
1 4606 6098
1 5665 1236
1 2913 4001
1 10 2819
1 5831 2595
1 698 5486
1 3559 5680
1 5555 5331
1 2958 882
1 2188 4229
1 4186 329
1 6160 476
1 3043 2794
1 2683 4713
1 1411 3762
1 2641 5692
1 5232 533
1 2354 2059
1 4689 6392
1 5196 3604
1 2325 2226
1 4480 1985
1 6019 4462
1 5166 1632
1 1682 4489
1 3531 2025
1 4674 4912
1 3389 2368
1 731 132
1 3975 4418
1 4460 2348
1 2530 4780
1 5455 1081
1 1501 5940
1 5424 556
1 2307 1223
1 69 3332
1 2060 1964
1 5561 2930
1 2569 2292
1 5150 5890
1 1169 2814
1 3294 1001
1 3306 4210
1 4365 4413
1 1620 2039
1 2703 69
1 3524 1769
1 2993 4504
1 2995 2953
1 3516 270
1 1098 2592
1 1176 2908
1 5318 3078
1 4285 6115
1 3261 195
1 4085 4449
1 710 1827
1 2750 541
1 6153 3678
1 5757 323
1 2530 3621
1 1636 5252
1 268 1372
1 2367 4181
1 4466 2460
1 4368 5209
1 3276 5857
1 1519 1657
1 1681 1304
1 6229 2931
1 119 303
1 5468 868
1 3157 2421
1 3161 2065
1 1063 3839
1 5215 948
1 350 3943
1 3666 1127
1 1854 6303
1 4670 4955
1 2960 108
1 3654 1968
1 678 1964
1 2157 4933
1 3661 6322
1 2263 2024
1 5792 6324
1 637 2555
1 5902 6240
1 4949 2438
1 1847 3685
1 5751 4312
1 2040 4193
1 2542 4327
1 2164 1806
1 1330 3322
1 234 1916
1 179 5797
1 5672 1829
1 6244 6269
1 2306 5096
1 4100 721
1 5925 5717
1 4612 2845
1 3488 4683
1 72 5708
1 1967 4313
1 3554 1632
1 3689 3346
1 2394 3432
1 4238 5678
1 281 4227
1 5005 490
1 5832 5685
1 321 2301
1 2833 2953
1 4276 5733
1 767 6008
1 4975 4525
1 4928 4914
1 4480 4632
1 945 354
1 1080 1
1 1180 1767
1 1742 385
1 3267 4659
1 4026 5944
1 952 5399
1 443 2469
1 6191 4076
1 1197 4021
1 6136 2140
1 3406 1341
1 3862 2701
1 699 510
1 5019 4909
1 3211 6264
1 509 2111
1 3617 1931
1 1165 6218
1 3408 6117
1 1918 6097
1 4909 1884
1 860 2023
1 3004 2000
1 4886 1561
1 1339 1869
1 1371 2953
1 3911 2453
1 3357 458
1 605 2475
1 2445 982
1 3797 3276
1 5487 1665
1 1589 2458
1 6036 6385
1 1811 4647
1 970 2
1 1105 4984
1 1677 1424
1 2334 1622
1 4299 1068
1 5039 2325
1 2775 6362
1 4045 4247
1 248 4801
1 2466 2658
1 5071 5880
1 827 550
1 5357 1638
1 2295 2898
1 1048 1257
1 2089 627
1 5422 5252
1 1294 1889
1 1836 1074
1 1177 2618
1 5585 786
1 2928 5726
1 1924 3699
1 2537 254
1 1031 3601
1 2171 3883
1 6150 4678
1 1196 2604
1 2589 6392
1 1275 2340
1 695 2461
1 1883 358
1 2332 1091
1 3751 1977
1 1317 5371
1 5519 5642
1 2819 1659
1 4549 4422
1 268 1659
1 4351 4981
1 2730 1526
1 3529 5521
1 989 5930
1 857 332
1 1484 5301
1 3028 3827
1 5934 5316
1 6340 370
1 3505 2976
1 5231 796
1 5867 2400
1 2748 1272
1 1792 3082
1 2329 2417
1 4377 5244
1 5722 2520
1 2124 1830
1 2727 5888
1 108 1473
1 448 3301
1 6292 3820
1 1389 882
1 3734 2635
1 5635 2616
1 2568 3094
1 617 76
1 493 481
1 513 1992
1 1909 3772
1 3869 1603
1 859 923
1 4557 3361
1 1892 4516
1 5234 4768
1 707 2698
1 3611 5012
1 1290 3563
1 5378 236
1 4699 3733
1 130 187
1 3498 6297
1 4417 1509
1 5419 1042
1 964 2403
1 1304 5443
1 2590 5686
1 5690 4482
1 3434 3475
1 1067 16
1 3888 4468
1 5184 3013
1 1641 5720
1 2619 54
1 116 5733
1 1437 6326
1 3032 5777
1 3851 6399
1 5434 5272
1 1897 2126
1 721 2178
1 4734 5760
1 2157 4549
1 5667 1910
1 1409 4654
1 2314 2622
1 5391 224
1 5930 2433
1 5734 361
1 2495 5289
1 1699 3532
1 5384 1002
1 6172 2484
1 900 776
1 4069 1299
1 4569 5834
1 3354 4234
1 1531 1700
1 3942 59
1 4661 2158
1 6 1690
1 5824 486
1 4847 3157
1 4177 3620
1 4358 4883
1 2189 5236
1 3399 5461
1 5124 2944
1 2376 2493
1 2456 2258
1 2941 2529
1 233 1180
1 1268 3827
1 1507 1346
1 3372 4356
1 3570 3393
1 2622 794
1 2609 6417
1 2440 46
1 2037 4715
1 509 2337
1 6198 4140
1 3847 1193
1 717 3735
1 368 3839
1 6381 4011
1 759 2530
1 917 3143
1 574 685
1 5088 3318
1 738 2
1 2825 6268
1 4091 3713
1 3845 3980
1 2582 5120
1 2600 5164
1 5850 4262
1 6106 5718
1 2428 3132
1 2391 1018
1 702 1405
1 1076 395
1 331 4998
1 572 4178
1 303 2295
1 719 2152
1 2008 4284
1 5342 2874
1 1090 504
1 5736 6299
1 5352 3592
1 3472 5958
1 2507 4199
1 6169 288
1 1444 4574
1 3509 997
1 5667 5511
1 2584 6034
1 3275 6303
1 2765 2244
1 4456 5108
1 754 5021
1 4450 6091
1 5707 2390
1 3807 3584
1 6161 6221
1 99 3152
1 4447 5212
1 2305 1877
1 5482 659
1 6426 739
1 2839 341
1 3755 164
1 4139 5398
1 3240 1707
1 906 3848
1 485 2593
1 2558 590
1 2667 3322
1 5212 515
1 2293 4726
1 3312 5661
1 6221 3433
1 3954 3201
1 4669 3207
1 3460 4476
1 3969 1372
1 4973 1322
1 5576 296
1 2830 4921
1 4473 5305
1 1050 687
1 5336 3880
1 1249 6225
1 867 4495
1 251 1539
1 1685 694
1 1464 1186
1 6045 4352
1 5652 3934
1 4156 5230
1 326 4812
1 883 2080
1 2652 1434
1 558 6280
1 1380 1315
1 3262 1742
1 3278 1484
1 3908 468
1 2110 1212
1 1457 898
1 3886 968
1 5466 747
1 6153 1128
1 2140 442
1 4415 5696
1 2063 2958
1 3048 1566
1 1819 1936
1 5580 4453
1 5351 2525
1 906 1049
1 5191 1858
1 5678 3799
1 913 3629
1 5764 3086
1 5190 542
1 2290 419
1 2845 3258
1 6003 3420
1 771 4501
1 2190 3491
1 5623 1709
1 60 3120
1 3070 4020
1 695 5981
1 4071 2187
1 920 90
1 6109 5911
1 4060 5402
1 3334 1096
1 764 1624
1 3912 5166
1 609 3535
1 2738 813
1 5354 2810
1 3739 3975
1 4655 6004
1 3288 5108
1 2275 6415
1 753 4911
1 29 4211
1 5716 4480
1 4302 1172
1 1065 3597
1 5265 2556
1 1197 1609
1 1659 5631
1 234 4170
1 1695 4774
1 4214 3213
1 4603 5474
1 5738 1485
1 4011 3948
1 1885 166
1 3005 3240
1 5513 1274
1 3398 43
1 661 6020
1 2267 5174
1 1978 3330
1 5075 130
1 3713 3236
1 1276 3829
1 5111 4663
1 3234 769
1 1138 6343
1 5589 1796
1 4717 1500
1 2519 4192
1 2063 1322
1 551 5862
1 3538 2062
1 4567 4294
1 4729 1526
1 4305 3492
1 6414 4837
1 4296 1216
1 506 4566
1 5937 1382
1 40 2681
1 6100 6011
1 5650 5381
1 669 4190
1 2076 2902
1 3590 253
1 848 4970
1 2739 4610
1 1368 5852
1 278 1613
1 1368 2837
1 3935 1758
1 360 4587
1 1889 5160
1 670 3776
1 3223 697
1 3125 2238
1 4131 4669
1 89 5946
1 5294 3247
1 3556 1351
1 2202 64
1 3769 5035
1 2944 4750
1 542 1690
1 4688 760
1 3163 4308
1 2690 379
1 4234 6357
1 251 4627
1 4057 4923
1 2201 4219
1 4501 2662
1 877 5422
1 2718 2605
1 2678 4653
1 2679 3680
1 678 387
1 5262 3552
1 1673 306
1 1632 3415
1 1358 5340
1 5928 3388
1 4154 1588
1 6008 1000
1 5695 3856
1 317 652
1 2455 2906
1 451 1475
1 6075 5332
1 1038 5712
1 1178 1777
1 841 6038
1 142 4327
1 2348 4369
1 5060 3522
1 593 4928
1 570 2094
1 6184 1307
1 6249 330
1 4940 2855
1 4742 1650
1 1965 4917
1 570 700
1 5126 2996
1 2023 2458
1 351 2545
1 1265 4682
1 5303 6137
1 1299 5587
1 2256 2528
1 4892 3269
1 498 5105
1 992 2152
1 3118 3018
1 4475 1240
1 3170 4003
1 3180 5221
1 5909 5817
1 5750 1984
1 1148 705
1 6073 1677
1 3859 1140
1 2676 437
1 1012 1651
1 4588 3324
1 1813 792
1 531 4793
1 4048 2907
1 1930 4652
1 645 2613
1 3095 1669
1 4849 4852
1 4505 1958
1 4834 5992
1 4802 5583
1 2863 4784
1 2846 3817
1 2075 6161
1 5497 41
1 3106 1697
1 1015 5564
1 3678 4571
1 1915 610
1 5786 4206
1 4056 1723
1 4583 337
1 5997 2568
1 3771 3102
1 3460 276
1 5606 1080
1 5772 5081
1 4931 4815
1 1295 5217
1 5535 684
1 4896 4159
1 1613 4518
1 6155 5903
