5000 5000
0 0 5 1 2 5000 3 4 
0 0 7 5 6 7 5001 8 4999 9 
0 0 2 10 11 
1 431 3457
1 548 3538
1 438 1618
0 0 7 5003 12 13 5002 4998 4997 4996 
1 649 2477
0 0 4 14 15 5004 4995 
0 0 3 5005 16 4994 
1 162 2665
0 0 5 5006 4993 4992 4991 4990 
0 0 6 5007 4989 17 4988 18 19 
0 0 5 5008 20 21 4987 4986 
0 0 7 22 5009 4985 4984 23 24 25 
0 0 5 26 5010 27 28 29 
0 0 6 5011 30 31 32 4983 4982 
0 0 2 5012 4981 
0 0 3 33 34 5013 
1 1198 3199
0 0 4 5014 35 36 4980 
1 4615 1244
1 4943 2530
0 0 7 37 5015 38 39 4979 4978 40 
1 4601 603
1 1543 3761
0 0 7 41 5016 42 4977 4976 43 4975 
0 0 2 44 5017 
0 0 7 45 5018 4974 4973 4972 4971 4970 
0 0 2 46 5019 
1 2261 4902
0 0 6 5020 4969 47 48 49 4968 
1 1545 1557
0 0 6 5021 4967 4966 50 4965 4964 
0 0 4 51 52 5022 53 
1 1608 3434
1 3107 2660
0 0 6 54 55 5023 4963 56 57 
0 0 7 58 59 60 5024 4962 61 4961 
1 1883 1073
0 0 6 5025 62 63 64 65 4960 
0 0 5 5026 66 4959 4958 67 
0 0 5 5027 4957 68 69 4956 
0 0 2 70 5028 
1 2887 5020
1 1028 894
0 0 7 5029 4955 71 4954 4953 4952 4951 
1 1276 376
0 0 3 5030 72 4950 
1 456 1838
0 0 2 5031 4949 
1 2947 1843
1 905 4020
1 4011 55
0 0 4 73 5032 4948 74 
1 106 2367
1 2462 1934
1 1673 3550
1 4279 2603
1 330 1961
1 4047 1182
0 0 2 75 76 
1 5011 385
1 4658 3982
0 0 3 77 5034 5033 
0 0 5 5035 78 4947 79 80 
1 3506 891
1 1461 3118
0 0 7 5036 4946 81 82 4945 4944 4943 
0 0 2 83 84 
0 0 5 85 5038 5037 86 4942 
0 0 4 87 5039 88 89 
1 3929 2641
0 0 2 5040 90 
1 4498 1046
0 0 5 5041 91 4941 92 93 
1 2293 909
0 0 5 5042 4940 94 95 96 
1 853 1923
0 0 7 5043 97 98 4939 4938 4937 99 
1 648 1973
0 0 2 5044 4936 
1 1751 2906
0 0 5 100 101 102 103 104 
0 0 6 105 106 107 108 109 5046 
1 4834 2798
0 0 4 5047 110 5045 4935 
0 0 5 5048 4934 4933 111 4932 
0 0 6 5049 4931 4930 112 4929 113 
1 1475 2142
0 0 5 114 115 116 117 118 
0 0 5 119 5051 5050 4928 120 
0 0 6 5052 121 122 4927 123 124 
1 3756 1614
1 1928 104
0 0 4 5053 4926 4925 125 
0 0 2 126 5054 
0 0 6 127 128 129 5055 130 131 
1 4423 2415
0 0 2 5056 4924 
1 2588 601
1 1122 1527
0 0 5 132 133 5057 4923 4922 
1 2791 3893
0 0 6 134 135 136 137 5058 4921 
0 0 4 138 5059 4920 139 
1 2749 2658
1 861 1058
1 4366 4697
0 0 6 5060 4919 4918 4917 140 4916 
0 0 2 5061 141 
0 0 3 142 5062 4915 
0 0 5 5063 4914 4913 143 144 
0 0 6 145 146 147 148 149 5064 
0 0 6 150 151 5065 4912 4911 4910 
1 1625 2529
0 0 2 5066 152 
1 2819 1519
1 3951 562
1 1027 659
0 0 4 5067 4909 153 4908 
1 2907 2246
0 0 7 154 155 156 5068 157 4907 4906 
1 2381 3934
1 4634 1572
0 0 6 5069 4905 158 159 4904 160 
0 0 6 161 162 163 164 5070 165 
0 0 7 166 167 5071 4903 4902 168 4901 
0 0 3 169 170 171 
1 4737 2843
1 2716 373
1 1925 4477
0 0 6 172 5073 173 5072 4900 174 
0 0 5 175 5074 176 4899 4898 
1 1384 1447
0 0 3 177 5075 4897 
0 0 7 178 5076 179 180 181 4896 182 
0 0 4 5077 183 4895 4894 
0 0 7 184 185 5078 186 187 4893 4892 
1 766 3680
1 239 1106
1 3473 1121
0 0 7 5079 4891 188 4890 4889 4888 189 
0 0 6 190 5080 4887 4886 191 192 
0 0 5 193 5081 194 4885 195 
0 0 3 5082 4884 4883 
1 902 4421
0 0 6 196 5083 4882 197 198 4881 
0 0 5 5084 199 4880 4879 4878 
0 0 3 5085 4877 200 
0 0 4 5086 4876 201 4875 
0 0 2 202 5087 
1 905 3457
1 1757 1625
1 5064 4213
1 1850 1196
0 0 4 5088 4874 203 4873 
1 3961 2110
0 0 6 5089 4872 4871 204 4870 205 
0 0 2 5090 206 
1 584 1315
0 0 3 207 208 209 
1 4466 5028
0 0 4 210 5092 5091 4869 
1 2281 4895
0 0 4 5093 211 4868 212 
1 4699 5011
0 0 7 213 214 215 5094 4867 4866 4865 
1 333 4939
1 2973 3740
0 0 3 5095 4864 4863 
0 0 7 216 217 218 5096 4862 4861 219 
1 46 3258
0 0 6 220 221 222 223 5097 224 
1 1282 3166
1 1988 2760
1 3124 2183
0 0 7 225 226 5098 4860 227 4859 228 
0 0 6 5099 229 4858 4857 4856 4855 
1 2787 1719
0 0 2 230 5100 
0 0 7 231 232 233 234 235 236 237 
1 716 3804
0 0 4 5102 238 239 5101 
0 0 5 5103 240 241 4854 4853 
1 4847 4559
1 2114 655
0 0 5 242 243 5104 4852 244 
1 4626 1993
0 0 3 5105 4851 4850 
1 4837 453
0 0 3 5106 4849 4848 
1 1981 2535
0 0 4 245 246 5107 247 
1 3010 2450
0 0 4 5108 4847 248 249 
1 2144 4595
0 0 6 250 5109 4846 4845 251 4844 
0 0 6 5110 4843 4842 4841 4840 4839 
0 0 4 5111 4838 252 253 
0 0 7 254 255 256 5112 4837 257 258 
1 1741 4679
0 0 6 259 5113 4836 260 261 4835 
0 0 2 5114 4834 
1 3911 3586
1 3272 3065
0 0 5 5115 262 263 264 265 
1 928 4898
1 4041 1508
0 0 5 266 5116 267 4833 268 
1 3898 2863
1 3602 2842
0 0 7 5117 269 270 271 272 4832 4831 
1 4303 975
0 0 6 273 274 5118 275 4830 276 
0 0 2 277 5119 
1 3950 5070
1 2156 3671
1 713 2774
0 0 4 278 5120 279 4829 
1 1249 2465
0 0 4 280 281 5121 282 
1 417 134
0 0 5 283 284 285 5122 286 
1 3800 2736
0 0 2 5123 4828 
1 13 4171
1 5118 3661
1 1682 3360
1 4794 2260
0 0 4 5124 4827 287 4826 
1 5037 1403
0 0 5 288 5125 4825 4824 4823 
1 4597 3037
1 3238 4986
0 0 4 289 5126 4822 290 
1 1688 3231
0 0 6 5127 4821 4820 4819 4818 291 
1 2181 1355
1 2238 159
1 2616 4727
0 0 3 292 5128 293 
0 0 2 294 295 
0 0 6 296 297 298 5130 299 300 
1 572 868
1 3709 4293
0 0 6 5131 5129 4817 4816 301 4815 
1 1662 1264
1 1592 2578
1 4368 1777
0 0 3 5132 302 4814 
0 0 2 303 5133 
1 3390 1524
1 1849 2579
0 0 2 304 305 
0 0 3 5135 5134 4813 
0 0 6 306 5136 4812 307 308 309 
1 3108 426
1 4200 5104
1 3258 4192
1 2400 2626
1 2660 1281
0 0 7 310 311 312 5137 313 4811 314 
1 3727 2849
0 0 4 315 316 317 318 
0 0 7 5139 319 5138 320 4810 321 4809 
0 0 4 5140 322 4808 4807 
0 0 5 323 5141 4806 4805 324 
1 1760 72
0 0 7 5142 325 4804 4803 326 4802 327 
0 0 4 328 329 5143 4801 
0 0 6 330 5144 331 332 333 334 
0 0 6 335 5145 4800 4799 4798 4797 
0 0 2 5146 4796 
0 0 3 5147 4795 4794 
1 3147 5132
0 0 4 336 5148 4793 4792 
0 0 7 337 5149 338 339 4791 340 4790 
1 873 2102
1 1374 701
1 3652 3766
0 0 5 341 5150 342 4789 4788 
0 0 7 343 5151 4787 344 345 4786 4785 
0 0 7 5152 4784 346 347 348 4783 4782 
1 5108 3599
0 0 3 349 350 351 
1 1439 1323
0 0 5 5154 352 5153 353 4781 
0 0 6 5155 4780 4779 354 4778 355 
0 0 6 5156 356 357 358 359 4777 
0 0 6 360 361 362 363 5157 364 
0 0 7 5158 365 366 4776 4775 4774 367 
0 0 6 5159 368 369 4773 370 371 
1 3117 1596
0 0 4 372 5160 4772 373 
1 3754 109
1 3213 1408
0 0 5 374 5161 375 4771 4770 
0 0 7 5162 4769 376 4768 377 378 4767 
1 1393 4944
0 0 3 5163 379 380 
0 0 5 381 382 5164 4766 4765 
1 2469 540
0 0 5 5165 383 384 4764 385 
0 0 2 5166 4763 
0 0 3 5167 386 387 
1 3155 2916
0 0 6 388 389 390 5168 4762 4761 
0 0 6 391 392 393 394 395 5169 
0 0 5 396 397 5170 4760 4759 
0 0 7 398 5171 399 400 4758 4757 401 
0 0 7 402 403 404 5172 4756 405 4755 
1 5135 2554
1 3085 2370
0 0 3 5173 406 407 
1 4784 1604
1 1168 3193
0 0 2 5174 4754 
0 0 7 408 5175 409 4753 410 4752 411 
0 0 7 5176 4751 412 4750 413 4749 414 
1 1575 1054
1 2304 3848
1 105 4373
1 5169 2375
1 4708 4425
0 0 5 5177 4748 4747 4746 4745 
0 0 2 415 416 
0 0 4 417 5179 418 5178 
1 458 2170
1 611 3337
1 3199 3159
0 0 4 5180 419 420 4744 
1 172 2437
1 4468 2326
1 3933 644
0 0 5 421 5181 422 423 424 
0 0 2 425 5182 
0 0 2 5183 4743 
0 0 6 5184 4742 426 4741 427 428 
1 1273 3496
0 0 5 429 5185 430 431 432 
0 0 7 433 5186 4740 434 4739 4738 4737 
0 0 7 435 5187 4736 4735 436 4734 437 
1 3286 1755
1 318 1348
0 0 5 438 5188 4733 4732 4731 
1 1174 2982
1 3171 4568
0 0 4 5189 4730 4729 439 
1 4270 4454
1 176 2707
1 4727 398
0 0 3 5190 440 4728 
0 0 6 441 5191 4727 4726 4725 442 
0 0 5 443 444 445 446 447 
1 4470 3133
0 0 7 5193 448 5192 4724 4723 4722 4721 
0 0 3 449 5194 450 
0 0 2 5195 4720 
0 0 4 451 5196 4719 4718 
0 0 7 5197 4717 4716 4715 4714 4713 4712 
1 3030 3065
1 4681 1265
0 0 4 5198 452 4711 4710 
0 0 5 453 5199 454 4709 4708 
0 0 3 5200 455 456 
0 0 5 457 458 459 5201 460 
1 4247 4153
0 0 4 461 462 463 464 
1 3084 4050
1 2917 319
0 0 5 5203 5202 4707 465 466 
0 0 5 5204 4706 467 468 469 
0 0 3 5205 4705 4704 
0 0 4 470 5206 471 4703 
1 305 653
0 0 6 5207 472 4702 4701 4700 4699 
1 4556 2466
1 4231 444
1 1040 5193
0 0 2 473 474 
1 1047 3897
1 422 1275
1 3661 3820
1 625 131
1 4048 2418
1 1067 4432
1 957 1630
0 0 4 475 5209 476 5208 
0 0 5 477 478 5210 4698 479 
0 0 4 5211 480 481 4697 
1 4755 484
1 3285 2591
0 0 6 482 483 484 485 5212 4696 
0 0 6 486 5213 4695 4694 487 488 
0 0 2 5214 4693 
0 0 3 5215 489 4692 
1 4127 2973
1 3848 650
0 0 7 490 5216 4691 4690 491 492 493 
1 2168 1627
1 4306 2875
0 0 7 5217 494 4689 4688 495 4687 496 
1 1756 4517
0 0 4 5218 497 4686 498 
0 0 3 5219 499 4685 
1 3688 3802
1 204 4503
0 0 6 500 5220 501 502 503 504 
1 4111 4378
1 1174 4075
0 0 5 5221 4684 505 4683 506 
0 0 7 5222 4682 507 4681 4680 508 4679 
0 0 5 5223 509 510 4678 4677 
0 0 5 5224 4676 511 512 4675 
0 0 7 5225 513 514 515 4674 516 4673 
1 3150 1014
0 0 7 517 518 5226 519 520 521 4672 
0 0 2 5227 4671 
1 569 3550
0 0 5 5228 4670 4669 4668 522 
1 4047 5225
1 536 4877
0 0 5 523 5229 4667 4666 524 
0 0 6 525 526 527 5230 4665 4664 
1 331 2807
0 0 7 5231 4663 528 4662 529 530 531 
0 0 3 5232 4661 4660 
0 0 6 5233 4659 532 4658 4657 533 
0 0 2 534 5234 
1 2830 3965
0 0 7 535 536 537 5235 538 4656 4655 
1 2195 836
0 0 2 5236 539 
0 0 5 540 5237 4654 541 542 
0 0 3 5238 4653 543 
0 0 4 544 5239 545 546 
1 1721 591
1 946 2628
1 5021 4218
0 0 5 5240 547 548 4652 549 
1 990 5203
0 0 7 550 551 552 553 5241 554 4651 
0 0 3 555 556 5242 
1 4 187
1 3361 1422
1 2384 3585
1 1283 4241
1 1286 4288
1 3387 4050
0 0 6 5243 4650 557 4649 4648 4647 
1 1291 4982
1 4486 162
1 2932 1928
1 4629 3982
1 1657 4326
1 805 4709
1 2123 5033
1 4105 370
0 0 7 558 5244 4646 4645 559 4644 560 
1 2364 4167
1 2471 3403
0 0 2 5245 561 
1 5083 2287
1 4238 3857
0 0 6 5246 562 4643 563 564 4642 
1 20 1452
0 0 6 5247 565 566 567 568 4641 
1 2726 3062
1 3709 605
1 464 353
1 2431 2825
0 0 4 5248 4640 4639 4638 
0 0 2 569 5249 
0 0 2 5250 570 
0 0 6 5251 571 572 573 4637 4636 
1 4370 916
1 3967 168
0 0 6 5252 574 575 576 4635 4634 
0 0 5 577 578 579 5253 580 
0 0 6 5254 581 582 583 4633 584 
0 0 6 5255 4632 4631 585 4630 586 
0 0 3 5256 587 588 
0 0 7 589 590 5257 591 592 593 594 
0 0 2 5258 595 
0 0 4 5259 596 597 598 
1 1719 2652
0 0 2 599 600 
0 0 3 5261 5260 4629 
0 0 3 601 602 603 
0 0 3 604 5263 5262 
0 0 7 605 5264 4628 4627 4626 606 4625 
1 3950 2297
1 4249 3076
1 4526 64
0 0 6 607 608 609 610 611 612 
1 953 3468
0 0 7 613 614 5266 615 5265 4624 4623 
1 594 876
1 1632 1017
0 0 5 5267 616 4622 617 618 
1 974 4315
0 0 6 619 620 621 622 623 5268 
1 5126 2583
1 4773 845
1 2742 316
0 0 4 624 5269 4621 625 
0 0 7 626 627 628 629 630 631 5270 
1 4471 493
0 0 3 5271 4620 4619 
0 0 5 5272 632 633 4618 634 
0 0 7 5273 635 636 4617 4616 637 638 
0 0 6 5274 639 640 641 4615 4614 
1 973 1907
1 4222 2521
1 123 1106
1 3838 796
1 1239 4107
1 4834 5253
1 1068 4909
1 3088 3968
1 5146 4090
1 4030 2790
1 1646 2373
0 0 6 5275 642 4613 4612 4611 643 
1 1921 349
0 0 7 644 645 5276 646 647 4610 4609 
1 423 1244
1 4077 1281
1 42 3908
1 3787 3908
1 1046 3181
1 92 337
1 3236 3339
0 0 7 5277 648 4608 649 4607 4606 650 
0 0 2 651 652 
1 3999 3268
1 3597 986
1 4968 2364
1 12 17
1 3638 2281
0 0 4 5279 653 5278 654 
0 0 6 655 656 5280 4605 657 4604 
1 772 3718
0 0 3 658 5281 4603 
0 0 3 659 5282 660 
0 0 7 661 5283 4602 662 4601 663 664 
0 0 6 5284 665 4600 4599 666 4598 
0 0 3 5285 667 668 
0 0 5 5286 669 4597 4596 670 
0 0 4 5287 671 4595 4594 
1 2006 849
1 200 4641
1 4722 1164
1 5257 2962
1 372 4768
1 4932 505
0 0 4 672 5288 673 674 
1 3861 2113
0 0 7 675 5289 4593 4592 676 4591 4590 
0 0 7 5290 4589 677 678 4588 4587 4586 
0 0 3 679 5291 4585 
0 0 5 680 5292 681 4584 4583 
0 0 2 5293 682 
0 0 3 683 684 685 
1 2110 2675
0 0 6 686 687 688 5295 689 690 
0 0 4 5296 5294 4582 4581 
0 0 2 691 692 
1 587 788
1 2347 4506
1 203 815
0 0 6 693 5298 694 5297 695 696 
0 0 4 697 5299 698 4580 
1 3974 5266
1 2335 3898
0 0 6 5300 4579 699 4578 4577 4576 
1 4712 4571
1 1546 1253
0 0 5 5301 700 4575 701 4574 
1 1162 4320
0 0 4 702 5302 4573 703 
0 0 2 5303 704 
0 0 2 5304 705 
0 0 4 706 5305 4572 4571 
1 4951 5215
0 0 2 707 708 
0 0 6 5307 709 710 5306 711 4570 
0 0 2 5308 4569 
1 1339 2686
0 0 7 5309 712 713 714 4568 4567 715 
1 3937 4548
1 835 4903
1 2675 429
0 0 2 5310 716 
0 0 2 5311 4566 
0 0 7 717 718 5312 4565 719 4564 4563 
1 3740 3950
1 990 1485
0 0 2 720 5313 
1 735 401
1 269 2721
1 415 1331
1 4976 58
1 1016 5156
1 2457 2679
1 1434 4545
1 4256 4430
1 2984 4784
1 1015 453
0 0 6 5314 721 4562 722 723 724 
0 0 5 5315 725 4561 726 4560 
1 3253 4960
0 0 2 727 728 
0 0 5 5317 729 5316 730 4559 
1 3004 1733
0 0 5 731 5318 4558 4557 4556 
1 2000 3235
0 0 3 732 733 5319 
0 0 6 5320 4555 734 4554 4553 4552 
0 0 5 5321 735 4551 4550 736 
1 3493 2930
0 0 7 737 5322 738 4549 4548 739 740 
0 0 4 741 5323 4547 742 
0 0 6 5324 4546 4545 4544 743 744 
0 0 7 745 5325 746 747 748 4543 749 
1 3677 5090
1 377 402
0 0 2 5326 4542 
0 0 4 750 751 5327 752 
1 3505 4252
1 4545 2372
1 4832 1565
0 0 7 5328 753 754 4541 4540 4539 4538 
1 2698 1675
0 0 6 755 756 757 5329 4537 4536 
0 0 2 758 5330 
1 4095 2385
0 0 6 759 760 5331 4535 4534 4533 
0 0 4 5332 761 4532 762 
0 0 7 5333 4531 763 4530 4529 764 4528 
0 0 5 765 766 5334 4527 767 
0 0 4 768 5335 4526 769 
1 3523 4009
1 1182 428
0 0 6 770 5336 771 4525 772 773 
1 3849 3572
1 3139 4656
1 5024 218
0 0 5 774 5337 4524 4523 775 
1 4530 2888
1 2728 2059
1 2961 484
1 2832 2798
1 2553 3078
0 0 4 5338 776 777 4522 
0 0 2 778 779 
0 0 3 780 781 5340 
1 1126 2290
1 545 4772
0 0 6 782 5341 783 784 5339 4521 
1 4703 1630
1 3907 2225
1 3491 539
0 0 3 5342 4520 4519 
0 0 3 5343 785 4518 
0 0 5 5344 786 4517 4516 4515 
0 0 6 5345 4514 4513 787 4512 788 
1 4219 3580
0 0 5 789 790 791 792 793 
0 0 5 5347 794 795 796 5346 
0 0 3 797 798 5348 
1 1361 3571
1 4852 4980
0 0 6 5349 799 800 4511 4510 4509 
0 0 6 801 5350 802 4508 803 804 
0 0 6 805 5351 806 807 808 4507 
0 0 6 5352 809 810 811 4506 812 
1 5103 2757
0 0 5 813 5353 4505 814 815 
0 0 5 816 817 5354 818 4504 
0 0 6 5355 4503 4502 4501 4500 819 
1 3363 1093
0 0 6 820 5356 4499 821 822 4498 
1 1133 1737
0 0 4 823 5357 4497 4496 
0 0 7 824 825 5358 826 827 828 4495 
1 4403 4366
1 3077 3635
0 0 3 5359 4494 4493 
1 2742 5140
0 0 4 5360 829 4492 830 
1 3391 1709
1 1590 4371
1 1269 4697
0 0 3 5361 4491 831 
0 0 5 832 5362 833 834 4490 
0 0 6 835 836 837 838 839 5363 
0 0 7 840 841 5364 4489 842 843 4488 
0 0 7 5365 844 845 4487 846 4486 847 
1 2559 2004
0 0 3 5366 848 4485 
0 0 3 5367 4484 849 
0 0 3 5368 850 4483 
1 2989 4704
1 2248 1311
0 0 3 851 5369 4482 
0 0 4 852 5370 853 4481 
1 3207 54
1 3525 2575
1 4081 299
0 0 2 854 855 
1 3343 1441
0 0 3 856 857 858 
0 0 3 5373 5372 859 
1 735 717
1 4658 317
0 0 2 5374 860 
0 0 4 5375 861 5371 4480 
0 0 6 5376 862 863 864 865 866 
0 0 7 5377 4479 867 868 869 4478 870 
0 0 6 871 5378 4477 4476 872 873 
1 3584 471
1 3039 4361
1 1110 3990
0 0 3 874 5379 4475 
1 1246 4347
1 258 5023
1 2579 203
1 450 929
1 2182 116
1 668 512
1 4193 5323
0 0 6 5380 4474 4473 875 876 877 
1 793 2090
0 0 6 5381 4472 4471 878 4470 4469 
1 2172 1318
1 947 3253
1 3829 3904
0 0 5 5382 879 4468 4467 880 
0 0 7 881 5383 882 883 884 885 4466 
0 0 2 5384 4465 
1 504 4908
1 2928 5220
1 1817 3113
1 553 404
1 1991 598
1 4685 1048
1 11 3848
0 0 2 5385 4464 
1 3338 2784
1 1082 4701
0 0 7 886 5386 4463 4462 887 888 4461 
1 3864 1637
0 0 7 889 890 5387 891 4460 892 4459 
0 0 7 893 5388 894 4458 4457 895 4456 
0 0 3 896 897 898 
0 0 6 5390 5389 4455 899 900 901 
1 5135 3009
1 3454 1144
0 0 4 5391 4454 902 4453 
0 0 2 903 904 
0 0 5 5393 905 5392 4452 4451 
0 0 5 5394 906 4450 907 908 
0 0 4 909 910 5395 911 
1 1033 2654
0 0 7 5396 4449 912 4448 913 914 4447 
0 0 6 5397 4446 4445 4444 4443 915 
1 4469 3688
1 4400 4791
1 1539 3612
0 0 2 916 917 
0 0 5 918 5399 919 5398 4442 
0 0 2 920 921 
0 0 4 922 5401 5400 4441 
0 0 4 5402 923 4440 924 
0 0 2 925 5403 
1 3212 2991
1 2294 4212
0 0 5 5404 4439 4438 926 927 
1 84 2618
1 1535 254
0 0 2 5405 928 
1 876 2301
1 1991 3147
0 0 4 5406 929 4437 930 
1 2021 3525
1 5002 3668
0 0 2 931 5407 
1 3084 104
0 0 2 932 933 
1 5228 2938
1 3294 3704
0 0 6 934 5409 935 5408 936 4436 
0 0 3 5410 937 938 
0 0 5 5411 4435 939 4434 4433 
1 2592 5181
1 782 775
0 0 6 5412 4432 940 4431 4430 941 
0 0 4 5413 942 943 4429 
0 0 3 944 5414 945 
0 0 3 5415 946 947 
0 0 3 5416 948 949 
1 2142 606
1 262 5358
0 0 4 5417 950 4428 951 
1 1644 4101
1 3098 1722
0 0 7 952 953 5418 4427 4426 954 4425 
0 0 7 5419 955 4424 4423 956 957 4422 
0 0 7 5420 958 959 4421 960 961 4420 
1 1062 954
1 1269 3686
0 0 4 5421 4419 962 4418 
1 5078 858
0 0 4 963 964 5422 965 
0 0 5 5423 966 4417 4416 4415 
0 0 4 967 5424 968 969 
0 0 7 970 971 5425 972 973 4414 974 
0 0 6 5426 4413 4412 975 4411 4410 
0 0 2 976 5427 
1 3552 2240
1 3214 522
0 0 5 5428 977 4409 4408 978 
0 0 4 5429 4407 979 980 
0 0 4 981 982 5430 983 
0 0 2 5431 4406 
0 0 5 984 5432 985 4405 4404 
1 4756 4056
1 1263 2144
0 0 5 5433 4403 986 4402 987 
1 417 4377
1 4566 1901
1 2518 1339
1 1987 1687
0 0 5 988 5434 4401 989 4400 
0 0 4 990 5435 4399 991 
0 0 5 992 5436 993 4398 994 
0 0 5 5437 4397 995 4396 996 
0 0 7 997 5438 4395 998 4394 4393 999 
1 1349 744
0 0 6 5439 1000 4392 4391 4390 4389 
0 0 3 5440 4388 1001 
1 1022 3447
0 0 7 1002 1003 5441 1004 4387 4386 1005 
0 0 4 5442 1006 4385 4384 
1 2882 679
1 4933 2177
0 0 7 1007 5443 1008 1009 1010 1011 1012 
0 0 2 1013 5444 
0 0 6 1014 1015 5445 1016 1017 1018 
1 4929 4136
1 2180 4927
1 2992 203
1 4866 5017
1 4114 4740
0 0 3 1019 5446 1020 
0 0 3 5447 4383 1021 
1 1607 5220
0 0 2 5448 1022 
1 5375 3871
0 0 6 1023 5449 4382 4381 1024 1025 
0 0 3 5450 4380 1026 
0 0 2 1027 5451 
1 708 3315
1 3103 4498
1 3196 3369
0 0 7 5452 1028 1029 1030 4379 1031 4378 
1 5111 1123
1 3142 4600
1 4574 5181
0 0 4 1032 5453 4377 4376 
0 0 6 1033 5454 1034 1035 1036 1037 
1 2255 669
0 0 5 5455 4375 4374 1038 1039 
1 662 3987
1 2873 2075
1 2773 2465
0 0 7 5456 1040 1041 4373 1042 4372 4371 
0 0 6 1043 1044 1045 5457 4370 4369 
1 4848 3729
0 0 7 5458 4368 1046 4367 1047 4366 4365 
1 3274 1249
0 0 6 1048 1049 1050 1051 5459 1052 
1 1117 3282
1 5328 2819
1 433 4087
1 1044 4944
1 4353 3985
1 1089 407
1 1397 2769
1 2845 1674
0 0 4 1053 5460 1054 4364 
0 0 5 1055 5461 4363 4362 1056 
1 3737 3813
1 3540 2124
1 4790 4960
0 0 7 1057 5462 4361 1058 4360 1059 4359 
1 4460 3979
0 0 5 5463 1060 1061 4358 1062 
0 0 2 5464 1063 
1 4530 4029
1 5101 1729
1 3978 2703
1 1641 3660
1 762 2613
0 0 6 1064 5465 1065 1066 1067 4357 
0 0 6 5466 4356 1068 4355 1069 4354 
0 0 4 1070 5467 4353 4352 
0 0 4 5468 4351 4350 1071 
0 0 2 1072 1073 
0 0 4 5470 5469 4349 1074 
0 0 6 5471 1075 1076 4348 4347 1077 
1 5402 4030
1 45 4925
0 0 4 5472 1078 1079 1080 
1 1188 1883
0 0 3 1081 1082 1083 
1 4702 487
1 4256 5136
0 0 3 5474 1084 1085 
1 792 4428
1 3811 1176
1 2760 3820
1 4710 2640
1 4009 1622
0 0 4 5475 1086 5473 1087 
1 2741 2737
0 0 6 1088 1089 1090 1091 5476 1092 
1 1970 3186
0 0 6 1093 1094 1095 1096 1097 5477 
0 0 2 1098 1099 
0 0 5 5479 5478 4346 1100 4345 
1 4199 5227
0 0 3 1101 5480 4344 
0 0 5 5481 4343 4342 4341 1102 
1 1026 1718
0 0 7 1103 5482 4340 1104 1105 1106 4339 
1 4178 736
1 677 3495
0 0 6 1107 5483 1108 1109 4338 1110 
1 2064 4665
1 1655 3064
1 2479 2211
1 2494 3510
1 2679 3085
0 0 5 1111 5484 1112 1113 4337 
0 0 7 5485 4336 1114 4335 4334 1115 1116 
0 0 5 5486 4333 4332 4331 4330 
1 2166 2784
0 0 5 5487 4329 4328 4327 4326 
0 0 3 5488 4325 1117 
1 2969 64
0 0 7 5489 4324 1118 4323 4322 1119 4321 
1 1320 2764
1 1601 5006
0 0 6 5490 1120 4320 1121 1122 1123 
0 0 3 1124 1125 1126 
1 4264 92
0 0 6 5492 5491 4319 4318 4317 4316 
0 0 7 5493 4315 4314 1127 4313 1128 1129 
1 1923 1689
1 3078 96
1 2523 2617
1 1222 5105
1 2299 1538
0 0 2 5494 4312 
0 0 6 1130 5495 4311 4310 1131 1132 
1 32 4445
1 234 3998
0 0 5 1133 5496 4309 4308 4307 
1 1504 1563
0 0 6 5497 1134 1135 1136 1137 1138 
0 0 2 1139 1140 
1 2546 489
0 0 2 1141 5499 
1 3944 3583
0 0 7 1142 5500 1143 1144 5498 4306 4305 
1 5374 137
1 3021 2328
0 0 5 1145 5501 1146 1147 4304 
1 986 2697
1 900 4651
1 3813 3816
0 0 5 1148 1149 5502 4303 1150 
0 0 2 5503 4302 
1 5145 1133
0 0 3 1151 1152 5504 
0 0 5 1153 5505 4301 1154 4300 
0 0 4 1155 1156 5506 4299 
0 0 2 5507 1157 
1 2064 2901
0 0 5 5508 4298 1158 1159 1160 
1 1696 2274
1 541 3719
0 0 3 5509 1161 4297 
1 2550 484
1 4560 2119
0 0 2 1162 5510 
0 0 7 5511 4296 1163 4295 1164 4294 1165 
1 2165 3375
1 132 636
0 0 5 5512 4293 1166 1167 1168 
1 4908 3838
1 3837 36
0 0 7 1169 5513 4292 4291 1170 1171 1172 
0 0 7 1173 1174 5514 4290 4289 4288 4287 
1 1778 144
1 1055 918
0 0 7 5515 1175 4286 4285 1176 1177 4284 
0 0 4 1178 5516 4283 1179 
0 0 4 1180 5517 1181 4282 
0 0 5 5518 1182 1183 1184 1185 
1 1062 719
1 982 5209
1 4638 3136
0 0 5 1186 5519 4281 1187 1188 
1 1488 1845
1 1558 1717
0 0 7 5520 1189 1190 4280 1191 1192 4279 
0 0 2 5521 4278 
0 0 5 1193 5522 4277 4276 1194 
0 0 4 1195 1196 1197 5523 
1 10 3629
0 0 5 5524 1198 1199 1200 1201 
1 752 3531
1 5441 3923
0 0 3 1202 5525 4275 
1 2213 3115
0 0 5 1203 1204 5526 1205 4274 
1 2740 4850
0 0 2 5527 1206 
1 1107 1308
0 0 2 1207 1208 
0 0 6 5529 1209 5528 4273 1210 1211 
1 4698 361
1 3170 2417
0 0 3 5530 4272 1212 
0 0 6 1213 1214 5531 1215 4271 1216 
1 328 3745
1 2874 1853
0 0 7 1217 5532 1218 1219 4270 1220 1221 
1 3206 3616
1 3797 4989
0 0 2 5533 4269 
0 0 4 1222 5534 1223 4268 
1 4752 185
0 0 4 1224 5535 4267 4266 
1 4226 2702
0 0 4 1225 1226 5536 1227 
0 0 6 1228 1229 5537 1230 4265 1231 
0 0 4 5538 1232 4264 4263 
1 4304 4000
0 0 5 5539 4262 4261 4260 4259 
1 4428 2595
1 4878 1635
1 543 4542
1 874 904
1 3969 2246
1 4685 1370
1 1269 684
0 0 4 5540 4258 4257 4256 
1 793 4356
1 4405 4565
0 0 3 5541 1233 1234 
0 0 5 5542 1235 1236 1237 1238 
0 0 4 1239 5543 4255 1240 
1 2649 4633
1 4377 3623
0 0 4 5544 4254 1241 4253 
1 4923 3069
1 2575 676
1 2871 1269
1 1019 2250
1 1546 106
1 5041 4366
0 0 6 5545 4252 4251 1242 1243 4250 
0 0 6 1244 5546 1245 1246 4249 4248 
0 0 7 5547 1247 1248 4247 4246 4245 4244 
1 5208 1552
0 0 3 1249 1250 1251 
1 449 4445
1 2706 2652
0 0 6 1252 5549 1253 1254 1255 1256 
1 3963 4407
1 5198 2361
0 0 7 5550 5548 1257 1258 1259 4243 1260 
1 589 1849
1 4958 2373
1 381 346
0 0 5 1261 1262 5551 1263 1264 
1 2148 1888
1 684 5166
0 0 3 5552 4242 4241 
1 4615 3534
0 0 2 1265 5553 
1 1253 5320
1 3544 4617
0 0 4 5554 1266 4240 1267 
0 0 3 1268 1269 5555 
1 1178 439
1 462 5332
1 4207 744
0 0 7 5556 1270 4239 4238 4237 1271 1272 
1 2440 3985
1 4546 1979
0 0 4 5557 4236 4235 4234 
0 0 3 1273 1274 5558 
1 2426 174
0 0 4 5559 4233 4232 1275 
1 4866 1284
0 0 5 1276 5560 4231 4230 1277 
1 5194 1524
1 276 2451
1 2233 3175
1 5081 2073
1 2554 4440
1 2560 2577
0 0 2 5561 4229 
1 3040 3612
1 3045 4122
1 2196 5166
0 0 5 5562 4228 4227 4226 1278 
1 3837 4032
0 0 3 5563 4225 1279 
0 0 5 5564 1280 4224 4223 4222 
0 0 2 1281 5565 
0 0 6 5566 4221 4220 1282 4219 1283 
1 373 3198
0 0 3 5567 1284 1285 
0 0 2 5568 4218 
0 0 4 1286 1287 5569 4217 
0 0 5 5570 4216 4215 4214 1288 
1 5344 3932
0 0 2 1289 1290 
0 0 5 1291 1292 5572 1293 1294 
0 0 6 1295 1296 1297 1298 5573 1299 
1 3451 3342
0 0 2 5574 1300 
0 0 6 5575 1301 5571 4213 1302 1303 
1 731 827
0 0 7 5576 4212 1304 1305 1306 4211 1307 
1 257 4827
1 3350 3589
1 5561 1351
1 3216 4800
0 0 7 5577 4210 4209 1308 1309 1310 1311 
1 353 2951
1 1649 2811
1 862 4838
0 0 7 5578 1312 1313 1314 4208 1315 1316 
0 0 2 1317 5579 
0 0 5 1318 5580 1319 1320 1321 
1 3803 3726
0 0 5 1322 5581 1323 4207 4206 
1 2192 2677
0 0 6 1324 1325 1326 1327 1328 5582 
0 0 6 5583 4205 4204 4203 4202 1329 
1 109 1335
0 0 6 1330 5584 1331 1332 4201 1333 
1 5060 4182
0 0 5 1334 5585 1335 1336 1337 
1 4137 2822
1 3028 4506
1 4718 4793
0 0 3 1338 5586 1339 
0 0 3 5587 1340 4200 
1 3674 2901
1 2647 2547
0 0 2 5588 1341 
1 3379 3864
1 160 3514
1 13 4
1 3924 5148
0 0 2 1342 5589 
0 0 2 1343 1344 
0 0 4 1345 5591 5590 1346 
0 0 3 1347 1348 5592 
1 5106 4221
0 0 2 5593 1349 
1 3849 5143
1 1027 3836
0 0 4 1350 1351 5594 1352 
1 2314 2545
0 0 2 5595 1353 
1 1591 639
1 4448 5183
0 0 3 5596 1354 1355 
0 0 6 5597 1356 4199 4198 4197 1357 
0 0 7 5598 4196 4195 1358 1359 4194 4193 
1 1247 2722
1 2537 3762
1 3661 1096
0 0 2 1360 5599 
0 0 2 1361 5600 
0 0 3 5601 1362 1363 
0 0 5 5602 1364 1365 1366 1367 
0 0 6 5603 1368 1369 4192 4191 4190 
0 0 4 1370 1371 5604 4189 
1 1373 3312
0 0 7 1372 5605 1373 1374 4188 1375 4187 
0 0 5 1376 1377 1378 5606 4186 
0 0 4 5607 4185 4184 4183 
1 102 427
0 0 5 5608 4182 4181 4180 4179 
0 0 4 5609 4178 4177 4176 
1 4402 917
0 0 2 5610 4175 
0 0 2 5611 1379 
0 0 5 1380 5612 4174 4173 1381 
1 4148 4579
1 819 3341
1 5546 756
1 1612 3671
0 0 6 1382 1383 5613 4172 4171 1384 
1 22 2620
0 0 3 5614 1385 4170 
0 0 6 1386 1387 5615 1388 4169 1389 
0 0 5 5616 1390 1391 4168 1392 
0 0 2 5617 1393 
1 1740 3286
1 5058 3731
1 3062 3075
1 3313 3436
1 4844 1223
0 0 4 1394 1395 1396 5618 
1 793 122
0 0 7 5619 4167 1397 1398 4166 1399 1400 
1 3446 4301
0 0 6 1401 1402 5620 4165 4164 4163 
0 0 6 1403 1404 1405 1406 5621 4162 
0 0 5 5622 1407 1408 1409 4161 
1 3579 37
1 3393 2243
0 0 5 5623 4160 4159 1410 1411 
1 1029 780
1 5117 5495
0 0 5 5624 1412 4158 4157 4156 
0 0 7 1413 1414 5625 1415 1416 4155 4154 
1 678 398
0 0 4 5626 4153 1417 1418 
1 5043 2010
1 5205 5338
1 555 528
1 5301 4080
1 1404 4786
1 2777 3862
1 3762 1254
0 0 3 5627 4152 1419 
1 645 1499
0 0 7 5628 4151 1420 4150 4149 1421 4148 
0 0 4 5629 4147 1422 4146 
0 0 4 1423 5630 1424 1425 
1 2473 2774
0 0 3 5631 1426 4145 
1 2642 2799
0 0 2 5632 4144 
0 0 3 1427 5633 4143 
0 0 6 1428 5634 1429 1430 1431 1432 
0 0 7 1433 1434 1435 1436 1437 5635 4142 
1 4074 626
1 5137 3883
0 0 2 1438 1439 
1 1419 2232
0 0 7 1440 5637 5636 1441 1442 1443 4141 
1 2762 5272
0 0 7 1444 1445 5638 4140 1446 1447 4139 
0 0 2 5639 4138 
0 0 5 5640 4137 4136 4135 1448 
1 2865 3871
1 2717 1332
1 4689 60
0 0 4 5641 4134 1449 4133 
1 172 3695
1 3540 5595
0 0 5 5642 1450 4132 4131 1451 
0 0 3 1452 1453 5643 
1 3762 883
0 0 5 1454 5644 4130 1455 1456 
0 0 3 1457 1458 1459 
0 0 2 1460 5646 
0 0 2 1461 1462 
1 2855 268
0 0 4 5648 1463 1464 1465 
1 1875 1711
1 2467 5460
0 0 3 5649 5647 5645 
1 160 3823
0 0 7 5650 4129 1466 4128 4127 4126 4125 
0 0 3 5651 1467 4124 
1 3726 471
1 2382 394
1 5339 1855
1 5322 1355
1 4289 2281
0 0 7 5652 4123 1468 1469 1470 1471 4122 
0 0 4 5653 4121 1472 1473 
0 0 3 5654 4120 4119 
1 2069 3216
0 0 2 5655 1474 
0 0 5 5656 1475 1476 1477 1478 
1 2377 287
1 3021 4702
1 498 4435
0 0 5 1479 5657 4118 1480 4117 
1 5510 2097
0 0 6 5658 4116 4115 4114 1481 1482 
0 0 3 1483 5659 4113 
0 0 5 5660 1484 4112 1485 1486 
1 1414 13
0 0 3 5661 4111 1487 
1 963 397
1 2916 3797
1 356 259
1 623 967
0 0 4 1488 5662 1489 4110 
1 2770 3078
0 0 2 5663 4109 
0 0 6 5664 4108 4107 1490 1491 1492 
1 3584 2173
1 5383 3683
0 0 3 5665 4106 1493 
0 0 5 1494 1495 1496 1497 1498 
1 5011 2309
1 1142 906
1 784 259
1 2264 2803
1 5542 1050
0 0 3 1499 5667 1500 
1 2843 2816
1 4392 984
0 0 3 5668 1501 1502 
1 3793 2064
0 0 2 1503 5669 
1 164 2987
1 2773 2161
0 0 6 1504 1505 1506 5670 5666 4105 
0 0 6 5671 1507 1508 1509 1510 1511 
0 0 2 5672 4104 
1 5517 3983
0 0 4 1512 5673 1513 4103 
0 0 6 1514 1515 5674 4102 4101 1516 
0 0 2 1517 1518 
0 0 2 5676 5675 
1 4254 1077
1 1668 3331
0 0 3 1519 5677 4100 
1 1600 5325
0 0 3 1520 1521 1522 
1 386 1838
0 0 6 5679 5678 1523 4099 4098 1524 
1 3322 553
0 0 6 1525 1526 1527 1528 5680 4097 
0 0 2 5681 4096 
0 0 7 1529 1530 5682 4095 1531 4094 1532 
1 4049 2859
0 0 2 5683 4093 
0 0 7 1533 1534 5684 1535 4092 1536 1537 
1 5228 3715
0 0 2 5685 1538 
0 0 3 1539 5686 1540 
1 3971 5632
0 0 2 5687 4091 
1 3190 4140
1 2511 200
0 0 2 5688 4090 
1 4123 448
0 0 2 1541 1542 
1 328 1644
0 0 6 5690 5689 4089 4088 1543 4087 
1 1239 864
0 0 7 1544 5691 1545 4086 4085 4084 4083 
1 867 3772
1 4227 408
0 0 4 5692 4082 1546 4081 
0 0 2 5693 4080 
0 0 5 5694 1547 4079 4078 1548 
1 1672 4980
1 3440 1568
1 2180 4859
1 5210 3183
1 2482 1708
0 0 3 1549 5695 1550 
0 0 3 1551 1552 1553 
1 2007 4971
1 2010 2787
1 4626 4575
0 0 5 1554 5697 5696 1555 1556 
0 0 7 1557 1558 1559 5698 1560 4077 1561 
1 1347 2019
0 0 5 5699 4076 4075 4074 4073 
0 0 6 1562 5700 1563 4072 4071 1564 
1 5276 145
1 2468 3320
0 0 6 5701 4070 4069 4068 4067 1565 
0 0 2 1566 1567 
1 500 1186
1 3560 2827
0 0 5 1568 5703 5702 4066 4065 
0 0 3 5704 1569 1570 
0 0 6 1571 1572 1573 5705 4064 1574 
1 4091 196
1 1333 4515
0 0 7 1575 5706 4063 1576 4062 4061 1577 
0 0 4 1578 5707 4060 4059 
0 0 4 1579 5708 4058 4057 
0 0 3 5709 4056 4055 
0 0 3 5710 1580 1581 
0 0 5 5711 4054 4053 1582 4052 
0 0 2 5712 1583 
1 5229 2929
0 0 6 1584 1585 5713 1586 4051 4050 
0 0 7 5714 4049 4048 4047 1587 4046 1588 
0 0 3 5715 1589 4045 
1 2007 2342
0 0 5 5716 4044 4043 4042 1590 
0 0 4 5717 4041 4040 1591 
0 0 5 5718 4039 4038 4037 4036 
0 0 2 1592 5719 
1 5343 3425
1 4811 4469
0 0 7 5720 4035 4034 1593 1594 1595 4033 
1 2358 2950
1 4625 504
0 0 6 1596 1597 5721 4032 4031 1598 
0 0 7 5722 4030 1599 1600 1601 4029 4028 
0 0 6 1602 1603 1604 5723 1605 4027 
1 3877 3228
1 5407 3913
1 2190 5351
0 0 6 1606 1607 1608 1609 1610 1611 
0 0 3 5725 1612 1613 
0 0 5 5726 1614 1615 1616 1617 
0 0 5 5727 5724 4026 1618 1619 
0 0 5 5728 4025 4024 1620 4023 
0 0 2 1621 5729 
0 0 5 1622 5730 1623 1624 4022 
1 2308 2921
0 0 3 5731 4021 1625 
0 0 7 1626 5732 4020 1627 1628 4019 1629 
0 0 3 5733 4018 1630 
1 2971 242
0 0 6 5734 4017 1631 1632 4016 4015 
1 3166 3638
0 0 5 1633 5735 1634 4014 4013 
1 1275 1963
0 0 3 1635 1636 1637 
0 0 2 5737 1638 
0 0 5 1639 1640 5738 5736 1641 
0 0 7 5739 1642 4012 4011 1643 1644 4010 
0 0 6 5740 1645 4009 4008 1646 4007 
1 4793 1474
1 4039 1784
0 0 2 5741 1647 
0 0 4 5742 1648 4006 4005 
1 891 213
1 1364 1044
1 5345 4077
1 1823 2268
0 0 5 5743 4004 1649 4003 1650 
1 2038 1695
1 4753 5719
0 0 6 5744 4002 4001 4000 3999 1651 
1 5099 3315
1 4170 2190
1 5206 1816
0 0 6 1652 5745 3998 3997 1653 3996 
0 0 2 1654 5746 
0 0 5 1655 5747 3995 3994 1656 
1 4189 3044
0 0 4 5748 1657 1658 3993 
0 0 6 1659 1660 5749 3992 3991 1661 
0 0 3 5750 3990 3989 
0 0 4 1662 5751 1663 3988 
1 1569 4639
1 1309 4056
0 0 2 1664 1665 
0 0 4 1666 5753 5752 1667 
1 2373 3932
0 0 6 1668 5754 1669 3987 1670 3986 
1 3901 4820
0 0 4 5755 1671 1672 3985 
0 0 6 1673 1674 5756 3984 3983 1675 
0 0 4 1676 5757 3982 1677 
1 2142 4916
1 2446 1631
0 0 2 1678 5758 
0 0 3 1679 5759 3981 
0 0 6 1680 5760 3980 3979 3978 3977 
1 1830 1515
1 2059 4093
1 3001 5577
1 2993 869
0 0 5 5761 3976 3975 1681 3974 
0 0 2 5762 1682 
0 0 3 5763 3973 3972 
1 3657 2658
0 0 7 5764 3971 3970 3969 3968 1683 1684 
1 2877 192
1 3933 5153
1 801 3649
0 0 2 1685 1686 
0 0 5 5766 5765 3967 3966 3965 
1 1728 3653
0 0 3 5767 1687 3964 
1 1316 4692
1 5173 5481
1 4974 4471
1 2543 4998
0 0 3 5768 1688 1689 
1 2021 4081
1 1507 5366
1 1998 276
0 0 6 5769 3963 1690 1691 1692 3962 
0 0 3 5770 1693 1694 
1 673 3256
1 985 236
1 3763 3311
1 1550 330
1 5519 1190
1 550 4919
0 0 7 1695 5771 1696 1697 1698 1699 1700 
1 4866 4968
0 0 4 1701 5772 1702 3961 
0 0 5 1703 1704 1705 5773 3960 
1 4882 1248
1 3808 5465
1 4938 4908
0 0 5 1706 5774 3959 1707 1708 
1 3127 796
0 0 2 1709 5775 
1 2024 3816
0 0 3 5776 1710 3958 
1 5486 3050
0 0 4 1711 1712 5777 1713 
1 1711 1872
1 948 2011
1 585 5625
0 0 4 1714 5778 1715 1716 
0 0 5 1717 5779 3957 1718 1719 
1 4106 1613
0 0 3 1720 5780 3956 
0 0 4 5781 1721 3955 1722 
0 0 7 1723 5782 3954 1724 1725 1726 3953 
1 4839 930
0 0 6 5783 3952 3951 1727 3950 3949 
0 0 6 1728 5784 3948 3947 1729 1730 
1 151 1249
1 3694 4015
0 0 4 5785 3946 3945 3944 
1 4293 1100
1 2010 4015
1 1034 4461
0 0 5 5786 1731 3943 3942 1732 
1 3829 4494
1 3858 360
0 0 3 1733 5787 3941 
1 656 5608
0 0 4 1734 1735 5788 3940 
0 0 7 1736 5789 1737 1738 3939 3938 1739 
0 0 5 1740 1741 5790 3937 3936 
1 5774 5724
1 5590 3901
1 3564 1277
0 0 6 1742 5791 3935 3934 3933 1743 
0 0 7 1744 1745 5792 1746 1747 3932 3931 
1 5263 256
0 0 4 1748 1749 5793 1750 
0 0 3 1751 5794 3930 
0 0 3 1752 5795 3929 
0 0 6 1753 5796 3928 1754 1755 1756 
0 0 2 1757 1758 
0 0 5 5798 5797 1759 3927 3926 
1 5589 1146
0 0 7 1760 5799 3925 1761 3924 3923 3922 
0 0 3 1762 1763 1764 
0 0 5 5801 1765 1766 1767 1768 
0 0 2 1769 5802 
0 0 4 1770 5803 5800 3921 
0 0 2 1771 5804 
0 0 4 1772 1773 1774 1775 
1 4044 340
0 0 3 1776 5806 5805 
1 1180 2382
1 3045 807
0 0 4 5807 3920 1777 3919 
0 0 5 5808 3918 3917 3916 1778 
0 0 2 5809 1779 
0 0 2 5810 3915 
1 1515 4807
0 0 7 1780 5811 3914 3913 1781 1782 3912 
1 207 1628
1 3256 1352
1 2328 460
1 2882 4405
1 5319 4931
1 245 944
0 0 4 1783 5812 1784 1785 
0 0 4 1786 1787 1788 1789 
1 4689 5394
0 0 2 1790 5814 
0 0 5 1791 5815 1792 1793 1794 
1 1108 1150
0 0 5 5816 5813 3911 3910 3909 
0 0 7 5817 1795 3908 1796 1797 3907 1798 
1 819 932
0 0 6 5818 1799 3906 3905 1800 1801 
0 0 3 5819 1802 3904 
1 2448 3487
1 4910 5016
0 0 7 1803 1804 1805 5820 1806 1807 3903 
1 5735 4429
0 0 6 1808 5821 1809 3902 3901 1810 
1 2748 377
1 686 5101
0 0 4 1811 1812 5822 1813 
1 5547 2911
1 2605 166
0 0 4 1814 1815 5823 1816 
0 0 5 5824 3900 3899 3898 1817 
0 0 5 5825 1818 1819 1820 3897 
1 2601 2126
1 2262 2260
1 3138 2410
1 3324 2931
1 2075 3197
0 0 7 5826 3896 3895 3894 3893 1821 1822 
0 0 2 1823 5827 
1 611 4673
1 4737 1929
0 0 4 1824 1825 1826 5828 
1 2577 4585
0 0 4 1827 5829 3892 3891 
0 0 5 5830 1828 1829 1830 3890 
0 0 5 1831 1832 5831 1833 1834 
1 3749 4047
0 0 7 1835 5832 1836 1837 3889 3888 3887 
0 0 6 1838 5833 1839 3886 3885 3884 
0 0 6 1840 5834 3883 1841 1842 1843 
1 3784 1605
1 3960 213
1 5129 2007
1 969 5000
1 4556 800
1 4672 4278
1 5755 1980
0 0 7 1844 5835 3882 3881 1845 3880 1846 
1 1969 55
0 0 6 1847 1848 1849 5836 3879 3878 
0 0 2 5837 3877 
0 0 3 1850 5838 1851 
0 0 6 5839 3876 1852 1853 3875 3874 
1 3731 5595
0 0 4 1854 1855 5840 3873 
0 0 2 1856 1857 
0 0 4 1858 1859 5842 5841 
1 1481 1223
1 1127 521
0 0 4 1860 5843 1861 3872 
1 3275 457
0 0 6 1862 5844 1863 3871 3870 3869 
0 0 2 1864 5845 
0 0 2 5846 1865 
1 2 5567
0 0 6 5847 3868 3867 1866 3866 1867 
0 0 2 1868 5848 
0 0 6 1869 1870 5849 3865 1871 3864 
0 0 7 1872 5850 3863 3862 3861 3860 1873 
0 0 4 1874 1875 1876 5851 
0 0 2 5852 1877 
1 4690 635
1 2256 5389
1 3585 2610
1 3869 4411
0 0 7 1878 1879 1880 1881 5853 1882 3859 
0 0 3 5854 1883 3858 
1 2337 4
0 0 5 5855 1884 1885 3857 3856 
0 0 3 1886 1887 1888 
1 361 5659
1 4590 5724
0 0 3 5857 5856 1889 
0 0 5 5858 3855 1890 3854 3853 
1 2307 3182
1 1730 4422
1 238 2631
0 0 7 5859 1891 3852 3851 3850 1892 1893 
0 0 7 5860 1894 3849 3848 3847 3846 3845 
1 4759 2743
0 0 6 1895 1896 5861 3844 1897 3843 
1 464 2324
0 0 7 1898 5862 1899 3842 1900 3841 3840 
0 0 2 1901 5863 
1 4799 5351
1 1497 5575
1 4567 4487
0 0 5 5864 3839 1902 3838 1903 
1 286 311
1 5020 3821
0 0 4 5865 1904 3837 1905 
1 4675 422
1 4033 1013
1 2805 2357
1 4450 4022
1 5709 5214
0 0 5 5866 1906 1907 3836 3835 
0 0 7 5867 1908 1909 1910 3834 3833 1911 
0 0 3 1912 5868 1913 
0 0 2 5869 1914 
1 1831 5052
1 357 4595
1 3142 5831
0 0 2 5870 1915 
0 0 2 5871 3832 
0 0 6 1916 1917 1918 1919 5872 1920 
0 0 6 5873 1921 1922 3831 1923 3830 
1 2743 3032
1 4222 223
1 2643 4413
1 5057 4221
1 2968 4527
0 0 5 5874 3829 1924 1925 3828 
1 1623 4674
0 0 7 1926 1927 1928 1929 1930 5875 3827 
1 1279 4555
0 0 7 1931 1932 5876 3826 3825 1933 1934 
0 0 5 1935 1936 1937 1938 5877 
0 0 5 1939 1940 5878 3824 3823 
0 0 7 1941 5879 1942 1943 1944 3822 3821 
0 0 6 5880 3820 1945 3819 3818 3817 
0 0 2 1946 1947 
0 0 6 5882 5881 1948 1949 1950 1951 
0 0 4 5883 3816 1952 1953 
1 4816 2651
0 0 3 5884 3815 3814 
1 1126 5611
1 5810 2234
1 5849 3893
1 2492 1916
1 3020 5286
1 2973 3603
1 3097 3374
1 1118 4296
0 0 5 5885 3813 3812 1954 3811 
1 2882 5236
0 0 4 1955 5886 1956 3810 
0 0 4 5887 1957 3809 1958 
1 1173 827
1 1952 2806
1 2038 4107
1 2711 1454
0 0 3 5888 3808 1959 
0 0 5 1960 5889 3807 3806 3805 
0 0 6 5890 3804 1961 1962 3803 1963 
1 2538 3208
1 5304 3949
1 3811 4328
0 0 7 1964 5891 3802 1965 1966 3801 3800 
0 0 5 5892 3799 1967 3798 3797 
1 4334 2219
1 3780 2988
1 3707 4966
0 0 7 5893 1968 1969 1970 1971 3796 1972 
0 0 5 5894 3795 3794 1973 3793 
0 0 2 1974 1975 
0 0 4 1976 1977 5896 5895 
1 5704 4854
1 2831 5148
0 0 4 1978 1979 1980 5897 
1 1784 3015
1 1162 1629
0 0 5 5898 1981 1982 1983 1984 
0 0 3 1985 5899 3792 
1 2862 3508
1 4036 2916
1 3858 1972
1 4969 993
0 0 4 1986 1987 5900 1988 
0 0 2 5901 1989 
1 1661 1136
0 0 5 1990 1991 5902 1992 3791 
0 0 2 1993 1994 
1 5206 2380
1 313 5792
0 0 5 5904 1995 1996 1997 1998 
1 5463 5680
0 0 2 5905 1999 
1 5040 5894
0 0 5 5906 5903 2000 2001 2002 
1 5504 3038
0 0 5 2003 2004 2005 5907 2006 
1 5603 2525
0 0 3 2007 2008 5908 
0 0 2 2009 5909 
0 0 3 5910 3790 2010 
0 0 2 2011 2012 
1 3812 3346
1 3620 931
1 4075 3875
1 4426 1191
1 2920 270
1 306 919
1 4494 5030
0 0 5 5912 5911 2013 3789 2014 
1 410 3436
1 3572 5579
1 5635 5584
1 1804 41
1 1200 3304
0 0 2 5913 3788 
0 0 2 2015 5914 
0 0 6 5915 3787 3786 2016 2017 2018 
1 2562 3722
1 319 1897
1 2108 5716
1 1871 196
1 3958 4340
1 4253 821
0 0 6 5916 3785 2019 3784 2020 3783 
1 4536 5091
0 0 6 5917 3782 3781 2021 3780 2022 
0 0 7 2023 2024 5918 3779 2025 3778 3777 
0 0 4 5919 3776 2026 2027 
0 0 7 5920 3775 2028 3774 3773 2029 2030 
0 0 3 5921 2031 2032 
1 325 5728
1 984 4140
1 3287 2827
1 5382 3537
1 1876 1866
0 0 6 5922 3772 3771 3770 3769 3768 
1 761 3642
1 1463 491
0 0 2 5923 3767 
1 1162 1034
1 3741 14
1 2006 2550
0 0 6 2033 5924 2034 3766 3765 2035 
0 0 4 5925 2036 2037 2038 
0 0 4 5926 2039 3764 3763 
1 4767 1592
0 0 4 2040 2041 5927 2042 
1 5542 1524
0 0 5 5928 3762 3761 2043 3760 
0 0 5 2044 2045 2046 2047 2048 
0 0 5 5930 5929 3759 3758 3757 
0 0 7 5931 3756 3755 2049 2050 3754 2051 
1 5751 3722
0 0 5 5932 2052 2053 2054 3753 
0 0 5 5933 2055 3752 3751 3750 
0 0 3 5934 3749 2056 
0 0 6 5935 2057 3748 2058 2059 3747 
1 4498 50
1 4923 1860
0 0 5 2060 5936 2061 2062 2063 
1 5175 5338
0 0 3 5937 3746 3745 
1 2387 1713
1 5859 5571
0 0 3 2064 2065 5938 
0 0 5 2066 5939 3744 3743 3742 
1 746 813
1 1199 5011
1 2960 447
0 0 7 2067 5940 2068 2069 3741 2070 3740 
1 3826 309
0 0 3 5941 3739 3738 
0 0 4 5942 2071 2072 2073 
1 5004 3740
1 5828 3840
0 0 2 5943 3737 
0 0 4 2074 2075 2076 5944 
1 5113 5116
0 0 4 5945 3736 2077 3735 
0 0 2 2078 5946 
1 3752 2278
1 5550 3867
0 0 3 2079 5947 3734 
0 0 6 5948 3733 3732 3731 2080 2081 
0 0 5 2082 5949 3730 3729 3728 
0 0 5 2083 2084 2085 5950 2086 
1 3104 526
0 0 4 5951 3727 3726 2087 
1 5407 3826
0 0 3 2088 5952 3725 
0 0 7 2089 2090 2091 5953 3724 2092 3723 
0 0 3 5954 2093 2094 
1 4811 2332
1 5198 5493
0 0 7 2095 2096 2097 2098 5955 3722 3721 
0 0 7 5956 2099 3720 3719 2100 2101 2102 
1 4331 2466
1 3832 4556
0 0 4 5957 2103 3718 3717 
0 0 2 5958 3716 
1 452 3525
0 0 3 5959 2104 2105 
1 2029 3454
1 3121 5092
0 0 3 2106 2107 2108 
1 3225 4932
0 0 7 2109 5961 5960 3715 3714 2110 3713 
0 0 2 5962 2111 
1 767 1774
1 2460 244
1 2015 2361
1 4914 189
0 0 5 2112 2113 5963 3712 2114 
0 0 6 2115 5964 2116 2117 3711 3710 
0 0 7 5965 3709 3708 3707 3706 3705 2118 
0 0 7 2119 2120 5966 2121 3704 2122 2123 
0 0 6 2124 2125 5967 2126 3703 2127 
0 0 6 5968 3702 3701 2128 3700 3699 
0 0 3 2129 2130 2131 
0 0 3 5970 5969 3698 
1 3511 3414
0 0 4 5971 3697 3696 3695 
1 1883 4580
0 0 4 5972 2132 2133 2134 
0 0 3 2135 5973 3694 
1 1591 2136
0 0 5 5974 2136 3693 3692 3691 
1 5492 4684
0 0 3 2137 5975 3690 
0 0 2 2138 2139 
1 2890 1854
1 2197 2211
1 3385 3979
1 1171 2111
0 0 7 5977 2140 5976 2141 3689 2142 3688 
1 1518 945
1 4133 961
1 4599 3254
1 5055 5692
0 0 4 5978 3687 2143 3686 
1 150 997
0 0 6 5979 2144 2145 2146 2147 2148 
1 4406 4183
0 0 6 2149 5980 3685 3684 2150 2151 
0 0 5 5981 2152 2153 2154 3683 
0 0 7 5982 3682 2155 3681 3680 3679 2156 
0 0 2 5983 3678 
0 0 2 2157 5984 
1 3373 96
0 0 2 2158 5985 
0 0 4 5986 2159 3677 2160 
0 0 7 5987 3676 2161 2162 3675 3674 2163 
1 335 4177
1 4948 1098
1 5001 1788
0 0 4 2164 2165 2166 2167 
0 0 2 5989 2168 
0 0 3 5990 5988 3673 
1 2754 3249
1 1960 582
1 1960 450
1 438 3188
0 0 6 2169 2170 2171 2172 5991 2173 
0 0 5 2174 5992 3672 2175 3671 
1 1590 3989
1 2831 5090
1 253 5946
0 0 3 2176 5993 2177 
0 0 2 2178 2179 
0 0 3 5995 2180 2181 
1 717 2833
0 0 4 2182 5996 5994 2183 
1 1046 1739
1 4985 1707
0 0 6 2184 5997 2185 2186 3670 2187 
1 1049 4286
0 0 2 2188 2189 
0 0 2 5999 2190 
0 0 6 6000 5998 2191 3669 2192 3668 
0 0 5 2193 6001 2194 3667 2195 
0 0 6 6002 3666 2196 3665 3664 3663 
0 0 6 6003 2197 2198 3662 2199 3661 
1 2467 3325
0 0 7 2200 2201 2202 2203 6004 2204 3660 
0 0 6 6005 3659 3658 2205 2206 2207 
0 0 3 6006 3657 2208 
1 1120 444
1 3548 3924
0 0 2 6007 3656 
0 0 5 2209 2210 6008 3655 2211 
1 1071 4008
1 2132 5206
0 0 5 6009 2212 2213 2214 2215 
0 0 2 6010 3654 
0 0 5 6011 2216 2217 2218 3653 
1 5536 877
0 0 5 6012 2219 3652 2220 2221 
0 0 4 6013 2222 2223 2224 
1 4911 3014
1 4000 5613
1 4042 545
0 0 2 2225 6014 
0 0 3 6015 3651 3650 
1 5860 2889
0 0 3 2226 6016 2227 
0 0 4 2228 2229 6017 3649 
1 3291 3372
1 1848 4328
1 2821 427
1 249 5812
1 5635 3866
0 0 2 6018 2230 
1 3526 4460
1 5618 5825
1 2874 4976
1 947 830
1 4279 2016
1 917 4943
0 0 3 6019 3648 3647 
1 2793 4155
0 0 2 6020 3646 
1 5597 2573
0 0 2 6021 3645 
0 0 7 6022 3644 3643 3642 3641 2231 2232 
0 0 7 6023 2233 2234 2235 3640 2236 3639 
1 3900 5740
1 4832 1025
0 0 6 6024 3638 3637 2237 3636 3635 
1 3509 635
0 0 6 6025 3634 2238 3633 2239 3632 
0 0 3 6026 3631 2240 
1 1420 222
1 4846 174
0 0 6 2241 6027 2242 2243 3630 3629 
1 3561 5653
0 0 7 2244 6028 2245 2246 3628 3627 2247 
0 0 7 2248 6029 3626 2249 3625 2250 3624 
0 0 7 2251 6030 3623 3622 2252 2253 3621 
1 676 3798
0 0 2 6031 3620 
1 1706 1722
1 3355 5712
0 0 3 6032 3619 3618 
1 3132 681
0 0 7 2254 6033 2255 2256 2257 3617 2258 
0 0 6 2259 6034 3616 2260 2261 3615 
1 335 4893
0 0 3 2262 2263 2264 
1 903 769
1 247 1485
0 0 2 6036 6035 
0 0 6 2265 6037 2266 3614 2267 3613 
0 0 3 6038 2268 2269 
1 4297 1137
0 0 4 2270 2271 6039 3612 
0 0 4 2272 6040 2273 3611 
0 0 2 6041 3610 
1 4898 894
1 5648 1616
0 0 6 6042 3609 3608 3607 2274 3606 
1 4266 2792
0 0 4 6043 3605 3604 2275 
0 0 3 2276 6044 2277 
1 2246 2772
1 3921 1172
0 0 7 2278 2279 6045 3603 2280 2281 3602 
1 4605 2436
1 53 2187
1 2302 4620
1 4467 3417
1 4409 264
1 1977 1221
1 6042 1544
0 0 7 2282 6046 3601 2283 2284 2285 3600 
0 0 4 2286 2287 2288 2289 
0 0 2 2290 2291 
1 3605 2827
0 0 7 2292 2293 6049 2294 2295 2296 6048 
0 0 2 6050 6047 
1 5828 1397
0 0 7 6051 2297 3599 3598 3597 3596 3595 
1 3627 5553
1 4292 3697
0 0 4 2298 6052 3594 2299 
1 4657 1846
0 0 4 6053 2300 2301 3593 
0 0 3 6054 2302 2303 
0 0 6 2304 2305 6055 3592 3591 2306 
0 0 2 6056 2307 
0 0 5 2308 6057 3590 3589 2309 
0 0 5 2310 2311 6058 3588 2312 
1 4009 4270
0 0 6 2313 2314 6059 2315 3587 3586 
0 0 7 6060 3585 2316 2317 3584 3583 3582 
0 0 4 2318 2319 6061 2320 
1 4163 2822
0 0 2 6062 3581 
1 4058 3194
0 0 4 2321 6063 3580 2322 
1 3012 2399
0 0 2 2323 6064 
0 0 6 2324 6065 2325 2326 3579 3578 
1 2135 2894
1 5788 2902
1 2498 4938
1 296 4413
0 0 3 2327 6066 2328 
0 0 5 2329 2330 2331 2332 6067 
1 3618 3324
0 0 2 6068 3577 
1 5578 5608
0 0 3 6069 2333 3576 
1 1609 4952
1 2396 2804
0 0 4 6070 2334 2335 2336 
0 0 4 2337 6071 2338 2339 
0 0 7 2340 2341 6072 2342 2343 3575 2344 
1 2858 4176
1 5913 1823
1 3200 1790
1 1129 4318
1 5805 3606
0 0 2 2345 6073 
0 0 6 2346 2347 2348 2349 2350 6074 
1 1773 306
1 3866 5708
1 2092 814
1 3242 900
1 5246 5124
0 0 3 2351 2352 6075 
1 2445 3381
0 0 2 6076 2353 
1 4277 3391
1 4292 4175
0 0 6 2354 6077 2355 3574 3573 2356 
1 538 5182
0 0 2 6078 2357 
0 0 6 2358 2359 6079 3572 2360 2361 
1 4732 5389
1 1545 5828
1 322 2457
1 1578 3074
1 917 3499
1 2631 2193
0 0 7 2362 2363 6080 3571 3570 2364 2365 
0 0 6 2366 2367 2368 2369 2370 2371 
0 0 3 6082 2372 6081 
0 0 6 6083 3569 3568 2373 2374 3567 
1 3720 1628
1 2203 5698
1 3129 1571
1 1644 1590
1 4923 2094
0 0 5 2375 2376 2377 2378 2379 
1 1067 2464
1 5743 6038
1 2923 4875
0 0 3 6085 2380 2381 
0 0 6 6086 2382 2383 6084 2384 2385 
1 2066 501
0 0 3 6087 2386 2387 
0 0 7 6088 2388 3566 3565 3564 3563 3562 
0 0 4 6089 2389 2390 3561 
1 3489 5874
0 0 3 6090 2391 3560 
1 2283 4355
0 0 4 2392 6091 3559 3558 
1 4115 3565
0 0 4 6092 2393 3557 2394 
1 2295 707
0 0 4 6093 3556 3555 2395 
0 0 7 6094 3554 2396 2397 3553 3552 2398 
0 0 4 6095 3551 2399 2400 
1 4580 1394
1 5827 1096
0 0 7 2401 6096 3550 2402 3549 2403 3548 
0 0 2 2404 2405 
1 3823 4293
1 1779 1419
1 5275 1316
0 0 7 2406 6098 6097 3547 3546 3545 3544 
0 0 7 2407 2408 6099 2409 3543 3542 2410 
1 1593 3249
1 4514 4665
0 0 3 6100 2411 3541 
1 2140 5890
1 5952 1034
0 0 4 2412 6101 2413 2414 
0 0 4 2415 2416 6102 3540 
1 2744 642
0 0 3 6103 3539 2417 
0 0 6 2418 6104 3538 3537 2419 2420 
1 5106 4089
1 444 2726
0 0 4 2421 2422 2423 6105 
1 3411 4931
0 0 2 6106 3536 
0 0 5 2424 2425 6107 2426 2427 
0 0 2 2428 2429 
0 0 6 6109 6108 3535 3534 2430 2431 
0 0 5 6110 2432 2433 3533 2434 
1 2017 4985
1 2492 3883
0 0 4 6111 3532 3531 2435 
0 0 7 2436 6112 2437 3530 3529 3528 2438 
1 1180 1073
0 0 5 2439 2440 6113 2441 3527 
1 2773 3293
1 3383 4528
1 208 5310
1 1639 2979
0 0 4 6114 2442 2443 3526 
1 5181 3659
1 896 3982
1 987 2722
0 0 7 2444 6115 3525 2445 3524 3523 2446 
1 5074 460
0 0 7 6116 2447 2448 2449 2450 2451 2452 
1 5489 4986
1 1101 5586
1 5957 2979
1 1198 2287
0 0 4 6117 2453 3522 2454 
1 4185 1415
0 0 2 2455 6118 
1 1090 884
1 340 3488
1 3502 2982
0 0 6 6119 3521 3520 3519 3518 3517 
0 0 3 6120 2456 3516 
1 40 528
0 0 4 6121 3515 2457 3514 
1 2001 4409
0 0 7 2458 2459 6122 3513 2460 3512 2461 
0 0 4 2462 6123 3511 2463 
0 0 7 2464 6124 2465 3510 2466 3509 2467 
1 4577 2112
1 3009 957
1 3021 3175
0 0 7 2468 2469 6125 2470 2471 2472 2473 
0 0 3 6126 2474 3508 
1 1186 2031
0 0 6 2475 2476 6127 3507 2477 3506 
1 1764 244
1 6126 3071
0 0 7 2478 2479 6128 2480 2481 2482 2483 
0 0 6 6129 2484 3505 2485 2486 3504 
1 903 1526
1 3960 3174
0 0 7 6130 3503 2487 3502 3501 2488 2489 
1 4470 219
1 5320 3463
0 0 3 2490 6131 3500 
1 2611 5457
0 0 2 2491 6132 
1 481 5505
0 0 5 6133 2492 3499 3498 3497 
1 5790 4354
1 4001 766
0 0 7 2493 6134 3496 2494 2495 3495 3494 
1 5033 275
0 0 2 6135 2496 
0 0 7 6136 3493 2497 2498 3492 3491 3490 
0 0 5 6137 3489 2499 3488 3487 
0 0 4 2500 2501 6138 2502 
0 0 2 6139 3486 
0 0 6 6140 2503 2504 3485 2505 3484 
0 0 3 2506 6141 3483 
0 0 2 2507 6142 
1 736 1197
1 2853 4574
0 0 7 6143 2508 3482 2509 3481 2510 3480 
1 4548 1747
0 0 6 6144 3479 3478 3477 2511 3476 
0 0 3 6145 3475 3474 
1 801 2337
1 5880 723
1 3199 6035
0 0 6 6146 2512 3473 2513 2514 3472 
0 0 2 2515 6147 
0 0 7 6148 3471 3470 3469 3468 2516 2517 
0 0 6 6149 2518 3467 3466 2519 3465 
0 0 7 2520 2521 2522 6150 3464 3463 3462 
1 4753 3595
0 0 4 2523 6151 2524 2525 
1 4637 1043
0 0 4 6152 2526 3461 3460 
1 3738 3839
0 0 3 2527 2528 2529 
0 0 5 6154 6153 2530 3459 2531 
0 0 4 6155 3458 2532 2533 
1 5065 3385
1 336 5270
0 0 5 6156 2534 3457 3456 2535 
1 2709 4371
1 5607 5207
1 3426 4579
0 0 6 6157 2536 2537 3455 3454 3453 
0 0 7 2538 6158 2539 3452 3451 2540 3450 
0 0 3 6159 3449 3448 
0 0 4 2541 2542 2543 2544 
0 0 4 2545 2546 2547 2548 
0 0 3 6162 6161 2549 
1 1257 4081
0 0 2 6163 6160 
1 3005 4536
0 0 5 2550 6164 2551 2552 3447 
0 0 5 6165 2553 3446 2554 3445 
1 901 3518
0 0 6 6166 3444 3443 2555 3442 3441 
1 4906 2142
0 0 7 2556 6167 3440 3439 2557 3438 3437 
0 0 6 2558 2559 2560 6168 3436 2561 
1 2734 2800
0 0 4 2562 6169 2563 2564 
1 20 891
0 0 5 2565 6170 3435 3434 2566 
0 0 6 2567 6171 3433 2568 2569 3432 
0 0 6 2570 6172 2571 2572 3431 3430 
1 976 3313
0 0 5 6173 3429 2573 3428 2574 
1 923 4505
0 0 6 6174 3427 2575 2576 2577 2578 
1 728 5714
0 0 3 2579 6175 3426 
1 1774 605
0 0 3 6176 2580 3425 
1 5632 6035
1 878 2284
1 367 244
1 890 2985
0 0 6 2581 6177 3424 3423 2582 3422 
0 0 5 6178 2583 2584 2585 2586 
1 49 3314
0 0 2 2587 6179 
0 0 3 2588 2589 2590 
0 0 3 6181 2591 6180 
1 3242 3067
0 0 5 6182 3421 3420 3419 3418 
1 4842 6120
1 4490 2495
0 0 3 6183 2592 2593 
0 0 6 2594 6184 2595 3417 3416 3415 
1 5778 2795
0 0 3 2596 6185 3414 
1 2719 5436
1 5655 2009
1 3370 4896
1 4452 3140
1 5333 967
1 865 5286
1 1420 6171
0 0 4 2597 2598 6186 2599 
1 5358 1858
1 4517 2835
1 1547 4259
1 4035 1865
0 0 6 6187 3413 2600 3412 2601 2602 
0 0 7 6188 3411 2603 2604 2605 3410 2606 
1 4296 453
0 0 3 6189 3409 3408 
0 0 4 6190 3407 2607 2608 
0 0 2 6191 3406 
1 3801 2407
1 2457 3085
0 0 5 6192 3405 2609 3404 3403 
0 0 5 6193 3402 3401 2610 2611 
1 3182 3340
1 1176 4082
1 3164 3208
0 0 7 6194 2612 2613 2614 2615 2616 2617 
1 847 1717
0 0 2 2618 6195 
1 2060 1075
0 0 3 2619 6196 2620 
1 2086 5230
1 2079 5278
1 2147 5844
1 4859 4070
1 4059 2791
1 1749 418
0 0 4 2621 2622 2623 6197 
1 823 2890
0 0 4 6198 3400 3399 2624 
1 2594 1384
0 0 6 2625 2626 6199 3398 2627 2628 
0 0 4 6200 2629 3397 3396 
1 241 3678
1 4442 4106
1 1127 4269
1 120 2227
1 2515 2185
1 3785 4271
0 0 6 2630 6201 2631 3395 2632 2633 
0 0 3 2634 2635 2636 
0 0 2 2637 6203 
0 0 4 6204 2638 6202 3394 
0 0 5 6205 2639 2640 3393 3392 
0 0 5 6206 2641 3391 3390 3389 
1 5517 1725
0 0 5 6207 2642 3388 3387 3386 
0 0 6 2643 6208 3385 3384 3383 2644 
0 0 5 6209 2645 3382 2646 3381 
1 4673 249
1 94 1876
0 0 6 6210 3380 2647 2648 3379 3378 
0 0 3 2649 6211 3377 
1 4029 4364
0 0 4 6212 2650 3376 3375 
1 5592 13
1 538 4986
0 0 3 6213 2651 2652 
0 0 3 2653 6214 2654 
0 0 3 2655 6215 2656 
1 6141 272
1 5247 869
1 2963 1024
1 2270 5406
1 1119 2811
0 0 4 6216 3374 3373 2657 
0 0 6 6217 2658 2659 3372 2660 3371 
1 2836 888
1 6179 5149
1 3089 392
1 4867 598
1 4737 2788
1 1450 4751
1 5420 4115
0 0 3 2661 6218 2662 
0 0 5 6219 2663 3370 2664 2665 
1 3222 1993
0 0 2 2666 6220 
1 5130 3275
1 901 2004
1 442 1536
1 457 5976
1 3401 1241
0 0 6 2667 6221 2668 3369 2669 2670 
0 0 5 6222 3368 3367 3366 2671 
0 0 4 6223 2672 2673 3365 
0 0 5 2674 6224 3364 2675 3363 
1 250 5300
1 6073 140
1 2589 73
0 0 6 2676 2677 2678 6225 3362 3361 
1 5009 6126
1 3365 4301
1 4593 5834
1 258 2401
0 0 2 6226 3360 
0 0 2 2679 2680 
0 0 6 6228 6227 2681 2682 2683 2684 
0 0 7 6229 3359 2685 2686 3358 2687 2688 
0 0 3 6230 2689 3357 
1 5910 207
1 709 1729
0 0 4 6231 3356 3355 2690 
0 0 2 2691 2692 
1 3928 6128
1 1881 4932
1 1378 4770
0 0 5 2693 6233 2694 2695 2696 
1 3904 5171
1 3033 1039
0 0 4 2697 6234 2698 6232 
0 0 6 2699 2700 6235 2701 2702 3354 
0 0 6 2703 2704 2705 2706 6236 2707 
1 5048 3358
0 0 6 6237 3353 3352 2708 3351 2709 
0 0 6 6238 2710 2711 2712 2713 2714 
0 0 2 6239 3350 
0 0 2 2715 2716 
0 0 2 6241 2717 
1 5210 2239
1 2616 5711
0 0 3 6242 2718 6240 
0 0 4 6243 3349 3348 3347 
0 0 4 6244 3346 2719 3345 
0 0 6 2720 6245 3344 2721 2722 2723 
0 0 3 2724 2725 2726 
1 1853 2336
0 0 4 6247 2727 6246 3343 
1 1077 1408
1 5250 5659
0 0 6 2728 2729 6248 2730 2731 2732 
1 4208 1540
0 0 7 2733 6249 2734 3342 3341 3340 3339 
1 3173 916
1 1131 2244
1 4103 3503
0 0 7 2735 2736 2737 2738 6250 2739 3338 
1 195 3927
0 0 5 6251 3337 2740 2741 3336 
1 718 3780
1 2419 2417
0 0 6 2742 6252 3335 3334 2743 2744 
0 0 7 6253 3333 3332 3331 3330 2745 3329 
0 0 4 6254 3328 3327 2746 
0 0 4 2747 6255 3326 3325 
1 6163 105
0 0 5 2748 6256 3324 2749 3323 
1 1057 4418
0 0 7 2750 6257 2751 3322 3321 3320 3319 
0 0 5 2752 6258 2753 3318 3317 
1 331 5134
0 0 2 6259 2754 
1 3462 926
1 3210 3886
0 0 2 2755 2756 
1 3549 644
1 1176 1329
0 0 5 2757 2758 6261 6260 3316 
0 0 4 2759 6262 3315 3314 
1 125 1674
1 6189 4340
0 0 2 2760 2761 
1 6085 24
0 0 3 2762 6264 2763 
1 4312 2462
1 5233 504
0 0 6 2764 2765 6265 2766 2767 2768 
0 0 6 6266 2769 6263 3313 3312 2770 
0 0 5 6267 2771 3311 3310 3309 
0 0 5 6268 2772 3308 2773 3307 
0 0 2 2774 2775 
1 6035 5837
0 0 7 6270 2776 2777 2778 2779 2780 2781 
0 0 2 2782 2783 
1 1968 4528
1 6163 2280
1 5708 1788
1 6180 1286
1 1476 3380
0 0 2 2784 6272 
0 0 5 6273 6271 2785 2786 2787 
1 1345 4421
1 4019 5566
0 0 7 2788 2789 2790 2791 2792 6274 6269 
1 2666 6119
1 1278 1333
0 0 5 6275 2793 2794 3306 3305 
1 2660 4119
1 1087 1858
0 0 2 2795 6276 
0 0 2 2796 2797 
0 0 6 2798 6278 6277 3304 3303 3302 
1 1399 1061
0 0 6 6279 2799 3301 2800 2801 3300 
1 1998 2834
1 1887 4721
1 2378 1979
1 2850 6120
1 477 2744
0 0 7 2802 6280 2803 3299 2804 3298 2805 
1 5050 5505
1 4921 1177
1 3066 3741
0 0 3 6281 3297 3296 
1 3157 3957
1 4027 412
0 0 2 2806 2807 
1 2908 1526
0 0 2 6283 2808 
0 0 4 6284 2809 6282 3295 
0 0 2 6285 3294 
0 0 6 2810 2811 2812 6286 2813 3293 
1 5309 5410
0 0 7 2814 6287 3292 3291 3290 3289 2815 
1 5820 5555
0 0 3 2816 6288 2817 
1 1931 4444
0 0 5 6289 2818 3288 2819 3287 
0 0 6 6290 3286 3285 3284 3283 3282 
1 1679 4851
1 4609 5057
1 1799 3213
1 5155 5622
0 0 5 6291 3281 2820 2821 3280 
0 0 6 6292 2822 3279 3278 3277 2823 
1 896 3551
0 0 3 2824 6293 3276 
0 0 7 6294 2825 2826 3275 3274 3273 2827 
1 5052 2337
1 833 1824
0 0 7 6295 3272 3271 3270 2828 2829 2830 
1 5413 799
0 0 3 2831 2832 2833 
1 3428 1168
0 0 5 6297 2834 2835 6296 3269 
1 6154 1237
1 4546 558
1 1858 4916
0 0 5 2836 2837 2838 2839 6298 
0 0 6 6299 2840 3268 3267 3266 2841 
1 5830 5355
1 5834 1965
1 5515 1434
0 0 3 6300 2842 2843 
1 1360 5977
1 1209 5942
0 0 2 2844 6301 
0 0 2 6302 3265 
0 0 4 6303 2845 3264 3263 
0 0 5 6304 3262 3261 3260 3259 
0 0 2 6305 3258 
1 1145 4032
1 5604 752
1 2000 5042
1 723 5618
0 0 7 6306 3257 2846 2847 2848 2849 2850 
1 2648 787
0 0 6 6307 2851 2852 2853 2854 3256 
1 992 6024
1 1387 716
1 3986 2529
0 0 5 6308 2855 3255 2856 2857 
0 0 4 2858 2859 6309 2860 
0 0 3 6310 2861 3254 
1 1772 2092
0 0 7 6311 2862 2863 2864 3253 2865 3252 
0 0 6 6312 3251 3250 2866 2867 3249 
0 0 7 2868 6313 2869 3248 2870 3247 2871 
1 2450 138
1 5108 4265
1 3185 6240
0 0 2 2872 2873 
1 6308 2431
0 0 2 6315 6314 
0 0 6 6316 3246 2874 3245 2875 2876 
0 0 4 2877 2878 2879 2880 
1 913 5177
0 0 5 6318 2881 2882 2883 6317 
1 3837 4438
0 0 2 6319 3244 
0 0 4 2884 2885 6320 3243 
0 0 6 2886 6321 2887 3242 2888 2889 
0 0 4 2890 6322 2891 3241 
0 0 2 2892 6323 
0 0 6 2893 2894 6324 2895 2896 2897 
0 0 6 6325 2898 3240 3239 2899 2900 
1 2077 1830
1 1147 5016
1 1504 595
0 0 5 6326 2901 2902 2903 2904 
1 5119 1753
1 573 459
1 3372 3670
0 0 6 6327 3238 3237 2905 2906 3236 
0 0 3 6328 2907 3235 
1 1039 2261
1 1415 502
0 0 7 2908 6329 3234 3233 3232 3231 3230 
0 0 7 6330 3229 2909 3228 3227 2910 3226 
1 1995 839
0 0 3 2911 2912 2913 
1 3436 5511
0 0 5 2914 2915 2916 2917 6332 
1 4653 3141
1 2069 3587
1 2623 3511
0 0 7 2918 2919 6333 6331 3225 2920 2921 
1 4491 2885
1 703 5336
1 4503 2441
1 5977 2120
1 5526 2241
1 3423 2302
0 0 6 6334 2922 2923 3224 2924 2925 
1 1731 1339
0 0 5 2926 2927 2928 6335 2929 
1 1132 251
0 0 5 2930 2931 6336 3223 3222 
0 0 5 6337 2932 2933 2934 3221 
1 966 288
0 0 4 2935 2936 6338 2937 
1 2609 4610
1 1152 2969
0 0 3 2938 2939 2940 
1 5408 6199
0 0 5 6340 2941 2942 2943 2944 
1 3000 2642
1 726 1342
1 86 1329
1 2826 38
1 3054 5082
0 0 2 6341 6339 
1 3124 1705
1 171 3572
1 530 466
1 2940 2036
0 0 3 2945 6342 2946 
1 107 5668
1 862 1388
1 4551 1812
0 0 7 6343 2947 2948 3220 2949 3219 2950 
0 0 7 6344 3218 2951 2952 3217 3216 2953 
1 4606 876
0 0 7 2954 2955 6345 2956 2957 2958 2959 
0 0 2 6346 2960 
1 1825 5346
0 0 3 6347 3215 2961 
1 2157 791
1 660 2388
0 0 6 6348 3214 2962 2963 2964 2965 
1 1447 1257
0 0 5 6349 2966 2967 2968 2969 
0 0 7 6350 3213 3212 2970 2971 3211 3210 
0 0 7 6351 2972 3209 3208 3207 3206 3205 
1 4465 5234
1 2764 1834
1 3866 5790
0 0 6 6352 3204 2973 2974 3203 2975 
1 3090 1054
1 775 2333
1 138 3946
1 2384 5680
0 0 7 6353 3202 2976 3201 3200 2977 2978 
0 0 7 2979 2980 6354 3199 2981 2982 2983 
0 0 3 6355 2984 3198 
1 5829 72
1 1595 5863
1 790 2963
0 0 6 2985 6356 2986 2987 3197 2988 
0 0 2 2989 6357 
0 0 2 6358 2990 
0 0 6 6359 3196 3195 3194 3193 2991 
0 0 7 2992 2993 2994 2995 2996 6360 2997 
1 3687 2078
1 1182 1346
0 0 3 6361 2998 2999 
0 0 2 3000 3001 
1 1766 3122
0 0 7 6363 3002 6362 3003 3004 3005 3006 
0 0 3 6364 3007 3008 
1 3509 1545
1 3124 4261
0 0 3 3009 3010 3011 
0 0 5 3012 6366 3013 6365 3192 
1 1802 2433
0 0 2 6367 3191 
0 0 5 3014 6368 3015 3190 3016 
0 0 2 3017 6369 
1 331 230
1 3115 3160
1 3623 5131
0 0 6 3018 6370 3189 3188 3187 3019 
1 4458 3083
1 3691 2820
0 0 2 6371 3186 
1 642 3101
1 984 5453
1 1715 5561
0 0 2 3020 3021 
1 3310 3352
0 0 2 6373 3022 
1 6355 934
1 431 1991
0 0 4 6374 3023 6372 3185 
0 0 6 3024 6375 3025 3184 3026 3183 
0 0 3 3027 3028 3029 
1 4693 2726
0 0 2 3030 3031 
0 0 6 3032 6378 6377 6376 3033 3034 
1 4878 3795
1 6357 2867
0 0 2 6379 3182 
1 919 47
1 1695 4903
0 0 3 3035 6380 3181 
1 4616 2775
1 760 905
1 3430 1572
1 5270 5333
1 879 924
0 0 7 6381 3180 3036 3037 3038 3179 3039 
0 0 7 3040 6382 3178 3041 3177 3042 3176 
1 2334 1871
1 3791 860
0 0 4 6383 3175 3043 3174 
1 2196 5163
1 834 1636
0 0 4 3044 6384 3045 3046 
0 0 5 6385 3173 3047 3048 3049 
1 164 730
1 4837 157
0 0 5 6386 3050 3051 3172 3052 
0 0 7 3053 3054 6387 3171 3170 3169 3055 
1 2665 4210
0 0 6 3056 3057 3058 6388 3168 3167 
0 0 3 6389 3166 3059 
0 0 5 6390 3165 3164 3060 3061 
0 0 4 3062 6391 3163 3162 
0 0 3 3063 6392 3064 
1 3476 5970
1 1792 4635
0 0 3 6393 3161 3065 
1 6038 2302
1 4759 5717
1 2950 1792
1 4476 3646
1 2200 2313
1 3035 5402
1 4226 2644
1 3006 3557
0 0 6 3066 3067 3068 6394 3069 3160 
0 0 2 6395 3159 
1 1800 2712
0 0 5 3070 3071 3072 6396 3158 
1 6177 4690
1 57 186
1 952 1695
0 0 7 3073 3074 6397 3157 3156 3155 3154 
1 3359 291
1 733 6012
0 0 3 6398 3153 3152 
0 0 7 6399 3075 3151 3150 3076 3077 3149 
1 4193 6203
1 5263 2833
0 0 4 6400 3078 3148 3079 
0 0 6 3080 6401 3081 3147 3082 3083 
0 0 5 3084 6402 3085 3146 3086 
1 1977 2847
1 1082 530
0 0 7 3087 3088 3089 3090 6403 3145 3091 
0 0 2 6404 3092 
0 0 2 6405 3093 
0 0 5 3094 3095 6406 3144 3096 
0 0 7 3097 3098 3099 6407 3143 3100 3101 
0 0 2 3102 6408 
1 574 3389
1 4997 1973
0 0 5 6409 3103 3142 3141 3104 
1 5302 562
1 4855 4502
1 3609 3624
1 2723 2239
1 6054 2152
1 5353 5557
1 3237 4302
0 0 2 6410 3140 
1 5431 3947
1 5458 4962
1 5915 6051
1 2315 1335
1 5174 876
1 6214 1746
0 0 7 6411 3139 3138 3137 3136 3135 3105 
1 3845 1939
1 3142 1000
1 1023 3015
1 4589 4855
1 5307 5180
1 1777 4299
0 0 6 3106 6412 3134 3107 3133 3108 
0 0 4 6413 3109 3110 3111 
1 215 1475
1 2584 3823
0 0 4 6414 3112 3113 3132 
0 0 2 6415 3114 
1 2278 2472
1 3000 518
0 0 4 3115 6416 3131 3130 
1 5906 2906
1 4059 2235
0 0 4 3116 3117 3118 3119 
1 3186 6355
1 5423 449
0 0 2 3120 3121 
1 1729 4931
1 6394 6094
1 4410 5720
1 445 3297
1 3828 3010
1 2836 5027
1 666 989
1 3601 1682
1 617 3632
1 6223 3874
1 5457 164
1 5335 2892
1 5175 2403
1 3518 797
1 4545 5273
1 3350 4382
1 2365 4222
1 2468 3429
1 3343 2185
1 6347 2023
1 1263 4045
1 199 81
1 4 2175
1 465 3343
1 456 5688
1 5590 101
1 2235 6127
1 5357 3877
1 1990 360
1 2014 4625
1 5647 3792
1 1084 5135
1 5584 1185
1 6099 4178
1 4489 1779
1 1466 1002
1 3837 633
1 1662 1353
1 967 5754
1 4417 28
1 3047 5486
1 2738 5301
1 5594 3115
1 2710 1545
1 254 1660
1 6050 2860
1 4376 2883
1 1952 770
1 1633 2027
1 4966 2601
1 272 980
1 3544 2721
1 5466 5597
1 5268 1193
1 1353 2654
1 5244 5220
1 4323 2551
1 4161 4504
1 501 3621
1 1775 4314
1 5643 1058
1 1479 4564
1 5640 6127
1 5520 5091
1 4427 2829
1 5804 5885
1 5874 1141
1 4990 6068
1 6170 5775
1 4465 3202
1 1958 6169
1 1936 2384
1 2627 5994
1 6260 5996
1 4187 5883
1 4187 1013
1 5609 4913
1 4841 249
1 5063 3522
1 4077 379
1 1277 5719
1 1528 3028
1 762 4227
1 1433 6397
1 4849 2076
1 193 2317
1 2709 1497
1 3878 622
1 1492 4447
1 2905 3411
1 5508 4298
1 1073 5096
1 1714 2624
1 5819 5637
1 853 682
1 3910 1884
1 5611 2927
1 5429 3213
1 887 4762
1 4475 2674
1 233 2011
1 2606 1151
1 2618 953
1 967 1822
1 1738 6386
1 6070 3804
1 956 3085
1 3826 2474
1 4938 2014
1 1714 1543
1 540 5306
1 6224 2958
1 2116 5575
1 4798 2401
1 1890 3247
1 5446 1022
1 4060 5307
1 2246 5783
1 535 2530
1 4699 2514
1 5335 3706
1 2437 2296
1 2486 6310
1 3747 1076
1 5353 2938
1 5555 3784
1 1702 2431
1 3409 4870
1 549 5250
1 3516 5428
1 4052 1155
1 2124 63
1 3151 2935
1 1808 2944
1 1083 3029
1 5106 506
1 5296 2316
1 6385 2681
1 5943 4753
1 5036 5032
1 3521 1989
1 3835 5817
1 6033 1480
1 5920 575
1 5947 4941
1 4462 1229
1 667 1809
1 5385 4080
1 1784 5817
1 2140 1989
1 3279 3710
1 3457 3459
1 5254 3626
1 4799 2406
1 3853 4801
1 5723 5284
1 6166 2952
1 4730 269
1 4404 1735
1 2578 5669
1 3762 2698
1 3304 122
1 270 5804
1 758 2012
1 2614 4335
1 3444 5274
1 5993 4084
1 5139 255
1 1110 3673
1 6248 5931
1 6075 6173
1 2167 4297
1 2806 2527
1 4934 5883
1 655 1315
1 2843 1089
1 4194 4081
1 2937 2280
1 3870 1381
1 953 1977
1 3428 5244
1 4916 3041
1 548 3235
1 4694 3469
1 5655 3732
1 3671 4690
1 6096 2807
1 1669 6249
1 4012 1203
1 503 5030
1 3464 5630
1 6327 4988
1 1166 78
1 2350 964
1 5412 3539
1 4830 3150
1 20 2339
1 4985 5350
1 1226 2173
1 3455 4237
1 6072 5410
1 2805 1525
1 2641 2957
1 919 5697
1 2206 6274
1 4222 2951
1 3321 4276
1 4384 1378
1 2303 4624
1 1683 3455
1 3606 1745
1 2400 1566
1 1309 3760
1 5188 3124
1 218 1827
1 2881 4747
1 5167 158
1 3540 216
1 5327 5945
1 3702 4226
1 5114 4145
1 1789 3541
1 4057 3325
1 4746 2274
1 4038 2559
1 2634 5146
1 6011 2844
1 6386 3075
1 1490 1474
1 168 5302
1 4089 6343
1 4074 1530
1 5490 1815
1 2601 1625
1 5643 5069
1 1468 5781
1 2237 3552
1 2902 6379
1 6168 6314
1 3965 1171
1 886 5218
1 5247 1353
1 4793 6166
1 4986 4206
1 1308 3938
1 4023 4604
1 5031 6194
1 5378 3043
1 3592 546
1 3302 740
1 290 5562
1 2317 1518
1 5110 2854
1 5102 5426
1 3062 4907
1 203 3267
1 626 1815
1 434 3991
1 364 4686
1 584 3381
1 4542 5156
1 4878 3083
1 2063 142
1 2521 3542
1 5368 6410
1 2868 5298
1 2293 4200
1 6118 3046
1 4158 3745
1 4240 4554
1 3187 3694
1 1417 4136
1 6331 845
1 54 3304
1 6030 2776
1 1375 6331
1 1014 4737
1 3105 2962
1 1295 2155
1 5297 4538
1 601 4633
1 2621 4768
1 5555 2809
1 3401 2497
1 2187 5187
1 3646 5248
1 5622 900
1 4678 1104
1 5981 4039
1 1832 318
1 517 2537
1 3015 3364
1 5901 1204
1 5130 6068
1 3429 5851
1 3560 2674
1 3701 2852
1 5584 4174
1 1142 3008
1 4889 4332
1 5034 4816
1 3432 602
1 1769 2011
1 4988 4780
1 2243 2568
1 1003 2573
1 2112 1041
1 5561 5452
1 5953 1001
1 2257 2404
1 3008 968
1 5907 323
1 2709 425
1 787 2856
1 3097 773
1 3472 5280
1 5205 4568
1 3344 3926
1 5100 6273
1 44 6185
1 6020 1676
1 4674 2937
1 3296 4261
1 1771 4367
1 2054 1978
1 5167 165
1 1740 5593
1 5600 5926
1 6349 5965
1 3778 4941
1 3978 6239
1 5146 5019
1 1611 4596
1 2899 2155
1 1629 980
1 2737 4177
1 5224 5657
1 701 6413
1 190 1189
1 5400 1809
1 2599 1937
1 5604 3636
1 6198 1054
1 2095 917
1 5882 413
1 2073 5139
1 3596 576
1 6176 6366
1 4113 4864
1 4647 1305
1 901 4024
1 5180 4415
1 2643 217
1 4253 6230
1 1811 904
1 6307 256
1 2176 6082
1 2838 5146
1 3569 1974
1 4121 1708
1 1980 2122
1 5039 2654
1 5521 115
1 3447 5798
1 6273 5577
1 4610 2419
1 1593 6111
1 5067 3124
1 4982 5745
1 3023 3151
1 1480 3359
1 2178 2516
1 1110 4658
1 3692 2620
1 652 5703
1 4253 3936
1 5235 2333
1 3657 4773
1 4405 4129
1 5856 4497
1 4361 5411
1 2244 4369
1 168 2477
1 1873 2710
1 4605 2669
1 2370 3925
1 995 1944
1 474 1505
1 3214 3036
1 5327 155
1 1977 4459
1 343 5496
1 3288 2151
1 2603 2813
1 2809 5643
1 989 3718
1 4557 3072
1 4122 2173
1 4389 3764
1 4554 799
1 522 1995
1 3371 4365
1 2039 1335
1 2858 121
1 2027 2094
1 2321 2015
1 5968 5335
1 1070 4276
1 266 5147
1 5260 2056
1 1823 3216
1 1050 297
1 6251 5250
1 3543 879
1 5965 813
1 4639 377
1 4802 3488
1 507 4069
1 2296 1803
1 5987 5153
1 782 2986
1 6252 5287
1 2943 6017
1 3469 3501
1 4035 2670
1 4898 5282
1 1969 136
1 1434 3760
1 2790 6237
1 5993 5599
1 3400 2447
1 579 4565
1 536 1379
1 916 4924
1 2915 412
1 3716 210
1 82 3748
1 2255 3819
1 5026 3412
1 5325 4184
1 381 6294
1 4973 3217
1 2909 4834
1 3854 2482
1 5419 1412
1 4054 959
1 4352 5264
1 3170 5463
1 1430 4555
1 4448 1947
1 5621 5685
1 5626 3289
1 5310 5095
1 773 5217
1 2200 4790
1 2791 614
1 4536 3838
1 3955 5976
1 1306 5964
1 4405 5713
1 4985 3758
1 1823 5633
1 2566 2319
1 5080 4726
1 4819 1385
1 3203 570
1 4983 6347
1 2168 863
1 5616 2470
1 712 4634
1 4990 1247
1 620 727
1 2593 4882
1 1729 28
1 3524 3242
1 608 3635
1 3336 5761
1 965 5529
1 779 1176
1 1754 3224
1 283 2894
1 4386 1040
1 1024 865
1 2793 6134
1 2939 185
1 798 3692
1 1454 3466
1 1456 5377
1 3129 4136
1 3386 1527
1 3534 4443
1 1255 2355
1 5645 3015
1 1474 5220
1 3154 3807
1 6263 2617
1 4246 390
1 2634 736
1 113 1452
1 5246 457
1 5635 6060
1 1561 2601
1 938 37
1 5619 4162
1 3552 894
1 4548 547
1 39 5789
1 2412 1228
1 5938 6286
1 2522 1670
1 3342 5992
1 729 1423
1 3575 4722
1 346 3788
1 5305 5278
1 2799 956
1 5727 3725
1 3418 4090
1 5647 3731
1 5517 3573
1 3442 5057
1 4000 2161
1 6382 1991
1 632 5194
1 4641 4410
1 799 5239
1 1901 2695
1 5236 6278
1 3027 1161
1 5788 5204
1 3209 5065
1 5166 4973
1 3494 1431
1 3738 5960
1 4190 3061
1 1118 4376
1 2180 1462
1 2717 4980
1 1622 1130
1 4061 1264
1 1663 2017
1 1920 4675
1 5156 5143
1 933 4219
1 449 1574
1 2209 4932
1 2505 4929
1 5795 1003
1 353 5679
1 2600 2896
1 1843 1213
1 169 1435
1 4976 4635
1 2286 846
1 4549 5532
1 1133 5848
1 2710 3825
1 3743 4900
1 1177 3188
1 5353 2368
1 4446 3765
1 3584 700
1 1799 1395
1 5976 6224
1 1963 247
1 2292 820
1 3069 5217
1 26 4212
1 3138 6238
1 768 4501
1 4204 459
1 278 5222
1 3924 6042
1 2195 6174
1 3105 4909
1 1062 467
1 4172 1234
1 528 2778
1 2805 1305
1 4130 6320
1 5100 2932
1 5291 4812
1 892 3074
1 292 5246
1 1890 4945
1 893 1727
1 693 3526
1 3156 1732
1 6230 1487
1 5212 3703
1 4419 5983
1 3006 2094
1 5960 5496
1 2935 3037
1 1298 1507
1 6302 1582
1 2523 4827
1 2133 3448
1 3551 754
1 5105 119
1 2774 5371
1 4265 4236
1 4352 3578
1 2512 1810
1 1659 369
1 5126 5496
1 315 1333
1 2387 4150
1 158 922
1 3315 1729
1 617 489
1 3991 3213
1 3534 2008
1 355 2681
1 1697 1478
1 3363 3681
1 2528 2750
1 5258 7
1 301 2712
1 5728 1723
1 5099 5503
1 2519 3894
1 5725 5795
1 4687 3865
1 5358 4502
1 1420 1773
1 5394 3077
1 4881 5749
1 5473 5460
1 2297 1535
1 995 195
1 4772 537
1 3821 3176
1 1815 4557
1 418 5450
1 4070 2159
1 3705 3920
1 870 6147
1 5884 4621
1 5492 1250
1 529 2158
1 6006 4942
1 2216 4294
1 5361 325
1 1789 5312
1 6070 3286
1 960 2450
1 871 3247
1 1385 6251
1 3551 2616
1 6005 1970
1 4730 1235
1 1313 908
1 4881 372
1 2789 6175
1 5216 2263
1 1694 4157
1 448 3144
1 2886 2971
1 4918 6242
1 5435 6185
1 5929 2973
1 2805 1117
1 576 3053
1 3061 4140
1 5582 3352
1 1374 3192
1 5210 3731
1 2071 1732
1 1180 331
1 5200 5610
1 4724 1449
1 1814 2996
1 923 5830
1 3972 2342
1 1284 6372
1 4144 2057
1 5741 6300
1 5352 992
1 1628 4846
1 1370 5289
1 5755 4972
1 1788 1656
1 566 1866
1 2754 1729
1 4222 4089
1 2097 3212
1 2752 3257
1 1408 5935
1 1441 5631
1 2362 195
1 2359 574
1 358 5406
1 4430 2908
1 3725 3776
1 6317 3363
1 5101 1944
1 4037 1594
1 1491 1382
1 4212 4848
1 2693 3633
1 1681 2215
1 881 1644
1 4718 2699
1 2534 4307
1 1523 4310
1 2272 396
1 1352 5662
1 1314 3458
1 3171 2728
1 1625 4322
1 5363 820
1 984 5992
1 3055 2353
1 2892 4263
1 183 4848
1 6213 2624
1 354 5737
1 5603 1184
1 5710 4745
1 3192 646
1 5953 1503
1 3735 4511
1 1148 5373
1 3787 1324
1 5912 592
1 699 6184
1 1247 4705
1 5986 4547
1 460 2820
1 4627 2838
1 4233 519
1 5338 873
1 2048 3714
1 1029 1082
1 5997 4574
1 5696 170
1 2344 2322
1 4986 21
1 567 2166
1 4580 4479
1 2041 1842
1 5505 340
1 5544 4390
1 1106 4984
1 765 1166
1 2942 3133
1 3480 1408
1 5854 5365
1 86 2655
1 4182 3137
1 1942 2216
1 5340 1882
1 2032 1065
1 6417 5535
1 999 5399
1 98 5727
1 4123 4928
1 1859 1228
1 3242 5826
1 1436 3740
1 4479 287
1 3651 1982
1 2955 845
1 6136 2640
1 2027 507
1 6160 4061
1 3633 4711
1 4848 3435
1 3181 2424
1 3211 5554
1 5277 5983
1 2214 672
1 5762 5421
1 5089 2599
1 525 1070
1 2337 4083
1 4590 4738
1 4547 6109
1 1906 5257
1 5967 1063
1 4873 694
1 4003 944
1 815 1653
1 6294 4787
1 895 3959
1 968 3501
1 3834 2098
1 3831 4240
1 2738 1514
1 2344 804
1 6054 2815
1 4248 322
1 2472 3750
1 6131 2677
1 1843 3930
1 6263 965
1 4745 2365
1 1672 2939
1 1322 1477
1 2701 2537
1 1676 3248
1 414 4291
1 6232 4989
1 5520 3793
1 2243 6233
1 3687 5583
1 3292 1054
1 3818 1330
1 501 6391
1 724 2653
1 3525 4327
1 3856 4830
1 6216 3859
1 5816 2675
1 4924 4876
1 1157 1830
1 1554 4923
1 3026 4376
1 1689 4273
1 6331 5997
1 3281 3001
1 2633 6037
1 249 3278
1 5446 2754
1 3270 6278
1 1207 3659
1 2594 1341
1 4587 6356
1 6048 3591
1 5864 1955
1 2953 6109
1 4560 2084
1 999 3905
1 3030 3730
1 4390 6373
1 4019 1746
1 5150 5619
1 5676 1194
1 1864 1335
1 1594 5157
1 5694 2961
1 5533 330
1 4472 241
1 4293 4175
1 3512 4998
1 4095 2469
1 3715 6396
1 1885 23
1 5801 2024
1 667 6057
1 4410 187
1 188 6217
1 5976 5891
1 197 4117
1 3991 895
1 2151 4000
1 4642 4475
1 1773 6094
1 332 144
1 1941 3336
1 2819 2889
1 513 5546
1 1962 2936
1 2111 2015
1 3726 4201
1 5868 873
1 4053 460
1 2832 2365
1 2628 3105
1 5076 1120
1 4931 3928
1 3031 5973
1 5454 4714
1 3848 1734
1 1111 1099
1 3746 3341
1 2603 4724
1 932 2458
1 5938 2477
1 2470 3571
1 1808 2346
1 5377 3947
1 917 4249
1 151 2367
1 5958 6275
1 2273 2035
1 5303 1108
1 1063 4291
1 3985 5002
1 5738 6155
1 3022 3238
1 5950 2598
1 1624 766
1 4739 6247
1 274 4305
1 5322 3430
1 5339 5785
1 1423 2866
1 503 2625
1 3684 5926
1 2512 738
1 4602 5022
1 2210 6410
1 822 382
1 1339 4534
1 6042 705
1 5084 3421
1 6283 3209
1 6119 1926
1 4122 2631
1 5007 4085
1 2598 118
1 1356 4453
1 1210 5394
1 4933 3699
1 2973 2634
1 3905 5069
1 4875 6158
1 2023 1390
1 4993 183
1 1010 5811
1 604 2510
1 4467 455
1 3557 1560
1 1931 5306
1 565 59
1 3937 5933
1 2766 3550
1 472 2128
1 2551 1205
1 3455 3449
1 5971 3720
1 728 6390
1 2033 708
1 6216 3738
1 153 6350
1 341 2942
1 3289 5488
1 670 5893
1 5270 6071
1 596 2910
1 2799 5832
1 1151 4982
1 3369 5263
1 216 5375
1 1275 2850
1 2695 4165
1 40 2676
1 142 650
1 367 3241
1 5062 4146
1 162 3520
1 3636 3637
1 2025 6166
1 2540 315
1 4592 164
1 4545 2754
1 3328 428
1 841 3482
1 4131 4361
1 2029 674
1 319 777
1 4473 4148
1 1352 385
1 2971 1966
1 2554 3868
1 4946 3574
1 6312 6222
1 4925 404
1 4831 1605
1 4294 5923
1 3950 2056
1 456 3704
1 5763 3652
1 1908 565
1 2570 1029
1 3888 3357
1 5010 2836
1 3025 3121
1 1565 1971
1 1994 138
1 4704 2942
1 1111 1463
1 3670 2774
1 2230 6375
1 1429 960
1 2866 552
1 6182 1007
1 5210 4729
1 5324 2131
1 6297 4396
1 3201 5555
1 3312 6065
1 1231 2838
1 987 5804
1 5927 1611
1 2763 6108
1 3713 5712
1 2222 3050
1 2894 3311
1 3052 2089
1 4275 1117
1 5748 539
1 3690 2265
1 6024 5864
1 634 1708
1 4860 4975
1 4372 552
1 1640 489
1 2259 3877
1 5018 3150
1 276 1041
1 407 6031
1 5058 2301
1 1603 4957
1 2167 5005
1 1235 4455
1 6289 5214
1 5718 6305
1 6209 5201
1 5852 889
1 2478 4263
1 1341 4675
1 4574 3069
1 886 3365
1 2895 2723
1 4581 3723
1 886 106
1 609 4362
1 3246 4419
1 2662 3716
1 4134 3594
1 3536 1002
1 2157 982
1 2936 4901
1 3663 4433
1 1670 4749
1 2646 6349
1 4677 5439
1 2992 2282
1 1224 4727
1 3832 5979
1 2402 3106
1 5155 1310
1 4128 2552
1 4632 1899
1 5204 956
1 4522 1648
1 624 4867
1 2463 5322
1 5098 1854
1 1432 2655
1 6149 404
1 4958 4268
1 811 5848
1 4376 5785
1 3918 5372
1 2211 2404
1 74 5776
1 2008 5416
1 4709 4888
1 3529 2382
1 3176 5142
1 2751 3655
1 3307 6104
1 5162 4137
1 390 6062
1 666 1836
1 3425 5392
1 80 5227
1 3751 4770
1 4534 3362
1 1514 1719
1 390 911
1 2693 3498
1 3693 3272
1 5394 5666
1 4809 29
1 6151 3990
1 4419 4136
1 563 5609
1 2706 599
1 3256 4574
1 5691 1864
1 1889 339
1 5953 3093
1 4301 3527
1 438 2683
1 4543 2960
1 214 818
1 3521 446
1 2896 3392
1 5740 625
1 5267 2618
1 6234 2952
1 3312 1266
1 3294 279
1 1792 5306
1 6399 2868
1 1881 1787
1 452 3562
1 5910 552
1 4193 6101
1 4999 3318
1 1749 1419
1 646 3550
1 5458 2776
1 6098 6027
1 2795 5865
1 2957 5274
1 4020 6259
1 2542 4573
1 1689 6407
1 3953 5359
1 3975 4420
1 2927 4818
1 4851 5891
1 4631 2001
1 2074 5027
1 2498 2141
1 3901 3911
1 6090 4002
1 3077 2781
1 3789 3816
1 5672 4286
1 3089 5942
1 6344 6113
1 1139 3160
1 437 3012
1 33 1656
1 5153 3397
1 5236 3565
1 845 875
1 3822 4206
1 3246 2124
1 2230 5991
1 4119 1070
1 4293 5532
1 1948 2526
1 1644 6285
1 681 3415
1 2082 4771
1 2200 2248
1 5161 241
1 4173 213
1 1649 4635
1 5725 834
1 2617 2543
1 1101 4855
1 430 3159
1 3415 574
1 4222 3068
1 38 5043
1 3089 663
1 6220 2546
1 4264 2133
1 843 3728
1 3779 6047
1 4414 3171
1 1365 3409
1 2340 5398
1 2814 1663
1 2241 4048
1 5196 3357
1 4747 4794
1 5569 5008
1 414 1512
1 2393 446
1 4160 5559
1 1972 6174
1 3748 4867
1 5157 5429
1 2554 822
1 4647 3263
1 883 5649
1 2824 6264
1 3902 5354
1 4972 5463
1 4971 3958
1 94 2662
1 1549 1305
1 5917 2782
1 5301 1950
1 5714 3228
1 820 1592
1 1265 2093
1 360 6113
1 1340 4735
1 5154 3277
1 2306 1869
1 4618 337
1 4476 4859
1 3003 3832
1 4892 5599
1 5162 665
1 1406 1453
1 1577 3878
1 1272 3457
1 1735 4184
1 2932 3674
1 3854 1441
1 5201 854
1 3731 4383
1 5636 5764
1 3929 566
1 6227 3671
1 2998 1753
1 5457 5824
1 4459 6351
1 6187 4298
1 1701 1390
1 1975 1122
1 97 777
1 4761 263
1 1170 607
1 2360 4583
1 3752 59
1 4948 598
1 3582 980
1 2702 2370
1 4508 113
1 3158 2714
1 5223 4124
1 3589 2019
1 3373 3801
1 5308 86
1 270 2933
1 5794 3514
1 5644 6312
1 184 2173
1 4118 3425
1 3515 2482
1 763 4909
1 6085 5020
1 4212 899
1 4641 577
1 4507 5932
1 1865 186
1 5121 1353
1 2454 2946
1 4349 822
1 2994 5954
1 5738 5262
1 4837 5562
1 756 2108
1 1939 2813
1 2731 743
1 3219 3833
1 3851 1802
1 2585 6347
1 2117 5209
1 4053 1309
1 3050 5426
1 1120 528
1 5521 1349
1 4037 4063
1 5583 2709
1 2663 5688
1 2826 6061
1 4612 2976
1 3779 4516
1 774 100
1 5467 3045
1 4474 69
1 2192 4192
1 3190 3387
1 5364 4475
1 708 2353
1 2503 1426
1 5033 5438
1 1035 261
1 3126 4999
1 4300 2393
1 1332 327
1 4185 5714
1 3239 5906
1 4276 2229
1 939 3876
1 360 1612
1 3377 1365
1 4211 2583
1 3017 6063
1 1452 131
1 3077 1982
1 4718 2558
1 698 2364
1 4664 3289
1 6319 5924
1 4159 877
1 3570 443
1 987 4213
1 5868 5861
1 1832 2093
1 4188 5629
1 4990 5650
1 6053 5999
1 6188 2757
1 1823 3625
1 2309 3344
1 3943 1280
1 2502 2591
1 6183 5180
1 5400 4411
1 6086 2742
1 2984 4147
1 913 3320
1 3352 3664
1 4402 283
1 6305 5314
1 2038 4581
1 289 6266
1 3529 5647
1 6329 4403
1 4479 817
1 5034 1585
1 351 1091
1 231 3415
1 3920 1736
1 2375 5805
1 3089 5736
1 75 5120
1 210 346
1 1631 5743
1 6405 6079
1 2831 87
1 2726 1708
1 1389 4919
1 5750 567
1 2645 185
1 5013 1454
1 6134 4236
1 6028 4573
1 969 1794
1 3728 5506
1 13 5740
1 1605 444
1 1189 3705
1 5547 5403
1 4936 595
1 5724 18
1 5568 5846
1 1073 3811
1 4424 5174
1 5395 435
1 3913 719
1 6416 825
1 156 3716
1 5785 1169
1 2143 2920
1 3926 1216
1 758 5217
1 5229 2582
1 1972 4392
1 5187 886
1 5005 420
1 2004 1062
1 3534 5349
1 5382 2871
1 2880 3614
1 4791 4873
1 1471 3647
1 2060 639
1 4799 2449
1 2597 5860
1 793 6156
1 1333 3872
1 3563 2457
1 3547 1348
1 3199 4666
1 3078 3071
1 2590 199
1 2656 529
1 1615 2547
1 3610 3508
1 667 1607
1 1994 3829
1 329 6334
1 1640 1360
1 695 368
1 682 1670
1 5500 2702
1 5959 4761
1 2914 5294
1 300 2635
1 5710 1289
1 3918 1207
1 2821 741
1 6151 2781
1 928 4597
1 2678 72
1 924 998
1 4839 1274
1 3530 1006
1 5664 6061
1 3568 3915
1 3011 903
1 866 367
1 3620 6283
1 4911 2784
1 3353 6086
1 5445 2493
1 2258 8
1 3133 3705
1 4271 4180
1 4459 2064
1 1705 1304
1 961 923
1 4738 1736
1 60 3856
1 2053 5945
1 4521 5649
1 4771 62
1 6365 5992
1 4400 1913
1 2724 5768
1 4301 1715
1 2645 6008
1 1955 163
1 2034 2528
1 6230 1341
1 2762 4332
1 2488 313
1 3794 2500
1 1396 5123
1 1729 2611
1 5902 4859
1 4657 985
1 2463 1621
1 4043 2869
1 5580 2997
1 2652 1290
1 2119 4932
1 1507 2173
1 5707 1840
1 5875 3096
1 968 2577
1 637 2315
1 5807 3958
1 2425 1916
1 4441 3557
1 1616 2832
1 4327 3889
1 2240 2358
1 3100 5371
1 3562 6384
1 1376 2350
1 5420 6265
1 3575 4198
1 276 5055
1 5188 5276
1 432 4236
1 2473 3991
1 1288 980
1 6170 3579
1 3896 5458
1 1244 3481
1 1080 1996
1 5924 2937
1 2530 951
1 1261 6066
1 102 3768
1 155 4523
1 240 748
1 3475 5264
1 582 173
1 4140 360
1 3737 3512
1 5167 1742
1 5855 5396
1 521 4864
1 3665 921
1 3559 1944
1 3610 5045
1 4868 819
1 2491 2096
1 598 6123
1 219 405
1 3418 5560
1 5374 97
1 3604 2022
1 5727 5600
1 5742 2288
1 2674 5926
1 2225 3284
1 2894 621
1 3925 3474
1 3361 5578
1 5489 5931
1 1055 4887
1 1524 5625
1 3893 602
1 3509 3436
1 1587 2401
1 4869 3185
1 4089 6181
1 6137 4594
1 3189 6064
1 6279 2770
1 3952 65
1 4867 561
1 5763 4291
1 4626 2496
1 870 6235
1 1467 2490
1 4530 60
1 4774 138
1 3138 801
1 4011 6019
1 1556 2221
1 2307 2101
1 5158 5576
1 3767 4816
1 2584 750
1 3254 2739
1 2400 5725
1 2588 296
1 3580 2173
1 1065 5856
1 5229 2327
1 2359 2653
1 1842 894
1 78 1441
1 3563 362
1 5774 6258
1 3103 845
1 6128 4555
1 1403 5788
1 2370 5945
1 1487 4652
1 4230 2098
1 4020 4609
1 1266 3248
1 4476 3940
1 5343 4553
1 5954 5519
1 3305 4990
1 2418 4107
1 5557 5775
1 45 3728
1 46 3722
1 263 2242
1 6220 207
1 888 2110
1 4039 4189
1 2302 232
1 3894 2462
1 6396 563
1 1780 114
1 1374 5662
1 183 6269
1 3318 1000
1 4770 805
1 6004 3140
1 1611 2214
1 5020 844
1 6248 4355
1 5394 123
1 655 5779
1 1560 1427
1 5953 4176
1 5600 1107
1 6114 3811
1 209 3214
1 2879 4293
1 1991 1469
1 560 127
1 1447 515
1 2382 1653
1 535 3353
1 2659 3150
1 2419 4298
1 4991 5910
1 1800 3500
1 2426 2063
1 3454 2442
1 4155 634
1 366 5001
1 5286 5455
1 1349 6266
1 2110 541
1 2707 2324
1 2340 885
1 1962 3057
1 1516 4798
1 3621 3378
1 5499 783
1 3133 4258
1 3534 5123
1 2220 2409
1 3025 656
1 5922 2085
1 271 413
1 6315 348
1 3945 3763
1 4809 5344
1 2931 137
1 2815 546
1 2822 678
1 5217 89
1 5454 4861
1 1795 1083
1 1467 2711
1 2488 3432
1 4195 1152
1 2804 170
1 4083 816
1 3431 4849
1 1874 5722
1 3745 4300
1 3842 2153
1 2404 4571
1 2193 4621
1 1189 2040
1 2175 3050
1 824 5491
1 1963 4959
1 1075 145
1 5957 1627
1 3192 2892
1 2214 1357
1 4274 487
1 2664 3433
1 3714 967
1 5516 3054
1 3578 1630
1 4434 4343
1 4747 696
1 2223 3504
1 838 6137
1 2417 3486
1 5300 1725
1 2717 4565
1 94 3212
1 3888 6077
1 2644 6214
1 4676 5206
1 2909 5853
1 4199 1050
1 835 1193
1 4437 753
1 3721 4432
1 825 4862
1 3247 6353
1 6021 6242
1 6170 1594
1 5701 3076
1 661 534
1 3112 6207
1 6194 4172
1 2199 3297
1 70 5293
1 5021 1624
1 1063 2162
1 3295 1203
1 956 618
1 2099 5188
1 286 5450
1 5600 5227
1 403 5518
1 2524 4119
1 2650 4748
1 5945 4358
1 4186 2123
1 3652 214
1 4792 5262
1 926 1626
1 6176 3127
1 492 1337
1 687 4125
1 6022 6413
1 5717 1059
1 2229 2416
1 1263 1909
1 2418 4748
1 1836 1202
1 4812 5613
1 4757 5699
1 3984 5652
1 5321 846
1 1359 3543
1 3496 5715
1 1419 703
1 1804 4841
1 2628 3787
1 3452 6282
1 5059 1835
1 2571 5728
1 398 4798
1 5594 3254
1 2773 630
1 3591 1400
1 1628 2641
1 2898 617
1 6388 5582
1 3279 1761
1 4770 4067
1 5991 5920
1 2572 3872
1 1515 3559
1 4061 6108
1 996 5327
1 2495 1536
1 4322 3478
1 2271 1974
1 2844 1951
1 6042 5059
1 5284 567
1 4520 909
1 5079 2114
1 672 3262
1 2131 1637
1 820 3121
1 813 4145
1 6097 2452
1 2102 608
1 3553 6372
1 1087 1833
1 3075 3630
1 228 3040
1 1777 5355
1 161 6061
1 5138 253
1 3791 4027
1 2227 2774
1 5097 2861
1 1592 1487
1 3787 6397
1 3511 2415
1 5140 1349
1 758 1062
1 4089 5666
1 3009 6101
1 5396 4726
1 3928 5667
1 1204 3836
1 2395 3510
1 4370 2333
1 2275 185
1 626 3307
1 223 2556
1 3799 1688
1 4350 1341
1 5137 3949
1 499 1627
1 410 50
1 6385 3273
1 2357 2325
1 6323 1323
1 6049 4050
1 1464 3194
1 1050 2500
1 3181 1730
1 3042 2999
1 2304 1358
1 5443 1404
1 4326 1971
1 2376 5081
1 786 4377
1 4728 3623
1 2225 2054
1 4229 92
1 2331 1318
1 2038 725
1 2465 5950
1 5379 362
1 1625 6234
1 4602 481
1 956 6173
1 6254 1292
1 5578 5416
1 1914 218
1 2766 3644
1 4784 6279
1 784 4423
1 1657 5153
1 829 835
1 5703 5015
1 4169 5652
1 91 3683
1 793 6310
1 4422 3931
1 2259 5340
1 5236 4304
1 2121 5224
1 4499 3302
1 2769 3216
1 3077 4069
1 5432 929
1 5300 3394
1 4508 752
1 5371 2406
1 1434 2420
1 5880 2242
1 2823 482
1 2073 1589
1 3025 2372
1 2420 2261
1 4125 4132
1 5592 3546
1 4 3803
1 3344 4006
1 1627 4762
1 2037 1340
1 2518 5735
1 5714 6045
1 4296 5596
1 4909 5904
1 2202 5870
1 2625 840
1 5103 5190
1 2186 3667
1 3 5770
1 3231 1632
1 2552 5488
1 2865 1122
1 1443 5981
1 3592 3833
1 1846 3488
1 352 1279
1 3503 2116
1 2684 4776
1 281 3700
1 2426 5279
1 3391 1877
1 2953 4561
1 1586 4716
1 5949 6321
1 2525 894
1 3030 3154
1 1980 162
1 2447 6283
1 1935 5609
1 5264 2897
1 1619 2507
1 4193 3049
1 1365 1991
1 1354 6210
1 1580 2759
1 3094 1839
1 4308 1144
1 2042 5665
1 6344 6171
1 5400 1603
1 106 865
1 907 6012
1 1723 6096
1 1803 3887
1 3408 6276
1 4961 379
1 1469 2974
1 2392 1907
1 5386 2992
1 450 5722
1 5711 5315
1 4054 5026
1 172 4411
1 3008 1767
1 1502 1648
1 3382 2037
1 4749 5563
1 4904 3368
1 2798 5876
1 2282 4733
1 3360 873
1 2431 5813
1 1437 2883
1 3410 3821
1 5489 4315
1 1131 5819
1 4647 5178
1 4214 1656
1 6263 3558
1 3493 4716
1 4857 1559
1 2949 156
1 2618 5254
1 965 5914
1 990 3211
1 4756 3237
1 358 150
1 1912 5037
1 1639 3799
1 5776 973
1 3526 2102
1 4996 3079
1 277 841
1 2679 2643
1 2965 4879
1 3407 1137
1 5986 2531
1 2037 593
1 2344 1778
1 4693 5856
1 5132 602
1 652 975
1 4132 2369
1 5217 2985
1 3691 6405
1 4015 4449
1 649 2658
1 1408 3706
1 5254 2677
1 1304 5865
1 4510 12
1 390 618
1 1243 213
1 5472 2810
1 5462 4518
1 3506 1227
1 6302 4673
1 4652 3222
1 521 2868
1 4798 6228
1 3600 2970
1 3645 4148
1 943 5615
1 162 2409
1 4682 4757
1 4043 3040
1 5422 4365
1 2295 180
1 5250 3847
1 1943 3486
1 5423 5752
1 5403 2612
1 3484 1457
1 6156 183
1 4909 888
1 3205 639
1 5811 2159
1 3205 2514
1 6051 1453
1 1321 3596
1 256 2481
1 915 1013
1 6296 4029
1 2560 4370
1 2711 2548
1 4817 2138
1 3706 1440
1 3515 5220
1 5305 2906
1 3698 4817
1 4356 5317
1 3075 5843
1 6309 3464
1 536 5972
1 4950 491
1 6195 3047
1 172 4057
1 5702 4029
1 3410 2035
1 4785 2513
1 875 4877
1 3882 3033
1 3926 6071
1 1396 843
1 3224 2944
1 2868 2875
1 3334 4364
1 5828 5529
1 4067 5246
1 4306 3095
1 1862 1771
1 3022 1931
1 1312 3488
1 1723 792
1 3021 141
1 3051 3224
1 4374 4726
1 2638 5461
1 1790 2258
1 1809 116
1 3127 3451
1 1703 2296
1 2962 1755
1 5771 879
1 358 1253
1 1000 1280
1 2652 2197
1 2806 2339
1 1109 1568
1 4303 3985
1 4412 6224
1 2557 5491
1 5821 674
1 2879 4754
1 1706 4393
1 2006 3904
1 4449 864
1 267 303
1 5317 35
1 181 6341
1 5995 3803
1 237 2209
1 1087 1891
1 469 781
1 2939 4462
1 1888 2313
1 1021 1265
1 3684 1019
1 1615 1095
1 5434 4916
1 2661 772
1 3229 4759
1 3997 3234
1 3282 2567
1 1910 2768
1 6188 2693
1 1800 3539
1 5001 5654
1 4898 3987
1 4118 2049
1 2039 5574
1 2130 523
1 1502 3845
1 2424 4407
1 3508 2822
1 1408 2666
1 2650 4459
1 5618 2738
1 3655 6038
1 1141 2692
1 2915 3377
1 2455 1982
1 6217 2323
1 5884 1090
1 5349 6133
1 6132 5556
1 1518 2953
1 5188 3379
1 2212 4837
1 2521 3886
1 3966 879
1 3665 2273
1 451 6118
1 1708 1529
1 2625 1903
1 6230 1043
1 1909 3713
1 3411 780
1 2434 3528
1 2917 6305
1 3624 753
1 5487 1478
1 4951 6188
1 1729 1703
1 1592 5064
1 46 6071
1 6023 2112
1 1356 1645
1 2744 1966
1 6298 3618
1 3959 4739
1 5034 5955
1 421 5410
1 2048 5761
1 5727 5207
1 5123 1100
1 6025 3002
1 1533 612
1 5275 3184
1 610 624
1 847 1422
1 3396 953
1 3745 2904
1 695 2617
1 1154 654
1 3543 5486
1 1993 5098
1 5 1718
1 1097 4402
1 2790 3846
1 1305 3724
1 1253 2704
1 4430 5010
1 2127 1840
1 4288 3946
1 3520 2633
1 211 670
1 1171 1021
1 4220 2396
1 2309 4268
1 1835 3135
1 3246 5017
1 2806 255
1 6325 5122
1 58 6051
1 6103 2135
1 4248 1615
1 1967 1304
1 5449 3008
1 1063 5566
1 1083 6171
1 3271 1814
1 3009 1801
1 2861 117
1 3921 5652
1 3108 5704
1 4823 4276
1 1173 4028
1 5593 5641
1 5065 3592
1 4413 2860
1 2087 5874
1 4847 2437
1 6285 2691
1 6200 3817
1 3394 399
1 5748 3410
1 170 6064
1 3009 320
1 3088 3346
1 5064 2866
1 3830 1765
1 4030 4693
1 2006 3568
1 3870 3197
1 2468 5190
1 6270 3872
1 5546 4723
1 6062 4739
1 4504 4893
1 1163 1809
1 6391 4461
1 2287 3711
1 3480 1954
1 1537 4390
1 2676 3867
1 3108 4239
1 3380 177
1 2910 3656
1 5798 690
1 5141 5471
1 3712 1156
1 5006 1110
