248723756099
156725516203
311611058386
274673751831
243126651667
466522303150
372347215442
338639056918
280659663594
577786205898
577785537738
190166649470
273078925992
577785673098
571523681340
138218011495
278169199686
237615356127
214271348985
577786042458
577785525498
577785921498
577785698298
577785673818
577785845898
577785749418
577785973338
577785999258
577785986298
577786046778
528645021246
577785534858
577785878298
577786151178
550125207266
165687019251
577785912858
577786040298
368889128568
577785603978
189195055220
388627907664
357416387846
237575264256
577786019418
339491966998
349119734490
189568722569
577785873978
577786051818
250838873114
226965027488
577785686058
577785941658
577785582378
577785869658
181589176420
543848812090
217987241579
316340493682
577786105098
577785902058
378935308132
338419593718
577786129578
181795596359
262617671145
577785619098
404429764568
577785957498
577785963258
353062363028
277634166768
463569273434
304307341966
577786112298
246492660716
344156447120
393997645282
577786033818
577786224618
381034077900
442338782006
236678318602
427599490530
285555740784
577785567978
577786224618
577785992058
232491472811
577786109418
577786052538
505365352560
463087100654
287896866187
577786009338
577785951018
349749738086
577785619818
577786120218
577785783258
173741383448
360930022882
577785667338
555471602802
307058884144
577785778218
577785965418
577786051818
577785714858
169414205666
577785792618
154593969542
151109571289
402535218098
451159564372
577785820698
577785653658
284072449049
311949265478
577786136058
216946165505
317349414738
141084915715
408589910170
577785789018
352853531308
227128278233
577785869658
577785575898
224606255748
577785795498
577786154778
577785851658
557230703674
249498193246
577785628458
577785681738
577785976938
577786146138
577785819258
577785958938
229977235337
577785887658
148789010142
577786013658
577785747978
168971708877
557403266746
268550012782
493965592184
577785717738
274468261410
402114740948
465442517872
413396100020
577785880458
577786237578
577785835098
577786017978
577785620538
577786042458
577785668058
167242589946
263567212769
577785978378
235486395516
577785684618
577785980538
577785737898
577785786858
243299469865
577785684618
418639838500
577786182138
577786208778
577786073418
208752512247
430984060826
211011757397
577785686778
445155592306
234051398239
401038422158
577785531978
507738548072
577786118778
480358755022
299596704807
365498192626
577785588858
577785678138
577785971178
393970502362
456478277412
374272116902
163416058216
191210238407
407036157904
519052623730
487602755470
577786153338
577785709098
577786209498
269853865604
577785564378
144293868072
577785724218
344322444752
577786041018
577785722058
577786125978
577785785418
577785730698
244670234755
577785855258
363752656292
577786071978
493575256844
137557375154
577786049658
577785773178
519886207986
577786141818
577786070538
577785881898
547645223302
434536445704
577785592458
577785776058
577786056858
520628005602
164718010036
577786049658
247651311524
550863458808
577785844458
577786051818
577785969018
161467712457
454216781432
251767749046
577785928698
283522379692
505346062308
577785623418
577785553578
577785701178
577786165578
577786210218
231926892662
163438900656
438524882936
176594018977
577786112298
577785997098
577786136058
577785760218
389487689540
437152010756
577786128138
343265596016
577785916458
410447913330
247712599240
577785993498
175388939001
577785981978
577785770298
577785992058
141471082180
184977223822
232746307622
577786097178
577786043898
577785961098
577785584538
554008798802
577786190778
242363695459
439063929464
577786072698
410932254440
577785709818
150933282005
181904744531
577786005738
185888766641
275616375858
264287011011
577786181418
577786020858
577785780378
154159013824
284858011059
143659537307
577786154778
150689179834
544033397540
577785883338
142853830869
577786221738
577785580938
577785740058
319033107850
192176306859
577785690378
577785764538
577785765258
577785979098
577786102218
196454846860
439856583176
256099514422
435203580356
577785809898
172380776618
558064623354
577786233978
577785975498
577785700458
577785893418
577785585978
577785719898
188038573355
577785667338
282205816222
361352670382
345015348122
577786040298
577785949578
577785966138
338470620958
367678834032
577785804138
234219137040
577786046778
577785789738
270992682135
443362976916
577786041018
577785699018
577785861018
224978962438
577785687498
165226378521
577785860298
577786079898
577786013658
182855286783
577786075578
577786157658
180559842867
307313128014
577785561498
547428010006
308004256404
157417379008
577786201578
577785677418
577785709098
577785568698
577785934458
577786106538
376999571424
577786033818
577785700458
356486920090
577785886218
577785700458
577785793338
577786001418
577785777498
577785837978
577785915738
526019054766
563003969610
193492723398
168927875752
439314016040
300936105822
442317307376
485053591590
577786134618
239653387138
532466990278
333513717576
577785691098
577786042458
577785882618
169963870826
577785968298
577785692538
577786001418
577786071978
243058069696
577785942378
365853216866
577785870378
307679000944
327781080614
577785522618
577785852378
264208792538
147692527866
577785788298
357075998146
577785688218
577785993498
577786201578
457376438732
295602061333
577786210218
544373257032
473027556818
338049800118
577785816378
577785727098
577785667338
577786074138
192900891790
534378067048
577785771018
577786194378
187610510445
577786237578
577785619098
577785618378
172206128433
480172516088
577785781098
437644570844
290729282308
577786125258
507870590252
577786209498
577786128138
382340333260
325696074272
577785861738
184464937575
154607359121
577785904938
460133056054
145662104156
577785629898
577785630618
577786082058
379401250532
302895471022
577785688938
281534019283
185135867307
477044126018
577785831498
577785966138
577785921498
577785523338
577785672378
380029993636
141593282389
165975966441
549925457314
434797977608
577785609018
486567535710
173229723073
255733372773
479586668952
577785527658
215809901528
577785649338
577786222458
577786035978
577785612618
540120072544
577785884058
183157876280
577785899178
577785666618
577786154778
577785933738
577786107258
577786212378
577786218138
577786167738
175896177394
577785915018
240014504998
577785722058
334729926932
577785899178
363077521972
577785591018
260056991083
577785875418
401741785598
256518172979
546175079250
577785958938
238668311316
577786053258
468285756218
577786174218
577785906378
577786233258
577786003578
500388469398
556193910140
577786089258
439366137148
577785557178
577786202298
577785577338
227630356250
577786048218
570043290228
577785674538
513521727362
180076753887
306782325204
436457981504
357472030576
233439779408
201755358973
529744418862
315536920626
558275828282
464837520076
577785726378
484622292102
229292825282
551798250436
577786091418
477618875018
473071909418
158530211463
577786051818
577785688218
577785595338
461432435624
203270746462
577786047498
184401505954
577785736458
196676863837
577785951018
498399606402
429869867226
577785804858
271956042009
577785664458
141986797191
377310946048
228007459991
577785753738
577785561498
577785678138
577786098618
577785834378
252715491318
577785931578
459226511170
244497926515
279723879748
577785755178
577785590298
341744503938
268354178020
555159805302
556926134048
577785836538
398902782878
577785971898
577785771738
577785682458
256019937110
153080087161
533040206422
577785617658
185037930160
517760102720
347818026262
516689578276
577785783258
316486374898
422645320404
302958300166
521412377228
577785876858
577786042458
577785888378
577785902058
577785762378
470228715218
329869742014
577785619098
577785635658
577785932298
316779660306
577785727098
577785915738
249303421598
171152567096
522998081112
577786094298
493482855874
577785831498
487169132394
577785608298
577785776058
440317842716
577786169178
577785906378
399989494958
167476982786
352845734768
577786129578
155852520916
212573388226
182170256123
408191825730
349663451030
498208655642
490865676844
389664509918
364700297866
577785996378
577785914298
192194111911
281461296511
577786150458
232716215378
577786141098
470074220618
577785995658
364779902082
577785936618
139502317293
577785773898
161245060585
577785824298
183959945242
577786027338
577786113738
577786120938
308208486424
232958463797
238421048421
418045177202
240589635863
577785972618
360312560330
551926943020
577785972618
577786223898
577786130298
577785916458
577785645738
154428537364
433432093898
242717140633
577785875418
304828221334
140590877950
577786108698
387826268176
341250191470
577785912138
485626301974
374053745948
389453240390
262795939035
421661473108
360273123374
310138533954
478822910348
577785955338
577786228218
180694841121
577786042458
299667224217
577786131738
560525413818
577786174938
577785703338
360422106962
577785857418
285429438400
138477984471
577785591018
269660012069
577785753738
577785786858
577785783258
307939954464
224182147543
328432466226
288918219183
399257591408
577786211658
319683862790
213193751242
577785520458
577786223898
143633487012
577785884778
231997578305
577786111578
577785691818
577785652218
577786069098
577785987738
577785897018
519957264546
577786229658
577785910698
209416718016
577786046778
577785958218
577785567978
577785811338
577785786858
577785916458
353303603360
577786062618
577785902058
577786028058
285792495585
577785536298
398848020608
577785845898
533057133542
402956994218
577786074138
203313770450
410233640570
577785697578
493509048054
577786032378
383012954824
217743913893
524207151166
577785867498
577785679578
577785697578
577785855258
238137302211
499127181456
577786228218
577785747978
577785578778
197539197826
164396559451
248199612795
577785592458
278566230339
577786025178
273018318696
577786048218
577785922218
577785988458
136985242364
498664104786
577785653658
577786036698
577785799098
577786013658
577785690378
147706122319
577785980538
523704252782
173948116108
444713792304
208536929640
196990557880
577786210938
423048287094
577785739338
191978976146
256517283001
577785641418
304856506824
427196975070
272917216494
142901176129
441091722872
166457871951
438912960452
577786096458
577785569418
389525841320
503932387308
487048120994
577785998538
157126827530
577785547098
577785831498
577786226058
531579042080
322762338796
562725735010
243520516363
180053890896
577785932298
349161389906
147298146697
577786144698
577785582378
299485111917
577786140378
577785732138
577785948138
577785843738
231951700592
196563566512
577785789018
230814127232
238625235921
326069997476
355462657682
194742212809
577786097178
144316438387
577785888378
442567338248
577785963258
300283384332
138324256323
577785535578
465250510836
577785918618
577785529098
418841156348
577785897018
468074681018
577785652938
300962480232
577786200138
342564634054
577785858858
577785884778
409955274170
254289012333
359695425110
577786032378
343437274796
577785959658
577785858858
475133844818
577785655098
577785936618
577785604698
577785751578
449859331628
577785782538
213905165090
577785763098
529322877854
392418418234
352910180768
577786024458
577785853818
577786187898
313681421422
558694966650
577785853098
233525078846
577785899898
577785951018
150450596847
577785647898
577785540618
151111677946
577785633498
577785533418
577785925098
577785988458
577786133898
201661431447
577785528378
577786231098
577786005738
577785570858
262640053383
577785637818
577785520458
577785776778
577785956778
577785818538
514949165954
577785859578
577785546378
577785925098
291691566815
478805077904
577785943098
361310992662
261293169779
214386437087
228813064049
485896819682
577785619098
144574521357
577786143258
577785813498
577786227498
577785660138
577785584538
577785705498
183318550266
577786053978
462596313874
228176128211
577785811338
374376377784
577786048218
577785596058
327875452902
300319397337
425253662074
275138517546
276433645554
577785580938
477268131818
485495670062
577785650058
577785897018
577786127418
577785984858
307884055064
577785915738
510282125044
577786006458
577785876138
577785639978
527411283760
266134114040
577785856698
577785798378
386820523636
577785843738
376080045708
577785723498
468079317218
577785789018
180593287952
577785969018
354186837866
234041955462
577785586698
271516951422
487539455666
428997119610
577786004298
269951212714
284854259414
577785938778
438030554084
250434237119
205274563209
577786077738
577785966138
306120030884
516074293628
