298853148690
507986050425
549244873493
228279325708
276845460608
549245289893
153297537623
278928168741
549244890149
549244931789
193940664185
549245341249
549244981757
310016865019
549244920685
339452496014
549245184405
549244917909
303398038422
220559387373
549245182323
549245293363
549245037971
464079927861
270145283838
499274864695
549245335003
419352860827
549245425917
188913444131
549245399545
249844456593
315817701074
549245532099
136002851621
549245203837
168899775633
549245264215
549245124027
194387559791
160080851367
549245101819
272435336528
306503441066
549245201755
549245146929
549245431469
549245101819
298682116254
140907874293
549245019927
549245281565
549245227433
549244949139
148872759333
150413136437
549245552225
496642690677
511304901025
194758734615
549244885985
549245207307
275263348738
341322748669
549245264215
483030166295
549245268379
132364062335
152574589439
160945276351
337877219612
288125902151
383912584809
549245217717
549244904029
549245484907
549245060179
213014240059
463009665789
549245439797
358360270733
385991435605
549245057403
549245455065
549245255193
157412447409
549244980369
404589523951
549245054627
488116353697
549245230209
216177342759
549244911663
371932410649
549245117087
549245112923
549244883209
549245418977
549245262827
549245386359
463489355241
549245271155
267059656814
549245050463
549244986615
549244892231
549245449513
549245022703
461335167315
506924545175
130573774595
319510866808
549245327369
549245001189
349678678851
549245228127
549245310019
202686272767
549245031725
549245011599
159715362939
549244938729
365552842088
451246284408
549245277401
549245179547
145625139317
549244934565
549245276013
549244951915
549245017151
549244979675
549245422447
187142807673
169999789137
549245156645
549244905417
277584502604
209980889979
549245259357
549244899171
151330164549
475922214541
549244942893
344607665269
490945252857
549245557777
404391694837
549245362069
549245198979
549245015069
307356551373
129329897711
333991756541
549244970653
549244952609
193145665759
321977436923
549245210083
549245237843
143133718619
527385161023
521394234645
549245511973
198305805539
549245196203
488573467361
161574291351
383644060179
507062923025
549245150399
287998827076
549245085163
549245359293
145130008061
549244909581
549245457841
549245403015
515697213375
549245035195
549245185793
265227004293
529888396615
474075490541
134409221787
251375424646
267511352722
549244895701
549245428693
549245263521
549245206613
549245566105
549245047687
517546383565
549245388441
398773849902
261690852143
549245201061
345428548833
549244984533
169326787537
549244902641
495511455219
549244970653
549245142765
549245303773
475047943981
162813106599
549245214247
549245133743
549244998413
279157225085
549245318347
369015640738
549245387053
549245488377
140625206919
549245046299
549245407873
549245370397
505043152429
221494102185
549245390523
178219756343
549245103207
549244952609
310279320096
351210381375
337324059785
137521828181
549245084469
549245388441
549245538345
228282174883
549245062955
500213123309
329496769169
138347169461
549245230209
502771510021
549245160809
549245474497
242532927732
130244357777
549245553613
549245332227
549245262827
549244969959
549245110147
549245219105
549245180241
549244969265
182941161583
549245468251
549245251029
549245405097
549245387747
549244885291
549245074059
549244983839
549244978981
233254155524
549245472415
549245319735
265942337949
422411703834
549245300997
549245478661
549245337085
342981351545
549245500175
549245387747
387760798827
162137491791
343479508162
179746295557
549245351659
133935272395
549245370397
549244916521
549245025479
364136121916
549245279483
382459046030
549244912357
413319890870
549245500175
272423430593
534992998019
549245473109
363759318580
549244961631
549245050463
284297507253
549244908193
549245120557
451764819350
549245496705
549245322511
549245235761
549245112229
549245244783
236070546153
549245514749
231780306466
175704206913
549245375255
214695551099
335748676322
138843666821
549245090021
142695288997
380964614729
549245401627
549245406485
324768316222
549245069895
536665754453
549245259357
549245015763
549245430081
549244925543
169183257993
435375886992
549245373173
272802477336
549245160115
374806627042
549245542509
549244982451
241718395497
549245518913
340834657194
549244997025
243777953808
154511323847
549245372479
549245370397
549245242701
156257396749
549245180935
549245532793
141878305909
549245206613
549245430081
454233669084
549245139989
147814160421
196685075975
549244936647
159512596161
549245370397
429935992544
549245139989
549245481437
211780678779
549244987309
423604854342
549245228127
549245024091
289101404471
549245048381
549245439797
549245526547
439956173577
549244892231
549244907499
282876756888
156075591949
168042363291
549245135825
549245366927
549245074753
264738528764
549245008129
549244989391
549245346107
133891663179
197609376053
203015581439
549245147623
549244876269
407120693700
549245449513
549244997025
135100821941
206054638189
167293054059
549245526547
213823738299
505580335425
549244990779
549245164279
549244904029
549245534875
361728409804
549245178159
142935088625
549244897783
549245371091
549245304467
549245317653
549245058097
549245017151
162518700927
279684611615
497246319621
549245015763
144814037461
549245020621
298294134732
145862491933
549245299609
211456283579
252427114374
549245154563
549245346801
549245237843
195630205975
425622050247
549245273237
222617514321
549245153869
307236693608
549245190651
549245189957
251203301378
462289692645
549245346801
204931704325
167568919999
549245418283
549245520995
549245176077
413343540341
549245160115
549245250335
486818135217
229769769183
549245319735
392376847276
549244873493
549244967877
136400263301
525754091059
549245473109
549245071283
549245321123
468742474247
163728701103
549245096961
549245083081
549244988003
135371204221
197417863639
549245251723
549245418283
549245355129
549245246865
266410751132
549245427999
166081548039
174936771603
332003417051
220520667049
549245261439
159012391949
525712677847
399941180985
151384673213
205244529565
407367378666
549245139989
549245541815
295570160859
549245289199
549245314877
549245176771
549245142071
549245210777
159583505413
211796318139
549245007435
549245313489
549245075447
549245516137
393498664776
549245080999
549245137213
549245389135
395059524298
549245251029
309366380031
346524500423
172987528743
366003439448
462469720977
549245145541
549244989391
218692833145
549245031031
549245266297
279444517431
219975651205
549245551531
549245510585
549245208695
450257640283
413174674820
531851949645
549245505033
431920825789
549245079611
215317006737
386067408755
249363273429
549244910969
299323253970
174353637213
549245084469
549245505033
161998456191
378659076634
153422205803
349476028449
209500066939
549245391911
549245056709
549245320429
137304270101
189358897959
549245237149
185578376943
549245286423
401204532589
549245244783
549245322511
549245502257
549245323205
549245015763
209102161235
466636694987
549245213553
303767750193
549245403709
176790213063
549245515443
234697820453
293329307441
549245294057
549245060873
417737129206
549245051851
233340229039
549244883209
549245342637
445497529826
549245210083
549245049075
522714237429
549245360681
549245058791
331063220978
155437809077
441139980820
549245190651
357754649403
549245566799
549245252417
287968447416
549245562635
549244904723
549244982451
549245266991
549245173995
549245363457
182309828335
232883830206
549245270461
549244884597
345825169708
261897558392
549244929013
549245168443
549244919297
134610717585
549244986615
549245291975
549244915133
549245474497
179672783549
347122459348
147566183981
155971173263
549245337779
433649524766
549245314877
549245218411
549245429387
549245260745
362226751018
459000538424
522282800109
549245477273
549245350965
549245330145
395536149378
549245133049
549245209389
549245528629
549245110147
549245379419
549245549449
129764871419
549245013681
549245183711
549245141377
542156374905
197504803681
171815644041
156616392795
549245554307
450031558077
376131642943
549244875575
254996305883
448175024892
549245393993
459194433489
369178755313
549245460617
459850905063
549244910275
141708600263
183002241797
549245546673
443643222618
549245233679
292068066416
446524653873
549245468251
549245301691
549244888761
549245102513
172392573269
549245142765
216503136563
478084844397
193265865249
549244984533
278358797719
249593661237
549245168443
549245537651
549245100431
374861106616
444570221009
549245284341
549245420365
549245198979
549245326675
549244892231
549245488377
549245277401
549244882515
549245197591
549244987309
156830241513
549245235761
396896841822
385212350210
193707382241
221628225649
353055329964
249402913281
549245208695
549245474497
148613583461
549245561247
520030752477
371264212259
549244887373
388788272768
549245329451
514202408847
238058278773
309001319383
453724220079
415220393579
312743210669
330164908378
549245100431
549245488377
392214315729
221718804161
144160306981
549245361375
549244933177
549245017845
238736375322
524216955085
294468895466
549245183017
549245315571
549245178853
143619018317
418764286890
210828813179
137438996741
549245232291
345471912198
549245339861
139519185221
307841240938
476187929389
549245470333
549244945669
549245168443
177556718265
549245343331
549245566799
271367662446
549245308631
338146863235
549245327369
549244906111
198294701339
213849746299
549245225351
211520871419
549245149011
280076974674
474871372877
266783496378
549244874187
549245253111
549245190651
549245067119
481227761095
549245516831
170472441441
549245533487
182702401283
173298737763
206261593093
549244905417
549245409955
549244995637
415077865737
210033353979
140911137421
549245485601
549245443961
549245280871
549245350965
549245353741
471993990183
549245378031
549245380113
200413527785
276191540493
525296640333
549245384277
131950966991
181012375519
549245436327
363776329537
549245135131
549244922767
549245541815
357867877992
251682312924
280945872387
372103146283
340362709780
549245522383
549245511973
432668020018
549245475885
513213303983
549245375949
549245194121
549245230209
549245194121
171201811749
549244900559
549245187181
301178140766
363389466704
214846620539
549244925543
294479016890
549245013681
549245352353
549245407873
549244908887
549245334309
436403082010
132130906843
549245391217
407619646314
143476275341
346084079683
251766693002
146214697565
254446362465
549244956079
164909298015
336606268973
322022837489
549245060179
547784855717
549245004659
549244932483
549245366233
549245490459
278108427599
314190048431
549245491847
549245252417
305518353500
549245329451
549245237843
297422601550
549245217717
149968216253
549245146929
549245326675
149218491421
549245420365
392891236825
240052414932
549245013681
549245271849
284001367828
205412077933
549245406485
549245090021
549245350965
549244950527
294856761403
549245473109
199622595239
134931812191
393008599178
230675559615
350647906191
549245173301
534237487259
522737745685
549245323899
223425462685
254435744980
135666927701
142980398873
334722207586
549245153175
164530161279
459229249017
549245024091
549245464087
549245133049
223132042855
549245251029
549244983839
549245526547
282579130451
549245032419
283423283547
505579826475
549245203837
540725743577
425138961341
549245067119
377536609894
235756645789
149760128629
439420188468
142542342477
245415507810
340715369593
549245420365
549245037277
549245493235
397481074755
549245405097
549245260745
549245459229
549245095573
549245080305
499770770933
426415040917
147958552717
356455827152
307616186728
549245366927
549245072671
549244906805
549245543203
252539804495
549245232985
175119572403
308530591093
391419728634
549245118475
167725950439
515299900415
549245098349
249283126215
549244877657
549245289893
549245472415
436604102463
549245135131
211673001659
549245398851
157792737861
142953572819
549245359293
549245050463
488277187009
237275472255
549244950527
549245278789
292615129889
213913523259
149825041637
302595219405
290312923101
549245338473
549244953997
488260438877
255955784274
549245114311
549245239231
549245541121
549245371785
549245448819
549245357905
437524652879
533843729253
549245471027
185237779343
427994844197
549245375255
154615654619
399444768213
503004340309
549245501563
549245244089
380064647079
549245235761
545981873297
476653398381
549245544591
171209502277
265759919900
549245010905
549245174689
300037971690
549245417589
342062342258
197834495087
549245263521
511301780375
549244931789
228612727088
549245187875
549245536263
549245387053
549245357905
458288079167
139752564821
549245125415
549244897089
549245209389
549245144153
549245052545
323732596295
549245191345
509534561675
297145129712
549245083775
549245225351
549245030337
280401196453
549245383583
549245059485
259344309468
549244884597
549245519607
549245008823
549245133049
549245096267
341809086444
150881113181
