568260657874
509538475406
568261036260
398210531052
255004713990
491895994348
135988577354
261132764730
291167242048
244268204538
568261019028
165715907178
390269320840
568260661464
432531804024
568261042004
568261222940
568261108778
390068295942
568261070724
371425929200
159147031874
546837959258
207265899158
568260627718
273103104438
568260575304
568260960870
568261225094
568261189912
568261156166
333556122134
568261177706
358794693608
355168935906
568260578894
161286694122
179448966950
300577262312
321261698776
257992887724
385262759920
242404376236
568260717468
198954735130
235151283952
146169316702
568260743316
463279221442
179845339478
514843228576
568260881172
540007910642
568261195656
343196983070
345009028536
139873455372
329983284116
419475010316
568260896250
568260845990
568260599716
129881270250
526594583318
568261164064
210546818696
568260626282
568261008258
568260937176
194969136730
561070360660
153418940838
224546610940
568260870402
568260726802
451454457838
290513993790
568260865376
568260899122
494667806310
568261220068
568260983128
402471787234
568260944356
568260555200
437085724146
568260667926
568260591818
180972158322
568261133190
568260942202
568260586074
220573798900
568260798602
568260866812
568261104470
568260814398
206260826408
513478427704
267101957798
568261064262
163949490164
568260777780
568261202836
482048173500
568260623410
568260998924
389814062358
568261107342
146587038122
227625434344
568261121702
568260813680
568261158320
198127991450
568261029080
568260800038
335541591684
568261007540
268303212288
568260795730
568260869684
568261194220
568260616230
568260568124
568261064980
294567194824
179581867846
568260683004
568260749060
568260926406
476958691036
568260779934
568261263148
315160868732
568261148268
568260764138
213585331458
278689740668
568260896968
568261258840
384429465776
568260794294
568260848862
568260566688
568260584638
245441537474
568260874710
568261241608
568260603306
209432007526
568260649976
145303449420
424939463858
376187531004
568260815834
568261034106
568260592536
568260894814
568260616230
568260706698
568260913482
568260603306
309877260126
568260768446
568260597562
568260929278
568260559508
568261253096
236611109126
488396291476
380836824064
404898510972
148833382062
568260571714
144125855808
568261261712
355384635108
489709303622
329062011902
568261107342
568260950100
316608328860
222602970220
568261222940
351189388630
132325681720
568261192784
568260772036
519728323186
568260771318
182698037752
568261036978
512545173712
568260880454
463164847042
423748160084
568260688748
219077774436
167590945968
131881801288
568260966614
568260973794
172906356918
568260861068
440177384328
150732780066
568260783524
313798586516
153106284332
453155789668
347721867608
568261103034
568260806500
568260908456
568260657874
568260977384
568260950100
508964117006
568261143242
146006467720
540032639294
568261118830
568260927124
196217426970
421923687684
568260599716
568261248070
568261091546
536085239646
568260623410
183377697872
568260973794
568260575304
568261077904
403434743314
568260786396
568260925688
568260649976
568260561662
568260581766
568261243044
352389096692
258279071930
195798556250
133917560020
568260664336
293727490824
568260871838
568260692338
416223025330
568260960152
568260592536
568261000360
538649161334
568261118112
302978790116
568260583202
568261199246
198788038810
183076859302
568260707416
283452909418
176942280624
373084287740
416047583502
568260675106
170098704076
568260933586
143516476026
263700185232
542918484814
134120417770
568260970922
568261187040
264057215832
568260891224
260368623604
308843244702
127253728922
246495970586
375139312892
434511353240
273629924406
293730474164
568260596844
176466993190
568260689466
568260678696
568260940766
568260632026
568260934304
568261182014
568260961588
261480390862
480484765222
568261072878
291184243492
568260914918
568260713160
153341329324
355575377608
568260690184
159789774710
209063989968
568260763420
568260676542
476364954878
433998351608
568260767728
326025648636
568260881172
326449246830
330918011978
568260881172
568260698082
568261050620
289164939972
568260563098
267549178418
373636024572
322263068530
141663706300
568261251660
549095133842
568260978102
568260901994
568261138216
185673160716
568260678696
368346306546
357795245608
568261166936
568260990308
568261176270
568260655720
568260583920
568260672952
568260773472
568261142524
138546383858
534916895346
201619775626
562639445078
416024205810
334867975324
568260742598
568261161910
568260753368
213841829730
568260947228
441477929412
563663172776
568260876864
568260618384
568260586074
489441540062
259959330132
134975172440
132186357652
268098085188
323607036076
568260827322
153809548388
568260907020
568260733264
568261201400
568261092982
568260812244
568261204272
568260853888
568261226530
237007291682
568260691620
561379750298
532091187542
568260848144
568260830194
568261128164
568260625564
377003782396
568261139652
568261095854
568261008258
560367506404
568261243044
568260983846
568260973076
180407442390
135189565104
568260590382
191068700438
568260641360
266577270138
174908336890
568261215760
568261030516
517364713464
468198967192
457981233806
181871820482
533689297484
290393847306
568261052774
568261096572
568261016156
568260555918
274221223374
178632698982
568260571714
292600032544
182978928132
554698952066
549490447952
568261084366
522321980252
531407831074
568261142524
568260991026
568260577458
568260744034
259203549358
568260784242
568260654284
453862797574
568261241608
250703104328
147892272732
468120890264
447549843732
568260662900
568260591100
568260552328
568260716750
244486653690
499463657084
216932742886
568260955126
442935441618
242931556218
429304330918
568260838810
440571682634
442103320258
284753440834
372777471228
568261074314
389862758214
568260955844
568261003232
385529187720
459740585184
192452155074
568261064262
201337556794
568261219350
135244642354
568261138216
188638865350
415036294174
165015325522
568260810808
391246193690
309399949026
568260828758
568261240890
244359767034
512063348752
568260613358
568261111650
568260862504
568261132472
568260746188
452406171172
297427236568
248693568430
568260866812
535567177812
568261022618
395467527830
568260609050
442614191218
568260851734
284355233616
568261092982
426490716974
408955112114
227523924476
214078012806
568260640642
568260646386
568260688748
182195930132
568261006822
220335523540
464169186836
568260614076
152988865468
318369386880
422666801700
334585895894
155710856706
553434274484
568260848862
134206104736
568261054928
568260624846
568261194220
312986169642
306021457032
172296353548
568260553046
246688583428
568261164064
568261182014
129326124866
231841372856
568261138934
193552105050
568261086520
185612172828
445497431834
568260718186
283951507482
487828908436
443455161638
568260711006
568260971640
141476602280
366061331508
568261036260
568261068570
356464317608
568261042004
287303052160
168459181608
568261252378
568260838092
234602985196
568260945074
568261026208
386466853756
568260562380
228518218308
568260797884
180246254906
147740365186
198121124890
130652675080
323641926556
253545650064
349706868640
568260879018
568260648540
266522645428
568261187040
294836628524
555414781838
148599362710
277859790428
268232055148
568261052774
568260975230
300683715146
568260764138
370587089870
568261044876
234992771532
459684333118
568260903430
314928774484
568260652130
568260603306
530061541012
390511173090
305159219796
185011351620
568261079340
568261226530
563394677576
207037871468
236375175134
568260557354
568260855324
331950891722
568260690902
338880897466
568260794294
568261105906
168107587058
389848782582
237582319268
568260734700
157896947826
550264319708
187990136954
568261030516
568260759112
568261119548
356460458108
482281042188
183190515842
568261101598
568261026926
568260853170
193154065812
568261036260
568260611922
568260858914
457561018408
283471942884
473754997448
145971388278
452198877052
321291604960
505170345194
282805537786
568261137498
385312298356
140808981568
153726487206
253329363730
568260893378
568260726084
568261250942
568260762702
568260716750
568260945074
568260937176
568261115958
153003817852
568260681568
501171115158
568261240172
568260894814
568260876146
568260990308
555199615138
140361591048
568260597562
542419820438
400202408264
393069948472
283470734276
568261173398
568260560944
568260677978
568261121702
568260704544
568260706698
329135120312
511929639072
568260559508
431496525354
568261212888
323054996716
463330934242
542681013566
568260551610
568260749060
568260868966
568261243762
568260598998
321770917024
568260892660
568260716750
204379561500
568260978820
213045965562
568261107342
355502794608
568260978820
568260635616
486795872866
163576205278
568261008258
568261010412
140419212726
568261197092
568260909892
568260696646
239138650730
568261065698
568261049184
211008598040
568260679414
346788704840
568260689466
568260754804
256203381190
568260932868
568260665772
568260739008
568260733264
568260665054
568261072160
196392264730
183840371012
497518556298
568260826604
205559460156
318606792214
303424256676
568260609768
568260914918
568261240890
363906977926
568261016156
265525816118
568261241608
142847037436
568260668644
568261170526
568260698082
568260725366
568261254532
288368115172
568260836656
568260637770
156132085146
242455225402
568261008976
130162606180
568261108060
145443301964
568260879736
568260711006
547687677786
568261072878
202231418812
536804933444
568260662182
520614182440
568260734700
568260996770
520925968342
179149317190
177930445160
568260993180
525140944502
233476174356
568260868248
568260563816
568260591100
389111498524
568260734700
568260901994
568260588946
568260968768
568261222940
568261179142
568260672952
178843101942
342953178794
568260787114
291663901380
568260912046
568261064980
222829381420
568261163346
228787731558
568260879736
184390510308
568260721776
550469466568
568260727520
568260739726
182430620282
314008943126
191809853474
568261073596
568260840246
568260836656
568261116676
568261099444
568261232992
498298884186
523340634506
258743460414
278060370668
568261240890
568261093700
568260759830
568261093700
568261036260
568260605460
568261219350
568260588946
266755797668
568261243762
568260847426
331329625466
568260756240
568260800756
282757552588
219885452260
568260846708
401031492754
289614622590
449203313356
568261269610
568261220786
568261161910
568261207144
246658694290
568260570278
266982985638
568261038414
338738227066
568261218632
191079415998
568261042722
347291089844
408732406610
568261146114
568261193502
568260685876
542021608414
568260749060
568260960152
332004114554
568260746188
199344856410
143023650494
568260882608
568260756240
568261115958
189155937628
376190505212
568260952254
205148450900
258886461328
568260790704
568260980974
440877842298
459633927100
568261227966
568261030516
568260891942
163593100154
153723128788
568261184168
261915511212
568261072160
130065155248
568261195656
568260629872
383419204714
406294747274
568260686594
568260844554
568261001796
512669060176
246024559594
568260808654
390339200280
568260911328
568260687312
568261254532
568260825168
178696074166
568260977384
568260841682
405087314332
568260858196
544399739546
215991755662
568260698800
568261220068
568260687312
568260692338
568260984564
568261004668
388160424376
164613558898
293063720894
361292546608
568260741880
568260838092
568260739726
213380735298
568260861786
425361246014
493225522398
568261067134
568260927124
568261108060
126468870714
568261152576
568260657156
157342010206
568260988154
568260783524
553934295160
275280520646
199079958170
129310367346
568261047030
568261141088
568260952254
524233399094
167750645778
219854945140
255899067590
568260723930
568260968050
172366801548
261459652382
209371672438
568261124574
568260769882
568260824450
568261178424
568261066416
568261127446
568261167654
529892623132
498731338924
568260960152
325361222574
568261058518
510290292792
568261066416
568260774190
293662713474
568260567406
568261245916
189762161100
167362340128
568261126010
568260634180
308497846454
568260910610
568260925688
568261036260
174659596990
187560400322
157102310266
242407272178
409847191034
568261070006
568260805782
387908521332
271236283038
448132618864
568260593972
568260781370
337053282368
489310866138
417169703854
349894813530
568260563816
568260608332
568260980974
334444593214
179988989078
398092137696
568260921380
568260943638
568260787832
568260649976
568260604024
266452899918
263735183064
568261269610
568260563098
568261194938
568260572432
568260920662
568260588946
568260889070
547403070762
568260923534
568260891224
489991684686
568260788550
568261255968
323707831724
152507488924
240046684220
568261207862
