568840414554
390025624866
379175219330
568840641843
568840445385
351598070657
294129659677
568840121301
308323523076
568840137075
239218543091
249289838801
568840612446
568840674825
568840090470
419935089008
568840465461
154499942907
225776854514
205612428655
568840327080
369884889039
191934794768
568840013034
415121676470
568840466178
568840190133
568840185831
164460053854
568839989373
288189731864
379524427819
568840329231
568840573728
191516924975
206193613160
568840638258
568840415271
568840210209
310902850863
394270558975
568840314174
568840641843
568840376553
568840336401
200266563272
250012019426
568840244625
568840342854
568840586634
178024360378
455329091289
568840165755
489313188511
346787640164
568840324929
461778737580
568840231002
568840156434
138295205765
491228691397
218113186240
568840451121
172620177105
256591551281
568840675542
568840684146
568840390176
568840283343
568840300551
568840384440
568840058922
568840124169
487870117325
218063519191
568840053903
568840360779
568840211643
568840372251
143390337603
383384937621
159974021999
165344744514
333123217744
465536483546
465768622186
568840526406
568840548633
568840461159
318667433623
421929245849
568840124169
568840335684
568840332816
568840509915
568840027374
562493075645
568840617465
568840181529
568840119150
231231328513
154123007828
232492058870
568840333533
568840089753
567066407418
260641783431
568840328514
157720036781
568840031676
331980097594
568840332816
568840030959
405342282389
220067334049
176855525968
505017150967
568840530708
432938214642
568840537878
568840113414
568839992241
336116617917
568839991524
265503060892
445645600523
568840152849
568840139226
219466922191
568840615314
306355938692
166008866509
253891890489
205675838837
568840333533
568839998694
231123477129
568840641126
379291549152
568840289079
568840605276
341100825582
568840453989
568840497726
568840380855
466225526560
568840409535
184872151706
568840425309
568840630371
342269872281
488761706502
516246701155
333954569264
502163482654
302786430484
568840584483
403679614691
342257143062
568840350741
568840372968
178732020662
221207936064
198815958373
568840329231
520338784772
297224855827
568840073262
568840198737
192981322982
239493997018
568840036695
568840213794
568840621050
450360891660
568840040280
568840317759
568840167906
255558082389
568840550067
568840288362
568840004430
568840501311
398108122088
568840337118
568840565841
568839993675
568840661919
568840122735
568840397346
269347577887
155359628100
560322050232
172045123623
568840393044
455473564023
539928830919
267920790853
160670170375
568840636824
249142814051
568840689165
568840321344
568840163604
468038640007
562797722017
185705222784
568840353609
234343208873
568840082583
568840149981
357587787873
438540238759
462639593307
172108985421
200977282570
184019501659
290255307586
253880079108
568840655466
568840302702
266812047442
272372733472
568840082583
568840551501
289036612731
568840499160
264002238642
568840324929
173329441430
179822310497
568840286211
229340149722
568839998694
568840096206
568840487688
504514066656
568840547199
568840578747
295403403407
568840208775
151537392698
203711717507
568840641843
568840524972
568839982920
188428058020
568840023789
427566416231
272838520872
429879154150
145391412682
568840250361
304880982055
313675382060
374643725384
480205934504
568840193718
568840450404
568840304853
568840602408
568840591653
568840204473
568840299834
159660922077
568840219530
568840587351
568840508481
228139448596
319633155578
234727647589
568840029525
568840101942
372152125471
533590176850
563113260340
568840504179
568840521387
568840123452
266190545752
155866840362
568840461159
348011916002
248221853801
179544968274
568840018770
568840066092
568840180095
228656694420
514147511148
568840155000
194595162677
568840445385
568840472631
568840135641
568840307721
243916675965
517305428020
568840103376
230836802299
568840096206
195913466936
343615752627
568840438215
333725581678
568840347873
478272616381
179223152743
235248845310
427978318377
475803241217
370335619693
568840092621
226349537415
283375692267
384207986001
568840512783
568840149981
568840103376
221133429049
199459749832
568840562256
568839990807
568840182246
568839984354
298144911511
568839980052
275453815164
146193959689
568840546482
503804976620
309531025086
568840536444
508053038406
170181737553
568840059639
568840241040
568840198020
568840426743
447065937877
233332299294
491326314099
197906566659
385272185071
347965788824
568840286211
259960775603
568840298400
568840222398
568840455423
219167241355
568840166472
568840076130
213031081732
568840269003
568840029525
568840316325
568840376553
394730737645
311590195871
261681933987
299828338949
158425840413
568840266852
568840669806
338292633906
484905794082
568840618899
568840571577
514898009174
568840661919
453028933142
568839989373
535827966123
380858736540
296085118419
568840149981
363052996685
489710308572
568840511349
568840214511
153368896435
568840036695
568840535727
260078734829
568840239606
568840514934
492946195482
269600959961
220599648202
267761923363
386723095371
202195459705
568840400214
568840512066
568840594521
568840661919
568840685580
568840517085
568840329231
568840495575
195380805786
568840203756
568840340703
568840215945
568840542897
568840071111
568840319193
568840628220
253300458432
325691051909
488366007796
568839981486
205241307883
568840654032
568840160019
297760357611
526910160474
568840361496
568840422441
201081783820
502587339670
289917700736
568840322061
568840081866
444596986137
331651185682
511451270671
568840294815
568840363647
568840134207
203255679405
568840599540
568840570143
150280510246
568840578030
507446771521
333529806688
251370766326
557652509667
178255738026
299115750799
246817652426
149749475553
568840550784
568840068243
568840489122
216954188368
568840475499
568840441083
460850840309
206609651046
568839977901
568840456857
568840322061
178609246704
525322659213
568840507047
261947883142
568840522104
568840357911
177877627402
568840550067
568839985071
419968409846
188734462425
511246223104
568840386591
469222349737
241005125023
568840482669
326769468710
494523440420
540859175237
142765489292
568840191567
278789503914
422758932749
176323712908
568840628220
435958244578
160701120215
453513242759
389535100596
568840490556
461963809753
568839975750
568840370100
251185512296
568840535010
568840611729
265471864582
568840638975
159705909805
215635505932
568840140660
273638188533
318018243651
568840484820
568840516368
568839995109
161262030496
568840226700
568840656183
278516448864
398180861348
423928157624
198257219885
568840539312
568840441800
568840519953
293550312207
269371392726
477923494022
568840621767
568840250361
359945117827
568840447536
387605771246
568840136358
364967069243
496202512369
196300391156
245642276540
385260944196
568840506330
568840462593
568840273305
427058295479
310116514848
463495134864
568840305570
143214862369
568840654032
568840514217
516697607755
568840408101
365102550914
568840563690
568840557237
568840256814
568840404516
568840613163
568840091187
568840164321
328802129743
139998740639
568840044582
568840091187
142115726345
406988836025
204113475699
568840277607
416046729356
568840276890
568840238889
568840684146
262097146532
568840517802
319497605170
192694182219
325946743668
568840567275
163238878624
494640420278
321073709035
235268353389
568839980769
445835660008
568840068960
568840109829
450021291322
478235146997
354544980854
568840679127
443050188192
568840231719
568839987939
568840304136
200550696534
568840683429
416905137397
303363409537
239615464843
495474610324
568840407384
568840388742
371946227973
520342039829
568840337835
568840535010
568840672674
568840689165
568840339986
157416338846
270079325142
390034520916
266191818047
568840030959
191326427393
568840121301
261250155932
384235509871
568839981486
568840360062
149263343172
568839998694
568840218813
568840266852
568840040280
568840439649
568840521387
166102317109
313879264024
568840600257
334825904192
568840499160
305371168661
208193400873
568840291230
200755923250
384319659882
439119845601
419423617622
568840347873
360566789696
568840348590
529076577842
568840205907
568840668372
565350900405
568840390176
201983817820
271915996243
255007576493
168848998509
568840141377
388625483671
568840373685
245138197626
342453330915
152163918619
568840142094
568840656183
260146996782
568840684146
568840614597
568840079715
568840101942
471118211799
261979901052
568840548633
164762295492
568839997977
568840160019
568840371534
568840475499
568840418139
568840060356
465710683885
466987425633
568840285494
568840428177
568840083300
568840517085
568840063224
139151230856
568840093338
177702578059
192798627703
568839988656
568840139226
430422771730
461926609409
414247259249
523254915998
423058619024
568840144962
568840352892
568840070394
568840097640
568840433913
568840497726
326741816661
360549239426
568839981486
568840616031
568840067526
296124371463
332763665211
568840632522
420156195464
568840630371
568840222398
379252269464
255453796587
568840664070
568840186548
165836074897
184308096527
199362217122
568840068960
568840598106
346477336264
568840479084
568840096206
340601175687
568840254663
306001408278
568840093338
568840193001
334330066696
568840636824
568840030959
568840299834
269539567881
309613513206
568840010166
366718220898
212591938390
370019553159
151041336473
155185614963
162414903007
181441338311
220832295988
568840660485
266202701482
287772954153
568840157868
568840186548
370105455474
568840559388
568840046016
568840327080
249880385426
568840444668
568840119150
177382779052
568840595238
568840567992
256850710382
568840643994
152466358358
365308419697
214230120754
568840149264
189027035165
251374101645
568840195152
568840633239
308981530140
546973910847
568839987222
568840162887
568840578747
568840110546
171823023927
261940755762
543446161481
141682095482
389752626795
568840559388
568840545765
251791788616
568840201605
568840623201
215648634655
446593971910
568840432479
568840376553
224420058175
369379666957
568840677693
568840591653
206259796090
568840154283
529707820157
568840252512
568840325646
568840239606
568840395912
238272299206
348174313331
568840338552
286470599953
478998963950
568840616748
486897242242
379594542850
568840606710
539108244711
568840185114
568840502745
568840553652
188948811195
568840547916
568840686297
568840218813
288740201392
568840012317
305934105819
462625044252
568840664787
568840013034
553710369236
568840336401
568840037412
568840486254
196009268961
568840192284
568840294098
535992064541
568840297683
568840606710
568840505613
568840003713
568840491990
568840081149
216442901632
568840064658
568840506330
142302387766
382333519023
297819638621
540672478947
326896417647
568840511349
568840155000
568840028808
244544799386
568840644711
232932778452
568840108395
568840106244
568840156434
568840139226
568840377987
231417394460
568840028808
568839976467
391569772716
409700419057
324378414033
568840108395
271783706254
285388539127
568840394478
568840671957
568840404516
480916340951
568840611729
568840502028
550659366101
559066344602
568840650447
568840182963
568840194435
568840474065
568840206624
345314038328
287303245949
308381112894
568840114848
153993387911
410647512812
568840577313
568840565841
568840543614
568840475499
151199950145
568840616031
568840142811
568840365798
278193443544
568840238889
568840279041
568840527840
568840388742
159472457592
422397283349
338249634294
568840542180
568840365081
248922842426
489249792373
269993482686
275277703358
478849454546
479743414008
568840607427
568840641126
568840483386
568840682712
385471949171
528036688754
366262207105
370305872727
475220020910
568840200171
568840603842
568840578747
568839995826
568840076847
568840510632
568840073979
568840141377
568840649730
239383516521
568840367949
568840535727
568840228851
220086174856
568840505613
568840166472
469103284633
245174791537
525732653930
246385173926
413505988606
488601496872
535057090691
238579590516
568840320627
568840175076
568840215945
384461727797
568840084017
568840568709
138355523774
568840171491
568840093338
170739756105
539498437324
332698588068
566334458676
269047515759
212508516439
436968515994
182201318438
463306969394
568840484103
568840573011
413981641593
184074987211
568840614597
462531157697
568840113414
568840218096
568840453272
256561373901
203442460560
323723999978
554549336728
319595013344
274845344002
222687684059
177304508950
396036578415
