196625941823
576451211445
576450944485
173966171707
576450784025
262844427279
342036303931
576451288835
576450773375
172191352023
469063876823
576451032525
179591722835
576451329305
576451103525
342347537789
182109231025
576451323625
430843390255
370140340983
213395829473
576451361255
406214467727
576451283155
576451320075
487832526881
380984012465
576451210025
576451279605
400462330089
395629675845
295133864095
576451251205
576450793965
154653370359
576451264695
268410532755
576450726515
576450803905
433842751047
576450986375
193877384015
576450680365
576450693145
576451219255
576451173105
178161709955
177576640755
365148550465
576450985665
175519855029
221262998605
467708902255
576451267535
576451306585
576450852895
568831331999
576451235585
576450666875
174003660301
576450755625
305343537823
294215960347
576450944485
576451134765
183648914025
176482330685
576451314395
576451374745
576450708055
576451127665
312549431379
576451118435
576451032525
576451110625
576451122695
576450689595
443172365599
365241226681
210206605133
308390156773
259864373377
174030539439
361022310581
576451039625
576450917505
576451163165
576451090035
201231231613
576451342795
576450938095
576451360545
576450873485
355801105853
207728216381
576450769115
169203341731
576451102815
374550054367
576451271085
167039988465
576451317945
576451109205
506177297587
576450788285
263062552669
576450806745
576451058795
576451344215
418390126365
263848816429
223761125965
175239456501
196022708495
576450693145
576450771955
576451310845
576451002705
322394218647
576451231325
245899815915
287845208091
576451364095
576451164585
576451102815
400787041161
429180383871
418625992129
576450984955
321279435395
247344905939
332866762475
576451188015
248488802557
205662115275
576450989215
576451166715
576451192985
576450942355
172836238491
409420670449
190253423311
323443609391
150458531253
225164780465
380116223825
576450666875
455541570521
576450703085
176358228375
576451004835
576451003415
576451120565
163334009413
576451107785
576450817395
576451233455
174179815137
576451124825
407108823695
576451234165
504393572931
576450774085
576451136895
479565262345
192758077645
353124406755
463186855433
165122007093
576451361965
207546399569
551327689493
261380282279
576451065185
576450751365
576450972175
260227615963
178794985067
251321513759
576450839405
398579893483
576451148255
576450850055
576451024005
258391499737
504173523721
362949637065
314654457653
576450932415
472299904281
576451024715
295345306045
576451143995
260593268227
550702467549
576450926735
576451348475
576451275345
576451011225
576450909695
551433399185
198954893639
576451364095
576451212155
496906356153
272146846653
576450845795
332663765235
576451215705
196097148239
576451348475
576451110625
576451090035
366248884577
576451289545
576451166715
156094979079
576451246235
329926348391
524716525059
376628313779
576450709475
576451219965
576451371195
576450714445
576450833725
576450977145
576450759175
387839120747
214624525991
576451311555
576450934545
314029455789
576450914665
576451001285
443055934911
576450841535
286610065483
244461784575
576451197955
576450984955
292857888827
576450879875
285253571429
411755138173
576451148965
576450686045
576451190855
576450793255
520076098869
430992266815
576451241265
171684790595
557895987739
213793935401
393506173865
576451065185
576450834435
576450675395
291303351473
576451298775
576451099975
523040233325
576450898335
262820440205
576451214285
364095336787
485221998845
576450808165
394314406277
576451200795
576451310845
437279196357
284575157603
576451058795
576451000575
188532526575
537131905445
177774272275
576451060925
576451110625
576450911825
373744921021
576451009095
292522291247
542937318653
463942312793
576450890525
154476111843
306065170655
576451367645
455700652129
576451303745
576451049565
576450760595
557286458779
335033258247
405137665911
576450855735
576451024715
576450857865
308806058275
170748287247
576450846505
576451374745
339753704105
576451182335
576450711605
499661938329
188873037115
576451049565
576450814555
576451126955
222918398413
576450846505
576451312265
576451278895
145639650483
184237139659
346921228127
576451287415
576450944485
576450691015
337548784905
576450901175
162961026453
340820575859
576450694565
576451185885
576451288835
576451207185
576451341375
576450984955
388585808083
576450885555
576450801065
387778372555
346659895765
576451036785
576451029685
576450982115
535027965233
418399286129
576451318655
576451273215
267341841619
318598125271
161269254279
240705268213
514527129611
210464218829
576450979275
434018290213
576451290965
315232654157
576451348475
344110519179
366568157953
574225196015
205989506199
561260427555
576450710895
576451295935
246574745979
272265730243
576451335695
204220969985
375729213943
514579414931
576451339955
576451070865
576450872065
576451304455
545181429013
576450759885
576450872065
414122368185
576450829465
576451336405
576450884845
415353962559
208225296857
274245529733
576450823785
576451101395
418632572389
576450986375
576450997025
576450819525
576450972175
185883144453
516010370715
576451131925
145857938619
576451344925
236474370557
576451277475
187551215481
576451301615
151095682383
576450894785
576451049565
288717084815
576450777635
223368675073
576451060215
576451288835
557543433115
576451083645
576450938805
576451293805
182081384415
576451243395
302455911903
220025850737
576451026845
206916456615
189497250187
576450889105
576450913955
359977606373
576451346345
576451080095
576450907565
200511811457
576451063055
576451312265
312518749869
576450700955
576451271795
210172552733
576451053115
576451188015
576451151095
576450970755
576451192985
576450725805
547907798591
576451235585
576451046015
418204655865
576450833015
576450930285
231171530861
576451372615
215346886623
402977686949
576451279605
576451275345
576450918925
576450816685
576450744975
526270969489
576451215705
576450880585
576451099975
341735930455
189260392111
576451194405
576451167425
576450708765
576451344925
215762185791
576451169555
576451184465
270663697953
576451085775
576451213575
576450872065
576451158905
152988223317
576450779765
576451157485
576451337115
422957512673
576451015485
336050664591
576450948035
252231156759
535063900571
200923710525
530944681647
576451016905
576451244815
576451320075
247000640091
576450884135
576450962235
576451014775
144833227635
452147342577
576450858575
150172005633
576451025425
333359051383
144789335259
576451082935
529039417213
576450801775
576450894785
576451083645
576450669005
576451265405
312137366103
259145664877
405522239061
576451024005
576450748525
576450861415
420119512673
147693678253
576450855025
511618118959
576450900465
301337889225
576451097135
498456111843
576451322205
575291545015
314940292165
576451354155
576450774085
576450789705
145023674067
576451141865
576450907565
576451136185
476042179255
562101891683
576451189435
576451192985
576450966495
576450970045
271952433113
576451306585
246649990819
576450745685
435035862693
485482979219
576450749235
239173688813
576451021875
576450677525
576451109915
288063219357
576451354865
291198796781
316963945393
174825188373
576450793965
195111578015
576451090745
576451033235
199323304187
385258830995
576450798225
576451346345
458220820219
283384476291
576451147545
435901429105
382181858705
331226333839
575684539245
212159138321
576450867805
576451104235
361161603533
576450801065
221185261801
576451027555
329792050363
388942819611
465303104487
172867497519
311936417721
576451300195
576451090035
576450986375
576450948035
210294845237
576451261145
410133232247
576451334275
288613726401
576450834435
576450915375
265161796397
177443101555
576450981405
576450979985
576450764145
234798024893
576450833015
576451104235
231042225293
288515750027
576451088615
242060177915
544703919343
355585813151
244649103155
576450760595
494473461393
576451175235
257418516931
348332489357
576450884845
576451300905
576451324335
576450803905
558674888995
339608745225
337014998905
266795858209
576450830175
576450999865
576450891945
576450725805
576451329305
356722475245
576450904725
576450708055
576450724385
555110513353
576450872775
576450950165
576451103525
291242526269
449410205867
576451071575
176319705645
202605369025
576451319365
302308903769
265041325331
343186110143
576450764145
576451328595
576450931705
576450945195
576450927445
576451079385
340861492241
576450939515
273487558529
576450984955
475859553119
215137224431
149491909653
446108253511
576451332145
576450816685
576451176655
576450920345
266014699307
576450836565
414525396695
576451136185
576450986375
474632972871
165579126133
258528268699
210674625077
150410525793
233704225949
576451284575
576450768405
315153270757
576450917505
298357321857
576451335695
349903716749
361354871837
335022233551
576450743555
576450742845
452764798657
499407698059
233147251517
576450935965
576451153225
348057313223
152125254015
524267986145
576450987085
576450982825
576451092165
576451136185
576451171685
576450894075
470023886969
407716396175
169173199391
283913608707
396986974303
576451117015
576450753495
576451161745
576451009095
317111591029
576451271085
171708932015
576451121275
326059681519
576451155355
474988214887
364671028615
576450848635
182026235045
576450871355
576451145415
576450967915
576450788995
576451021165
576451083645
540534186305
576451288125
152998362687
576451359835
278207541729
576450735035
576450819525
576451301615
217010700079
258299442745
576450994185
576451352025
158483097783
421988675969
263880455029
576451366935
576451325045
395977614389
576451327175
494271600411
272980492397
576450823785
576450737875
545054596673
515269072981
409704514613
576451026845
576450827335
576451135475
576450962945
556671303355
576450714445
576450815975
576450863545
275301267427
576450822365
576450704505
335501939943
167312842907
576450770535
480529983449
346168992931
465687445609
576450679655
576451026135
293934113463
344109402395
576451082225
361557808709
576450891235
247107089067
576450951585
470258905451
576450882715
576451177365
576451072995
576450787575
235133986925
157587495171
220166585869
576451256885
576450901175
576451026845
364210238029
576451014775
576451019745
576450742135
459257195851
576451040335
576450911115
576450864255
576451153935
576450940935
576451358415
576450732195
414154907661
576451303745
576451225645
576450980695
576450730065
149370706113
345434996459
576451250495
406488409231
219284456789
576450982115
211461438989
243017439415
576450819525
243227637275
576451058795
576451064475
576450939515
576450906145
576450667585
233023142189
576450717285
254241098259
576450960105
460722940765
550190220059
424469426945
360508412717
181233158911
328325579187
276880796803
576450960815
576450999155
408452905103
375688758413
576451295225
576450939515
576450714445
576451321495
357289165763
576451317235
576450979985
188138880015
353558265735
576451213575
576450759175
576450769115
567693347067
576451187305
576450943065
157567083315
263674158829
576451012645
574462239455
535508051591
181879268299
275580084963
253845409959
241266271149
576451161745
576451171685
226921534991
576451043175
576450697405
576451131215
576450776925
576451281025
219688832889
363113764113
576451118435
576451025425
251198681609
153471206953
576451179495
576451014065
250969089309
576451150385
479439717277
576451226355
305387669615
576451287415
468592165631
576450716575
576450733615
198503690397
479341223187
576450841535
576450763435
576451065895
576451103525
576450930995
291546110957
390859011989
445462326441
169378513783
385456652531
576451317235
487439885785
417179344509
440423800703
576451151805
576451344215
576450984955
576451274635
576450718705
405108265941
533352359277
358835778961
219072846247
576450703085
311442141683
316862282623
576450796095
576451200085
576451105655
576450912535
148164112053
400408148577
576451028975
576451024005
170144822747
576451151095
576451032525
268394635523
243501968995
438915347999
576450908275
576451184465
576451348475
576450838695
576451105655
576450715155
576451288835
225955833109
576451146125
576451207895
244372166695
576451229195
576451207185
576451239135
576451253335
380487193745
212636308997
576450769825
576451259725
576451118435
576451302325
325028891607
505349623165
197593352901
437154972667
576451149675
576451217125
160336247895
242880299055
576451360545
576450854315
369527344693
576451207895
576450769115
576451151095
536142322373
576450795385
304221959287
576451292385
576451328595
576451102815
576451088615
229666559749
291273342593
576451059505
535375011641
576451062345
576450729355
576451143285
287566429451
576450784735
576451153225
411421104479
497481513575
477259550599
242683511815
450919536199
576451254755
369518670781
576451173815
576451016195
576450957975
576450803195
576451145415
293241831069
312730999833
576450752785
323828502725
576451170265
530686429573
576451141155
576451201505
576451319365
247859960641
313794759917
576451246235
488357624819
576450761305
576450695275
576450872775
506601814147
576450950165
576450874905
