436934948907
478484317793
581145909889
581145773025
151101531005
581145596849
581145393009
581145821801
403986249281
415310510913
581145610681
241281172749
581145542977
189663838368
581145429409
581145781761
581146046753
581145723521
334190066932
401050022705
581146059129
153759557356
372615076045
581145666737
581145999433
211587318197
363557399391
218493547873
225373416348
391252653836
581145660185
292584954007
581145360249
581145562633
581145922265
581146056945
581145508033
581145802145
581146059129
451011681303
334054339185
309232566245
581145558265
186197834179
473322808367
465110652379
581145708233
471114205131
411941309441
428671297747
230874958986
382010733340
581146051849
581145950657
340414061991
581145748273
581145385001
300518827761
581145410481
581145395921
350575736601
581145866209
159636978308
581145486921
581146032921
523662022503
581145652177
581146043113
581145433049
581145973953
581145953569
581145412665
267835166223
581145563361
581145997249
581145678385
266831191812
318211720887
581145442513
333750497889
581145957937
513132827305
428519277775
581145784673
581145698041
581145529873
581145422857
581145912073
581145743905
530215530451
336040124018
581146005985
581145680569
485882239403
147122551662
233178904176
581146000161
581145433049
296405395887
551374067305
581145979777
190744517955
336845931068
581145764289
581145358793
581145846553
581145996521
184442647272
581145579377
581145960121
581145409753
316369933662
354055302373
581145845097
581145791953
581145621601
331215254100
275012588095
183156115623
220991843311
581145775937
581145677657
379794191526
145442985270
581145577921
540209850843
581145754097
172077326403
581145572825
581145613593
190424832836
581145440329
563300892773
581145588113
581145854561
578226693783
419985926277
285719242945
426153376553
465921283099
219617901847
581146029281
401274189972
581145467265
453835948689
487719067955
388839252286
148683240476
413599360953
581146052577
146414532781
581145900425
581146041657
511270679043
393723369948
500142296321
581145604129
237950771025
277756341519
581145364617
581145685665
380756196894
224877110517
581145952841
163872364655
164467907480
581145931001
366219593314
581145928817
448547081757
283936408757
579799376337
581146067865
581145929545
370012293925
581145374809
280393099051
327762757960
484957782797
372504403116
581145692945
581145537881
556974371815
324236695562
344465387692
581145689305
581145861113
463350340759
348743911983
382342632919
517248954467
380572690557
581145844369
424439348393
229146481340
479740057045
161549360102
581145682025
393085590899
581145623057
581146075145
581146049665
227375790831
581145984873
581145536425
243829010225
235173797300
317534203737
581146022001
581146005257
567354160095
581145550257
279424131699
177818191106
305814147389
581145691489
581145382817
308510535429
539354286241
581145553897
581145573553
581145682753
242444875875
581145867665
494349112299
581145976137
581145896785
581146027097
379612034766
581145365345
210526556481
401267939498
384366314177
581145718425
161654622761
368725082104
581145634705
581145620145
218343321538
581145440329
367960323680
581145573553
179233575144
198454368188
413462546823
581145781761
418108087083
265999354274
157754869528
581145946289
581145523321
265695077156
257452171892
581145844369
581145486193
581145403929
232749442656
270203351118
322010906387
581145704593
581145562633
581145428681
322493935037
329913858651
581145902609
581145388641
242395400590
227346680764
432901509445
581145744633
377120653749
471913533359
465558214099
581146017633
318300849762
581145635433
581146016905
577030625247
581145971769
480980162941
438048826323
581145435233
581145495657
581145589569
498177703737
581145644897
178103592927
581146075873
221045648452
235913519991
581146053305
581145541521
581145586657
417139793753
581145572825
252677139146
459757122847
353679454492
581145965217
486297849941
581145565545
456835349299
581146045297
581145841457
299333790513
581145435961
581145913529
461189228839
581145849465
581145785401
581145461441
355831745635
581145924449
581145773753
581145560449
263095453621
581145868393
581145585201
581145475273
185294484121
581145437417
206109033820
581145666737
581145513857
581145539337
581146012537
365533220444
581145513857
581145660913
581145385729
250952656261
164026887500
581145532785
281435613989
581145572097
581146006713
477386012819
581145636161
581145722065
542550661371
518655426105
164106767460
312946160323
581145431593
581146068593
581145418489
149126843628
581146061313
232772666676
581145672561
581146004529
581145406841
581145599033
581146015449
499322003393
581145831265
190924542566
581145515313
581145909889
581145508761
197941296560
192352562679
581145943377
258134222573
580050309201
220503000976
581145591025
581146054761
289736818711
581145628153
581145979049
581145592481
581145880041
581145649265
305473596785
581145752641
435544070343
396238537921
511371733947
555456836455
470028262567
431882824969
581146082425
564991249567
581145667465
493694216013
581145777393
581146030009
463497750739
313178014660
184962983628
191570199877
581145579377
581145525505
390696708272
556844500119
581146072961
249146885759
581145720609
195124073348
515589646191
229446506184
581145709689
581145363161
581145925905
214444464116
156882201388
581145708961
439367976065
581145987057
581145374809
245298593430
581145928089
255782804959
169062656773
371252885661
241568293166
179541396420
581145374809
152920716255
381687408340
581146027097
581145500025
228871746915
379272996045
581145579377
355643284624
581145975409
581145735897
581145850193
319736003787
581145755553
581145922265
464479880689
581145596849
342173669846
581145653633
581145930273
581145591753
373075738388
581145372625
191719244201
581145410481
581146047481
581145939737
581145827625
466756026723
581145702409
581146041657
344176807969
339587185449
167449868983
271840915122
442778902507
581145719153
581145557537
581145446153
581145443969
581146005985
581145418489
581146059857
581145676201
382856774275
514125263643
376208583003
581145922265
581146024185
346893886524
581145783945
317633812262
309341183013
220199296727
581145804329
581145813065
150678344025
495650142555
581145791225
251228332715
581145604129
255517985079
581145818889
581145931001
404812600184
581145763561
171404611702
313518172648
581145848009
266244648001
163547682265
213468916260
147958168675
146073166934
581146067865
581145365345
386496288321
581145756281
581145505849
340475988387
581145907705
581145404657
581145560449
250268028907
581145496385
581145868393
211905084951
581145695129
362030846016
581145613593
461631981207
581145908433
221965585364
352434123220
569757173309
581145569185
581145795593
581145912801
581145623785
551374539959
581145439601
334323491119
581145762105
581145417761
581145447609
205714475799
581145414121
256693538185
581145582289
581145752641
445832472939
454182975585
214221095404
394081393891
342034050725
581145821801
180157853122
581145768657
581145865481
581145963761
219700063660
381049095335
461733339355
581145629609
573468746259
481873503653
162951977924
581145607769
470557997409
581145781761
492394371465
581145472361
287573940059
273648945773
581145452705
145616862197
581145407569
581145642713
214823290467
581145568457
346483068129
511617856409
219110095518
519434877723
152067770560
527634636983
581145438145
581145835633
581145711145
546147890139
408384736068
551326139229
581145790497
581145979777
581145871305
424056905033
581145743905
581145378449
478168257211
581145719153
425751819033
581145649993
390532575149
401067812554
581145596121
448935182657
309439985509
581145446153
438087391803
581145442513
404424934901
581145767201
581145837817
581145839273
163485672045
334637396634
581145850921
581145888777
581145630337
581146013265
581146027825
166170966631
435529201375
581145818161
581145839273
581146040929
581145463625
235734293775
581145988513
222134820329
523302398055
581145552441
160461532441
581145928817
581145633249
151070178855
437852667137
581145791953
581145946289
581145693673
520794781821
581146071505
581145900425
345836491808
335435845508
214682770286
581145703137
542687780283
581145582289
203315376356
228848717552
393123314920
581145927361
581145406113
161575163120
581145460713
581145588841
149969895675
169642871869
321972892687
581145474545
581145924449
335693812253
341181317312
581145685665
225822712889
581145518225
243525992875
581145872033
445375355187
335655608378
195189633505
380011148298
581145667465
581145741721
581145873489
245200920150
581145505849
581145931001
581145849465
181744058965
581146049665
245250603465
581146027825
581145820345
581145941921
581145383545
391441460327
204327287711
581145717697
241868761285
493447850355
205431363299
448897393807
581145545889
581145374809
457656362173
494812043019
581145861113
382531552914
262386418905
581145363161
581145598305
321883985662
558881116343
581145781033
203900151496
169187824264
581145401017
581145793409
581145357337
581145532785
186624502244
248473666967
563630736983
318184963312
432986725993
475601097455
581145955753
581145955753
581145364617
249108371391
304763528825
295494612751
168026146942
209691512656
581145901881
581145754097
581145500753
581145521137
423253106279
581145763561
211561460432
339460017575
514321983699
581146026369
241203052434
581145902609
463932514819
160143740683
581145782489
522900195825
581145489833
153086609965
174784418937
220537491451
484093872297
228079137027
581145537881
180627796941
491847093513
581146082425
488073729563
152084376520
581145802145
581145543705
234656614898
581146046753
311409909161
581145646353
394300576291
581145811609
581145764289
317240593337
267738509095
196712918090
581145971769
424826532593
581145429409
536200807573
581145459985
581145912801
208878512625
276509760265
581145551713
581145984145
155658133747
581145653633
433973006129
197321191172
247548179664
458023372901
581145743905
581145401745
353394583627
157079296249
581145738081
581145956481
581145566273
569051196773
474341570927
581145775209
311765241179
581145533513
558452775111
566270708319
581145912801
581145821801
256156382176
542876621019
581146025641
428907871801
230730758991
477878719671
187626841009
498079660645
180323894230
518848843461
219187638515
389585503327
581145444697
554540871057
294280248481
581145965217
581145547345
581145818161
253639229894
217015850411
581146027825
581145580105
333647040333
581145355153
581146000889
581145727161
581146070777
554128067127
196708311869
323097333037
581145805785
581145836361
581145545161
218957347069
581145925177
551648853523
581145732257
166998321311
581145762833
363118036956
581145396649
226743783147
333850994591
412591612941
234157048022
581146057673
418508219121
581145807969
319351670762
581145893145
581145551713
479183532079
581145816705
182441167202
581145358793
167571743166
581145502209
581145987057
167048685174
522465368313
233566777773
581145698769
581145495657
423771718313
581145690033
581145582289
581145641257
581145833449
339934408606
403730711225
413158776033
449167159457
581145955753
319379136812
183619194212
581145448337
194734946550
427115699993
507569361969
581145857473
250890567201
286152107745
581145805057
581145881497
581145739537
581145684937
581145489105
345570058757
403524318764
576202271507
519503793207
208317144802
495967591603
485187397521
167597681169
490354600419
581145519681
581145729345
258605738735
494423352201
581145394465
581145751913
581145805057
335062335040
581145860385
581145522593
162520837731
302134359311
581145831993
371002340619
581145877857
186890385014
581145765017
581145963761
189050196781
415089410103
581145871305
178106636309
581145439601
581145566273
581145757009
581145878585
581145608497
203472082178
254644947769
581145991425
581145911345
163984652963
581145374809
581145724977
257156068929
200362561869
581145810881
581146072233
581145687849
222294562064
219999123153
162394607867
203265024866
581145476729
581145631793
283660620497
389993814841
203137124786
581145361705
160692598868
160596404737
581146003801
581146027825
581145697313
225291733620
581145931729
263757444962
581145726433
298937304785
581145558265
581145610681
581145647809
581145746817
444363335451
159416328637
581145651449
563846326635
268347376006
581145958665
581146019817
264534092141
554743184805
429629963797
581145939737
357825471227
581146009625
581145611409
207092305065
581145672561
519001479219
254073838430
581145953569
441352910465
581146078057
581146074417
575608078915
484945970209
175392672252
238724401701
361058447541
581146027097
500437629281
581146026369
307775235461
581145591753
581145494929
468635016407
581145597577
581146012537
452417410575
314682582512
206081903189
581145751185
581145603401
230118630462
252884687624
581146070049
483748365525
240777203088
