203024701716
551500319432
151406124584
132963598264
126944964060
551500728239
487223590208
551500843599
204265838778
551500697236
427025726883
551501013755
224493965570
313808428720
551501000056
390794207214
216283351977
551500973379
551500811154
124174862893
126118899073
551501016639
206977823700
551500418930
444131456843
151490491115
195889072085
551500924351
551501022407
551500375670
551500383601
551500578992
551500440560
551500669117
551500995009
551500537895
179534090210
264155328230
158325524839
551500442723
133379279794
551500392253
551500731123
151055683833
551500722471
203339062796
392890731138
551500506892
180261257609
180688054073
551500746264
551500752032
551500548710
551500519149
551500741938
551500726797
529293801785
551500654697
551500493193
551500345388
178147170683
139855555148
551500703004
551500473726
551500844320
364053695738
551500478052
551500498961
376327290142
551500366297
551500605669
551500465795
379975439766
551500560246
140197332484
532923366963
243146123058
551500498240
551500778709
421105123730
437501913733
123336029933
551500461469
341563778300
171185404633
357084363832
173494374336
551500474447
368851282604
541079282284
288047506363
174782714958
551500611437
394979795269
198746617753
551500824132
551500326642
228217012634
551500767173
551500443444
551500806828
183189548330
551500703725
161859955737
551500375670
551500965448
551500697957
551500865229
481656263535
515767106740
421761973585
551500535732
551500922188
283381961899
551500632346
551500633788
551500903442
222680315361
551500808270
511568286518
551500818364
551500619368
161249959479
158160913996
126539058197
199283055027
551179713083
412507332770
481392178270
551500970495
551500909931
214244854845
180730091912
253744769978
551500878207
471909469553
118318676181
551500515544
541247254374
341605645295
551500810433
551500444165
179563234121
551500790245
551500917862
171938217778
551500729681
512592438578
551500842878
281953305278
165108049969
551500914978
303188400832
551500689305
551500497519
551500995730
551500348272
551500865229
179003330115
139638974945
551500827737
551500862345
551500703725
551500456422
551500812596
551500594133
283471126534
325368077764
551500428303
261241618257
443029809549
118758265562
551500400905
181199578166
195429162247
551500984915
382668516161
551500987799
551500873160
255083099517
154071541880
153852997325
551500903442
182557133390
282430232309
551500678490
399664204640
551500338899
366788825477
551500855856
551500527080
190726200886
551500773662
165297135016
288023691588
551500630904
551500598459
179249167079
551500798897
212356268982
137038415252
388052732146
551500970495
389611739116
412116300720
547688750173
403596638695
238977182060
551500842878
551500783756
551500832784
551500399463
551500638835
551500555920
551500987799
551500801060
551500831342
551500831342
551500327363
192608636233
551500512660
296311728740
447536154108
516834095687
551500491030
551500445607
170797904548
151495615229
227700518084
375575099712
551500793129
551500770778
551500520591
551500683537
208464385409
375979620367
551500550873
129315362046
551501024570
192764878834
551500851530
135164657784
277158571265
551500859461
166611837775
551500761405
551500834226
479740323971
551500880370
289859120803
470713351947
532788588579
551500736891
156807065765
197192177619
420329652391
145400222109
551500789524
142037732464
373456666122
414395787328
551500752032
551500914978
551500336736
551500454980
164093637805
120661131190
551500462190
551500475168
551500795292
160411775425
551500814038
551500342504
551500927956
551500787361
315114492699
334554425278
135400595464
551500553757
551500896232
551500968332
551500807549
144151088426
161563413516
248011902269
201257216329
390257702586
551500923630
551500580434
141313806291
551500447049
237468948584
153987438950
135821141678
423656405255
551500424698
551500746985
121241357035
551500405231
149249796434
551500728239
201681713454
165511651441
304418077294
423375660286
320229167418
551500692910
256874682655
137119879987
551501039711
179824085141
551500917862
403859036062
128158638456
551500684979
551500342504
238543215203
551500580434
284688385558
155813314250
287180380878
208156090483
177590761505
551500652534
551500578271
551500925793
302050081259
122670799318
183754114463
551500707330
482418117446
143583201731
551500945260
354019698302
551500868113
551500964006
551500562409
551500654697
311773811223
271506137371
551500472284
551500757079
551500904163
551500665512
228215461172
551500783035
551500475889
336149336735
425690397298
551500479494
203269472198
551500394416
551500450654
551500530685
280018725036
137981232763
551500797455
551500576829
551500516986
327739431496
234326081159
551500798176
551500703725
489878430796
551500810433
551500959680
551500910652
551500792408
349611638707
551501023128
551500791687
214116010689
411009450840
551500656860
551500457864
221729717526
551500517707
435378409541
441211023470
284933798713
122044556842
370793159772
551500957517
551500572503
551500686421
551500438397
551500917862
157044159920
333751166747
551500426140
551500576829
127828429434
187365015135
455107112986
551500853693
551500325200
551500640277
420535429402
551500875323
551500456422
551500864508
118712035978
551500775825
551500969053
551500342504
156465373754
171660004423
164832961855
338316029670
551500920746
551500851530
245921527339
551500348272
551500931561
551500639556
551500763568
510731895669
392200609552
551500951028
369342003487
141432452429
551500580434
211376026297
239718637298
551501007987
403670710009
240123349484
551500889022
233863904289
355541895052
318403394114
551500411720
551500537174
551500442002
551500726076
551500842157
551500940213
137309276799
551500393695
551500576829
217976500714
493243478275
542045772094
234119996319
551500772220
279245642111
551500859461
551500673443
551500615042
551500490309
551500469400
288030866523
551500663349
551500615763
551500344667
132540514207
210617414917
551500795292
551500370623
397055479244
551500703004
551500442002
147603667327
551500378554
349247796256
127721947047
551500367018
551500640998
551500568177
551500718145
217485534468
551500599180
227480122271
325325671672
253301989040
551500911373
207875545494
304779868843
483015373854
551500852251
457911766030
551500336015
420709609869
243905799849
272794103386
551500839994
291961778012
391087940764
133387836254
154932166640
448998566312
391556233160
278276531240
551500512660
230602306688
551500867392
313524170636
278859167377
551500736891
551500979147
551500542942
551500840715
496253931494
551500472284
551500989241
551500927235
551500422535
551500448491
551500886859
551500838552
551500608553
551500801060
551500800339
551500425419
243588210118
551500622973
186017177052
551500402347
551501024570
551500815480
259299700192
551500692910
551500490309
551500577550
551500537174
519896996913
551500791687
155125475300
551500595575
551500558804
448181562002
180274617629
262866493041
551500330968
379972830237
551500536453
522954200521
207661356621
551501034664
145254557263
256448078579
551500930119
437700915348
551500431187
369675818888
177856901708
551500504008
551500905605
221882902822
551500782314
551500731844
551500604227
551501034664
551500544384
551501029617
551500761405
216405614124
448064627924
282984311044
551500514102
422036438807
551500492472
551500351156
300431982649
551500573224
551500330247
327703075024
551500880370
423747240911
179957364020
550903074035
228990781982
207183060843
464048903635
551500932282
551500497519
124680536523
400047007826
132893886897
551501013034
551500992125
551500881812
551500975542
374497835732
295416628820
148441872753
147187150114
122452435744
473284881103
387226199376
551500622252
551500946702
551500363413
551500971216
551500889743
261311153952
551500771499
551500827016
551500518428
551500902000
551500361971
239553454268
551500493193
551500347551
551500359808
277815600740
551500541500
259181636167
551500788082
551500668396
551500467237
417765334824
142932899252
211359251127
347954817331
533527795758
364286287839
551500871718
551500654697
277782558005
546755910229
181621210382
551500820527
551500973379
551500545826
551500421814
551500821969
551500414604
163709363005
400057423454
551500880370
131925442618
551500675606
551501010150
551500772220
333881752293
551500543663
479426211647
551500793129
412794687149
551500357645
551500619368
551500587644
551500369181
551500675606
413194737787
551500947423
246676653846
551500977705
177299331676
540263223098
551501033222
551500845041
551501026733
122854931028
409394637882
551500773662
551501000777
551500645324
551500676327
551500995730
133031348881
271213776904
551500699399
551500397300
457657854348
149229239084
216258053886
197611040648
551500669117
353974465262
551500796013
551500803223
551500881812
485508057006
194576578987
551500891906
545412879604
197607737037
551500456422
442421663593
354090245917
551500734728
551500330968
551500804665
306528523661
317724285959
551500657581
510782764095
314965907592
157985305099
303708913573
551500935887
551500553757
551500489588
129224657245
513632948291
125715141735
233680135184
176122052321
146241915109
551500834226
236791805325
551500365576
551500837831
246494844589
310835488585
551500404510
361488046141
551500361250
551500713098
551500690747
119114550804
173897374534
149680992584
170818883548
551500540058
509403893694
551500721750
551501023128
551500622973
398222473077
192068818591
551500992846
432345526647
127032739121
551500909210
551500692910
261740292917
297864360298
551500462911
551500335294
551500446328
175282345315
246578548339
551500745543
551500993567
551500683537
436764938896
551500700841
135198442392
551500912815
551500922188
551500643882
268033856151
177337475018
551500906326
253348090367
404868714289
429369960492
551500723913
551500947423
122823453918
551500917862
120812443810
292642262085
551500374228
393557689056
551500979868
233903688194
242641081431
551500965448
275761884421
551500930119
551500882533
139790267982
551500553036
171805599943
211239585242
372759684312
551500850088
551500611437
551500927956
551500873881
505464150118
551500511939
551500441281
551500420372
341377284972
361384957494
387287874231
452280958864
551500447770
176329654670
551500922909
170380416378
551500972658
551500777267
551500860903
282808379239
551500528522
508625332298
551500894069
209429066229
194352805984
551500491030
146856838289
551500622252
398057090484
212581201952
551500490309
238480142583
551500329526
551500475168
551501020965
214277110866
332448518778
192146231434
551500956075
551500367018
222297918169
231396042488
313153896930
551500780872
551500752753
551500749148
521837467129
551501015918
530441809166
416914826769
191200764847
551500375670
551500816922
383787865696
551500402347
340216711059
264526398831
551500359808
551500504008
190790569786
551500638114
551500969774
551500452096
551500599180
551500965448
551500787361
411993225550
551501030338
551500447770
391704260600
134302967614
551500661907
215221085268
551500703725
203918668680
202333517904
551500889022
551500834947
244245265284
551500759963
127632444755
170671132798
551500829179
228182708408
442990208691
428591358575
143717891658
160853133171
551500816201
551500708772
551500713819
551500493914
309220799046
551500841436
551500844320
275317954935
551500874602
202772235546
242284251354
551500634509
309934264536
137365752218
551500684979
188942075464
332404336633
273375949116
498361765505
199352172042
551501034664
360698413597
359496361952
551500759242
551500377833
551500599901
260466440950
179928534368
128040191446
551500948865
551500763568
551500920025
551500622252
551500488146
515086867628
551500714540
551500987799
551500630183
128575133128
316904780873
551500571061
551500330968
467509747947
181831270535
551500730402
551500893348
401501357078
551500455701
244200995406
551501014476
127234088412
426355103733
551500382159
274232972543
551500782314
551501014476
551500956796
300013594864
551501012313
551500437676
551500893348
551500584760
551500886859
282167441648
551500498240
551500686421
459019242663
312459812440
551500442723
551500389369
138046984671
153675742145
266193168104
551500610716
551500607111
551500664070
551500561688
541059325919
551500578271
551500835668
139889118699
551501011592
252598598816
425982296689
551500833505
551501029617
551500969774
551500330247
551500896232
401945353524
127691430187
551500703725
445244117882
551500796734
137988154544
147695159366
551500494635
271719291151
551500445607
551500659023
551500755637
381625103827
551500444886
551500652534
551500682095
551500898395
551500438397
551500658302
369036733459
551500361971
551500606390
185922556005
172235894668
119757149589
551500656139
272885848249
311497784340
551500631625
179218457330
157506136246
497904338028
417380785029
200163117898
278963614116
234787067764
445211136700
293638621456
224916856940
551500603506
551500504008
373471251532
458860041753
551500553036
551500401626
341251707090
551500816201
303709146862
551500969053
551500488867
551500889743
