606150852817
606151116718
248314416808
234827000550
189641181816
277630419552
353965666976
606151344269
606151086184
376116800918
411169729632
606151115264
173523806648
606151198869
191778776778
606151179240
606151087638
606150876808
606151320278
250334280148
360522536770
606150908796
606151302830
606151311554
559175431180
167019798850
250885679274
248903924980
198903779984
606151187964
515659127820
520955277232
402536978880
460963138611
446793414666
606150916066
606150969864
457621022223
606150987312
592134091654
403153933578
237644191966
606151321732
606150865903
606150985858
330019760364
484706251303
606150719776
606151393705
606150900799
237994431526
238753649330
606150833915
606151239581
171164744186
606151296287
191380764938
606151267934
606150905161
606151211228
214706354444
606151352266
606150884805
242329686994
600168923025
606150789568
476956905735
606151281020
537644394115
606151078914
606151360263
328137091290
191998734250
606151269388
606151248305
606151368260
606151219225
606150804835
606151127623
604401904752
328075560854
606151103632
606151034567
606151307192
242531876494
606151174151
606150733589
270378192566
362235176634
606151387162
538522888459
189924752358
606150924790
396681601142
260366840946
388801502328
381089789954
606150839731
327591251072
606150913885
606150921882
606151238854
606150941511
606150889167
262893362746
238583716126
606151150887
287451510242
606150937149
606151111629
581934386289
606151383527
399302579072
606150791749
606150967683
606151347904
606150909523
257059734118
606150745221
606151270842
257806357966
286527210242
606151392251
606150834642
410102113000
606151064374
606150738678
258991683648
606150697966
606150738678
606150849909
172184544166
606151088365
606151083276
456636746372
606151198142
330802036078
606151070190
232985798134
342473798604
606151059285
606151332637
606150789568
606150845547
408035830690
606151222860
479778521883
606151091273
305299812998
360268197410
606150708871
557325129199
606150910250
548049223717
606151254848
606151041110
458982805783
606150967683
349470128296
298077013660
485073073436
606151276658
372548859870
606151085457
518821299150
216960071984
606150788114
364774175372
606150839731
606151118172
520853305029
272961300930
451337848284
506525498428
374052276520
606151403883
606151382073
197153478754
256635115118
302057481942
200381056154
606150828826
606150851363
547429866525
606151398794
182515198642
575610339077
212355301262
606150781571
606150858633
606151174878
298762715894
606151187964
606151372622
606150713233
214522062950
199174001094
265688810418
210279053186
606151099270
241972308130
606150812105
606150980769
606150868084
501816586507
260466702266
598950115435
606151306465
344571933732
606151336272
606151003306
417683825770
606150985858
179903358962
606151393705
606150766304
245125055968
606150852090
606151155976
606150906615
344406423136
254024662926
606151347177
264624340366
606151115264
529398700405
606150787387
208415572362
505170828332
606150929152
606150894256
502467080087
369055915602
308696869376
172708172686
370432207522
249769989100
478022896617
606150889167
329754208308
249180643096
170538680386
592037176074
606150963321
606150894256
350802760162
606151185056
180080144692
207474774002
606151309373
606151003306
531564931205
606151379892
295554273030
352722398402
251288180674
288672377942
606150711779
266824738168
184448348684
606151374076
307052432096
606150891348
606150825918
268852708276
329257580418
279520703240
165776553538
352091514916
350608710878
241754999480
606151069463
471885265994
350201917214
606150739405
606150895710
606150714687
242440014614
606150815740
606150858633
606151271569
401200812464
206973020038
606151365352
164116637650
335218051000
606151058558
310093860342
606151424239
606151324640
432622200652
403406773426
205967564286
606150725592
606150897891
410739468816
606151173424
606150777936
332334979600
166049664922
606150752491
292807838730
323381078028
606150870265
303254226342
436707236216
322359308342
406136866734
298530089232
225240404356
606151411153
606150964048
606150789568
606151241035
606151239581
458599954690
410662816704
552547358621
606150747402
606150904434
606150927698
606151222133
349444210476
606150742313
606151052015
606151251213
593679407361
179483184358
606151143617
231299045998
252417320924
606150913885
606151233038
606150896437
606151173424
606151391524
606150767031
521600733292
606151144344
555712126641
606150760488
606151358082
243076390754
606151281747
197335977304
468904622678
425950417964
376823869038
308923604612
218269708130
606151391524
262584662974
606150844093
606151043291
471818833026
505730323476
606150862268
238984548026
606150730681
606151166881
606151281020
606150916793
169012753214
606150957505
606150719776
182684456734
606151159611
380175436908
606151347904
606151130531
422463585604
298483337192
606151218498
566658586070
164238821194
223234438662
606151091273
606151241762
606150780117
432714804044
519685779466
313660920166
606150832461
606151060739
606151230857
606150794657
376676771934
606150921882
257983200254
330846657160
606151379892
209731198970
606151196688
606151413334
308722025732
394734729776
606151042564
606151291198
289599859298
606150900799
360411127010
394885658840
277520213078
438588170366
606151195234
194537744014
489755078004
472188392226
606151344996
242443471734
391687243676
243685179946
539484359697
606150740132
569934893923
606151138528
606150845547
606150847001
345028709028
606150713233
606150698693
233372234614
552198423757
285645469382
169102162378
606150878262
606151143617
606151210501
560953663866
542318294605
606150709598
606150710325
477716023446
606150807743
606150816467
606150937876
397444769418
606151348631
513652723588
593951280741
606150955324
606151390797
534917655612
262593495652
606150785206
606151017119
606151062193
606151104359
606150840458
606151140709
606151058558
606150715414
400934324596
405753069414
606151232311
279516784954
606151135620
318564089702
470624677725
606150704509
432280349004
605224888054
557397457903
383479807958
606151412607
354008428040
606151182148
194613523204
606151140709
606151254848
317454516930
382932418728
606151344996
241077745836
606151128350
606150973499
551955362679
188723566508
606151198142
169072394918
606151155249
606150788114
281748888940
218301187172
606151321005
606150731408
177282514458
497664551597
185264363902
606151088365
606150881897
606151371168
606151098543
166276228078
209694413048
606151339180
606150841185
203288814902
606151054196
606151096362
606151193780
606151310100
191474957530
458901500516
606151339180
606151379165
606150920428
606150815013
296581434576
416301825282
504224891608
606151344269
190198240070
474479679154
606151305011
273064592454
388909948450
606151100724
606150735043
217599395578
606150964048
606151195961
377337594096
606151172697
312386466614
436431646808
606151139255
606151166154
606150954597
436522121216
606151001125
499737990183
225495436764
606151349358
606151243216
606150950962
414626178520
168198610580
606150949508
424263907748
606150785206
606150772120
329649905604
606150985131
459350070231
449662548114
429084481868
488766225300
502491696327
606150869538
178194319638
606150927698
420792882028
606151135620
606151385708
606151126896
353703094298
606151376984
606151137074
606150873900
606151069463
173270796462
340213717694
297325974406
606151219952
606151327548
384302592936
606151419877
606150869538
252228099724
358121128904
440898314292
606151209047
233137288870
201440109154
606151038202
606151403883
606151070190
606151125442
606150941511
406263922416
606151082549
200935304224
606151126169
606151101451
408443724544
383724165310
606150846274
166406616274
377068658814
606150759761
167901645100
606150804835
606150796838
291647238450
606150985858
351136531334
606150885532
177850033696
606150778663
198786593474
606151299922
413521575240
606151149433
485560876460
606151188691
606150741586
606151387889
598425692965
294536909082
368240079066
273295962474
486542634071
347594066128
606151188691
582946238874
606151364625
297726370996
606151241762
247691773120
606150870265
486691463705
428797361996
606150841912
606151022935
453587288782
606151186510
606150949508
606150804108
268961029522
606151275931
606151350085
606150946600
488052179786
606150921155
238695616726
214098335264
606151198869
323898012266
606151242489
164721673810
606150921882
606150844093
261285873910
425100719892
507569626552
394845302732
606151093454
606151097816
195027041814
606151253394
606151369714
531948043061
370764214090
606150902980
258673175246
347135419188
249717652336
606151163246
606151328275
606150901526
165800151538
340599264068
606150809197
496594979713
606151023662
606150927698
337292761814
606150703055
252353180624
606150868811
606151153795
606151206866
208829872490
606151181421
401212815524
456684939752
286297276382
571219173273
171574411914
573414999414
606151060012
472346371054
455235443202
606151348631
606151150160
367324215216
606151315916
606150898618
214255383380
553744648943
606151221406
180672783182
216227367746
221207176410
606150922609
174161285204
606151424239
606151009849
606150991674
237359230366
261464839126
171335674414
367531082916
237051021586
177074001010
436505377016
267026217228
194137808674
606151207593
606151229403
262707378748
212772607892
184000216832
220409183850
606151295560
242401451474
606150825918
163083444898
398657844970
606150828099
172611513742
606151230857
606151209774
376737754548
606151423512
516982481745
376616026038
442394821612
606151312281
500437619082
606150745221
606151337726
194862697484
606150815013
606150877535
606151013484
606150839731
606151070917
425788121108
373357647156
606151177059
606150934241
398258932130
356103937862
505346709570
606151105086
606151121807
309378264030
606150708144
488994270124
205108468134
606151078187
606151006214
606151349358
606151299922
606150910250
606150878262
408125354806
606150950962
188028580326
606151375530
326786044800
606150965502
314062103074
194209949084
358516559246
606150961867
606150797565
606150719776
242158812812
606150879716
606150829553
606150697239
606151368987
303374933942
209800173806
295023965578
274258405782
606151347904
606150864449
225851624038
582605313574
221090921322
606151029478
606151352266
606151310827
544926822322
211438621106
606151368987
274391839742
396479349068
606150961140
606150760488
606151241035
606150772847
606151319551
606151116718
477843929763
606151137801
344986444028
606150932787
606151389343
606150892075
606151014211
606151367533
606151257756
606150761942
519264056715
606150719049
388269205440
521927780085
606150951689
168101704820
606150829553
606150955324
226729898086
217151415976
606151201777
317080951866
606151411153
606150709598
606150890621
606151255575
606150824464
441476048396
606150744494
201796698434
209313698996
381853798352
606150982950
229670860230
606151347177
164403826414
606151180694
606151142890
606151209047
598483643000
606151034567
606150833915
233832871910
606150705236
606151023662
606150763396
606151145071
490099064283
273295328190
484261939028
578717156488
402842260810
529583691192
606150842639
606151334818
606151294106
606151382073
345536962452
606150799746
442392395492
458095294201
193300806494
606151001125
606151004033
188848431190
606151261391
221577775774
606151357355
182120682990
606151321732
432607803212
214800065546
366918882216
234174361894
606150806289
606151214136
606151083276
204111873268
348201345484
345783713868
333003716900
606151174151
223171531746
606150950962
606151006214
606151076006
331531822696
168781758974
554716585930
606150923336
231239421174
606151299195
606151110902
286268946002
531085635632
433671969612
606150745221
233300945126
606150993855
606150721230
378642693738
569988393012
606151122534
606151112356
606150986585
606151206866
498342900011
606150727773
606151178513
542492625946
544552988152
606151162519
606150727046
606151416969
606150924790
256125509662
295536356668
606151215590
606150925517
218519407216
606151374803
606151422058
606150867357
520793943548
606151306465
606150984404
315601724046
606151171243
606150802654
606151143617
254934170286
606151223587
216697911176
606151271569
437349625496
606151395159
606151060012
606150928425
606151270842
321527005062
606151277385
388434899662
606150709598
402612057128
190130879554
274980241242
558079824515
568930901929
606151171970
606151149433
606150851363
606150716141
606150788841
606150777936
606150957505
606151059285
606151128350
606151009849
252167248374
606151164700
472453147612
606151338453
