20 50
-36 42 42 11 -3 -5 -36 9 -17 22 -35 -46 -35 15 28 -5 25 48 -42 -14
5 9 14
1 3 15 -26
4 2 5
1 13 14 8
5 1 19
4 3 11
5 4 16
3 1 20
3 10 20
5 7 18
1 13 15 33
4 6 14
5 7 16
3 2 6
1 3 5 -9
4 14 18
5 1 11
1 3 3 -25
5 5 14
3 6 12
3 5 19
5 2 10
2 2 18 -36
5 14 15
1 7 17 -26
3 10 10
1 5 18 41
4 2 9
5 15 20
1 19 19 37
3 6 13
5 9 11
1 6 15 23
1 1 11 41
2 10 10 -7
5 3 15
5 3 16
1 4 14 46
3 18 20
5 11 16
4 10 19
1 12 12 12
5 6 9
2 2 20 -36
1 6 10 42
2 13 13 9
5 2 8
5 7 15
1 18 19 -42
5 2 13
