100 100
83 91 54 5 49 54 72 38 49 72 28 74 70 99 23 96 87 57 19 83 87 81 24 80 85 4 84 64 70 65 21 4 8 75 8 8 80 32 46 80 3 73 53 24 23 28 19 9 84 37 92 71 18 67 2 54 71 86 69 92 2 89 95 9 15 3 69 94 34 14 74 88 38 78 63 61 5 82 69 89 70 60 11 39 27 64 92 49 49 60 92 3 1 86 63 15 40 31 9 25 
1 2 3 4 5 6 7 8 9 10 11 12 13 14 15 16 17 18 19 20 21 22 23 24 25 26 27 28 29 30 31 32 33 34 35 36 37 38 39 40 41 42 43 44 45 46 47 48 49 50 51 52 53 54 55 56 57 58 59 60 61 62 63 64 65 66 67 68 69 70 71 72 73 74 75 76 77 78 79 80 81 82 83 84 85 86 87 88 89 90 91 92 93 94 95 96 97 98 99 
34 9
11 16
16 62
56 36
18 67
81 18
30 48
84 1
46 31
77 4
72 10
5 24
98 0
12 85
85 1000000000
40 48
99 0
21 72
43 39
31 42
28 7
9 25
1 22
60 23
26 38
9 2
73 4
17 1000000000
83 16
47 31
29 18
7 34
96 2
18 47
36 32
75 1
5 25
33 60
33 6
27 56
51 47
55 7
15 83
79 18
3 44
5 50
67 1000000000
36 7
24 1000000000
55 34
81 2
83 7
37 3
3 18
82 9
36 31
40 52
58 23
62 35
69 14
26 70
6 88
80 2
98 1
40 58
63 28
67 0
21 61
10 53
75 7
86 0
60 40
97 1
49 14
23 59
35 11
94 3
82 15
36 45
26 31
55 21
7 38
11 44
9 6
99 0
18 30
46 51
29 49
74 6
42 20
5 28
40 54
53 28
70 0
94 5
12 23
37 26
87 8
83 0
86 1000000000
