150
9 1 1 1
131073 131073 6 6 31 31 156 156 781
9 1 1 2
131073 131073 6 6 31 31 156 156 781
9 1 1 3
131073 131073 6 6 31 31 156 156 781
9 1 1 4
131073 131073 6 6 31 31 156 156 781
9 1 2 2
131073 131073 6 6 31 31 156 156 781
9 1 2 3
131073 131073 6 6 31 31 156 156 781
9 1 2 4
131073 131073 6 6 31 31 156 156 781
9 1 2 5
131073 131073 6 6 31 31 156 156 781
9 1 3 3
131073 131073 6 6 31 31 156 156 781
9 1 3 4
131073 131073 6 6 31 31 156 156 781
9 1 3 5
131073 131073 6 6 31 31 156 156 781
9 1 3 6
131073 131073 6 6 31 31 156 156 781
9 1 4 4
131073 131073 6 6 31 31 156 156 781
9 1 4 5
131073 131073 6 6 31 31 156 156 781
9 1 4 6
131073 131073 6 6 31 31 156 156 781
9 1 4 7
131073 131073 6 6 31 31 156 156 781
9 1 5 5
131073 131073 6 6 31 31 156 156 781
9 1 5 6
131073 131073 6 6 31 31 156 156 781
9 1 5 7
131073 131073 6 6 31 31 156 156 781
9 1 5 8
131073 131073 6 6 31 31 156 156 781
9 1 6 6
131073 131073 6 6 31 31 156 156 781
9 1 6 7
131073 131073 6 6 31 31 156 156 781
9 1 6 8
131073 131073 6 6 31 31 156 156 781
9 1 6 9
131073 131073 6 6 31 31 156 156 781
9 1 7 7
131073 131073 6 6 31 31 156 156 781
9 1 7 8
131073 131073 6 6 31 31 156 156 781
9 1 7 9
131073 131073 6 6 31 31 156 156 781
9 1 8 8
131073 131073 6 6 31 31 156 156 781
9 1 8 9
131073 131073 6 6 31 31 156 156 781
9 1 9 9
131073 131073 6 6 31 31 156 156 781
9 2 1 1
131073 131073 6 6 31 31 156 156 781
9 2 1 2
131073 131073 6 6 31 31 156 156 781
9 2 1 3
131073 131073 6 6 31 31 156 156 781
9 2 1 4
131073 131073 6 6 31 31 156 156 781
9 2 2 2
131073 131073 6 6 31 31 156 156 781
9 2 2 3
131073 131073 6 6 31 31 156 156 781
9 2 2 4
131073 131073 6 6 31 31 156 156 781
9 2 2 5
131073 131073 6 6 31 31 156 156 781
9 2 3 3
131073 131073 6 6 31 31 156 156 781
9 2 3 4
131073 131073 6 6 31 31 156 156 781
9 2 3 5
131073 131073 6 6 31 31 156 156 781
9 2 3 6
131073 131073 6 6 31 31 156 156 781
9 2 4 4
131073 131073 6 6 31 31 156 156 781
9 2 4 5
131073 131073 6 6 31 31 156 156 781
9 2 4 6
131073 131073 6 6 31 31 156 156 781
9 2 4 7
131073 131073 6 6 31 31 156 156 781
9 2 5 5
131073 131073 6 6 31 31 156 156 781
9 2 5 6
131073 131073 6 6 31 31 156 156 781
9 2 5 7
131073 131073 6 6 31 31 156 156 781
9 2 5 8
131073 131073 6 6 31 31 156 156 781
9 2 6 6
131073 131073 6 6 31 31 156 156 781
9 2 6 7
131073 131073 6 6 31 31 156 156 781
9 2 6 8
131073 131073 6 6 31 31 156 156 781
9 2 6 9
131073 131073 6 6 31 31 156 156 781
9 2 7 7
131073 131073 6 6 31 31 156 156 781
9 2 7 8
131073 131073 6 6 31 31 156 156 781
9 2 7 9
131073 131073 6 6 31 31 156 156 781
9 2 8 8
131073 131073 6 6 31 31 156 156 781
9 2 8 9
131073 131073 6 6 31 31 156 156 781
9 2 9 9
131073 131073 6 6 31 31 156 156 781
9 3 1 1
131073 131073 6 6 31 31 156 156 781
9 3 1 2
131073 131073 6 6 31 31 156 156 781
9 3 1 3
131073 131073 6 6 31 31 156 156 781
9 3 1 4
131073 131073 6 6 31 31 156 156 781
9 3 2 2
131073 131073 6 6 31 31 156 156 781
9 3 2 3
131073 131073 6 6 31 31 156 156 781
9 3 2 4
131073 131073 6 6 31 31 156 156 781
9 3 2 5
131073 131073 6 6 31 31 156 156 781
9 3 3 3
131073 131073 6 6 31 31 156 156 781
9 3 3 4
131073 131073 6 6 31 31 156 156 781
9 3 3 5
131073 131073 6 6 31 31 156 156 781
9 3 3 6
131073 131073 6 6 31 31 156 156 781
9 3 4 4
131073 131073 6 6 31 31 156 156 781
9 3 4 5
131073 131073 6 6 31 31 156 156 781
9 3 4 6
131073 131073 6 6 31 31 156 156 781
9 3 4 7
131073 131073 6 6 31 31 156 156 781
9 3 5 5
131073 131073 6 6 31 31 156 156 781
9 3 5 6
131073 131073 6 6 31 31 156 156 781
9 3 5 7
131073 131073 6 6 31 31 156 156 781
9 3 5 8
131073 131073 6 6 31 31 156 156 781
9 3 6 6
131073 131073 6 6 31 31 156 156 781
9 3 6 7
131073 131073 6 6 31 31 156 156 781
9 3 6 8
131073 131073 6 6 31 31 156 156 781
9 3 6 9
131073 131073 6 6 31 31 156 156 781
9 3 7 7
131073 131073 6 6 31 31 156 156 781
9 3 7 8
131073 131073 6 6 31 31 156 156 781
9 3 7 9
131073 131073 6 6 31 31 156 156 781
9 3 8 8
131073 131073 6 6 31 31 156 156 781
9 3 8 9
131073 131073 6 6 31 31 156 156 781
9 3 9 9
131073 131073 6 6 31 31 156 156 781
9 4 1 1
131073 131073 6 6 31 31 156 156 781
9 4 1 2
131073 131073 6 6 31 31 156 156 781
9 4 1 3
131073 131073 6 6 31 31 156 156 781
9 4 1 4
131073 131073 6 6 31 31 156 156 781
9 4 2 2
131073 131073 6 6 31 31 156 156 781
9 4 2 3
131073 131073 6 6 31 31 156 156 781
9 4 2 4
131073 131073 6 6 31 31 156 156 781
9 4 2 5
131073 131073 6 6 31 31 156 156 781
9 4 3 3
131073 131073 6 6 31 31 156 156 781
9 4 3 4
131073 131073 6 6 31 31 156 156 781
9 4 3 5
131073 131073 6 6 31 31 156 156 781
9 4 3 6
131073 131073 6 6 31 31 156 156 781
9 4 4 4
131073 131073 6 6 31 31 156 156 781
9 4 4 5
131073 131073 6 6 31 31 156 156 781
9 4 4 6
131073 131073 6 6 31 31 156 156 781
9 4 4 7
131073 131073 6 6 31 31 156 156 781
9 4 5 5
131073 131073 6 6 31 31 156 156 781
9 4 5 6
131073 131073 6 6 31 31 156 156 781
9 4 5 7
131073 131073 6 6 31 31 156 156 781
9 4 5 8
131073 131073 6 6 31 31 156 156 781
9 4 6 6
131073 131073 6 6 31 31 156 156 781
9 4 6 7
131073 131073 6 6 31 31 156 156 781
9 4 6 8
131073 131073 6 6 31 31 156 156 781
9 4 6 9
131073 131073 6 6 31 31 156 156 781
9 4 7 7
131073 131073 6 6 31 31 156 156 781
9 4 7 8
131073 131073 6 6 31 31 156 156 781
9 4 7 9
131073 131073 6 6 31 31 156 156 781
9 4 8 8
131073 131073 6 6 31 31 156 156 781
9 4 8 9
131073 131073 6 6 31 31 156 156 781
9 4 9 9
131073 131073 6 6 31 31 156 156 781
9 5 1 1
131073 131073 6 6 31 31 156 156 781
9 5 1 2
131073 131073 6 6 31 31 156 156 781
9 5 1 3
131073 131073 6 6 31 31 156 156 781
9 5 1 4
131073 131073 6 6 31 31 156 156 781
9 5 2 2
131073 131073 6 6 31 31 156 156 781
9 5 2 3
131073 131073 6 6 31 31 156 156 781
9 5 2 4
131073 131073 6 6 31 31 156 156 781
9 5 2 5
131073 131073 6 6 31 31 156 156 781
9 5 3 3
131073 131073 6 6 31 31 156 156 781
9 5 3 4
131073 131073 6 6 31 31 156 156 781
9 5 3 5
131073 131073 6 6 31 31 156 156 781
9 5 3 6
131073 131073 6 6 31 31 156 156 781
9 5 4 4
131073 131073 6 6 31 31 156 156 781
9 5 4 5
131073 131073 6 6 31 31 156 156 781
9 5 4 6
131073 131073 6 6 31 31 156 156 781
9 5 4 7
131073 131073 6 6 31 31 156 156 781
9 5 5 5
131073 131073 6 6 31 31 156 156 781
9 5 5 6
131073 131073 6 6 31 31 156 156 781
9 5 5 7
131073 131073 6 6 31 31 156 156 781
9 5 5 8
131073 131073 6 6 31 31 156 156 781
9 5 6 6
131073 131073 6 6 31 31 156 156 781
9 5 6 7
131073 131073 6 6 31 31 156 156 781
9 5 6 8
131073 131073 6 6 31 31 156 156 781
9 5 6 9
131073 131073 6 6 31 31 156 156 781
9 5 7 7
131073 131073 6 6 31 31 156 156 781
9 5 7 8
131073 131073 6 6 31 31 156 156 781
9 5 7 9
131073 131073 6 6 31 31 156 156 781
9 5 8 8
131073 131073 6 6 31 31 156 156 781
9 5 8 9
131073 131073 6 6 31 31 156 156 781
9 5 9 9
131073 131073 6 6 31 31 156 156 781
