100
50 1
50 20
50 23
50 16
50 82
50 71
21 20
21 40
40 89
89 8
8 94
94 98
34 50
34 65
34 35
34 83
34 7
34 17
92 71
92 90
90 77
77 14
14 55
55 45
59 14
59 30
59 31
59 37
59 42
59 13
26 45
26 87
26 79
26 76
26 44
26 33
12 31
12 28
28 93
93 53
53 6
6 46
29 55
29 32
32 43
43 100
100 36
36 72
3 98
3 81
3 51
3 63
3 84
3 24
86 14
86 75
75 2
2 67
67 73
73 85
41 42
41 95
41 49
41 4
41 66
41 52
91 35
91 96
91 70
91 97
91 38
91 57
39 46
39 5
39 62
39 54
39 25
39 15
78 87
78 48
78 88
78 64
78 58
78 61
74 21
74 11
11 47
47 9
9 10
10 22
68 64
68 27
27 56
56 69
69 18
18 80
19 1
19 99
60 39
