3697561516322
2572279841689
439190451830
4255338989768
3671831361394
378500574742
5228131625505
547061624752
5206989726497
946364963689
2917932551390
2073363819777
1462856861332
329324788182
751944237609
1336857614039
868143021401
3326301229801
827669168967
108150917260
538787944364
3520388307777
1979319503767
1855050090166
4955083935121
130889064657
5043294123873
1985121687463
1100433318241
1226487134123
1447277922000
4260759769604
5193270526393
5105103031739
588194427822
3490392579155
1645077072637
660444603004
1015143680745
556347035910
1750984890590
2680891485585
2475657932582
4456109512259
1456443745937
1697878264768
1486152202996
1969289323319
547522103005
1467401286192
2466583448593
963064120783
3207873422017
22030673963
1801342287923
2300589068041
2355081867568
2144538909995
308894616589
2149223946049
5049584759732
1176814573223
2482930054897
2371784793033
5040649196329
293279878561
1097650578841
538506167483
1273090371985
3252668600177
1332503183289
3163720623537
2448832221449
2255820393288
2001180720658
3102738905072
2298128700602
1093216407479
1382456422215
3076957459273
452469834995
3992363304950
2099039228641
835267530187
2794681618984
2685982730541
3298387517984
5402530378251
2258365635545
478986654977
520273839453
560861415830
16764632828
5131186285265
2106501870207
3318601382501
3045599961577
1079317460458
717728374307
709714429523
