100 100
599528373 -769114
333286452 898070
465157294 -566661
-255944529 260710
776883458 -371650
873533019 -138469
-925170848 -969244
-739895285 267510
269689007 891192
661467631 -311807
-620393519 -469314
639333541 565076
-231030554 -129316
-693002022 -801560
821721869 -161912
274995464 217070
-125521258 187408
-618508853 691278
516440533 -547064
186408269 931248
574830075 614629
-755517538 587706
776770528 -32081
267887548 -176430
740009278 -457661
572702290 -180147
901407542 586576
354642635 -232048
-482376317 522785
620554859 652269
352552890 188924
-922364295 850427
607824023 978830
-800311783 949685
-92623678 -963779
508306208 -137231
-741122685 213626
760314252 -135229
-696999471 371911
-604051211 -650742
956306329 -662385
-971984635 132787
-113160056 -643726
981159434 980482
-885604743 -944079
-739417623 -496642
871016610 -766161
148142100 -97213
-935772723 582873
502465368 -773443
29546819 -61040
-421037784 -828660
778399565 297459
-837850433 135076
528317850 -450256
-847616896 -156240
-206835857 -764585
748546465 -105412
-816623806 670971
725460177 966238
-940814392 -429903
956528663 140149
-461045935 -932818
-658543545 -99126
917145937 270754
605566913 940501
-481572017 -449100
336166209 15075
-155161201 176549
247552572 201951
-987521980 884946
-911948801 -936685
-580700894 870129
-898549978 547749
-544885421 -333297
517989321 634571
746851639 -59898
375635680 -475478
-799567388 836799
-157337592 599084
-34802138 -740733
898345407 826219
299433026 385719
-241032203 155534
-997491791 -727853
-345321779 28772
54388198 175581
-883896370 169032
462587728 -597509
-641942604 549017
-245155741 69852
-220335557 377404
-483030063 179465
916624937 -958015
497593434 461807
671601239 136871
67642038 -712243
842852060 415032
247136127 -276022
-376098392 747120

7 -697342
69 -485970
100 -86003
44 718707
22 -579276
3 195024
43 -987031
100 452085
48 879388
83 -179220
37 -512987
67 -391843
15 755286
10 169616
40 -142540
91 637354
16 504445
33 833174
92 395405
75 33079
85 246220
55 -664843
91 942630
30 -292419
48 -935517
21 84010
85 -952159
95 945387
42 -208287
44 207302
89 657546
98 -833132
73 -980454
4 -963115
12 303368
37 589550
8 849435
8 -106302
56 -192196
100 459706
98 -342463
91 -506461
66 511274
52 752606
49 -275453
99 865553
1 821581
90 937864
22 324610
8 757634
57 -466029
72 214512
83 -605883
25 8947
29 792274
54 -434712
11 -380370
37 362310
14 -49447
78 -406155
5 -952632
90 561307
46 -469113
67 -448144
59 -951660
85 -56007
46 -207762
24 236321
58 -240861
3 -613337
78 -252070
84 -597553
80 -462680
79 861260
24 -315492
67 640704
32 -362378
90 521584
91 659021
67 -581184
73 125505
53 674305
43 -396687
11 431025
74 818953
32 855173
51 557131
63 963958
78 -426746
62 -91043
17 339055
37 -98207
48 3047
90 -968741
80 804359
36 560544
91 -575268
86 490949
21 468911
27 311694
