300
653148858 154401545
697238837 433339386
927837318 618379556
491274384 713560172
384636002 313078062
524916973 521639232
720176510 515519945
309297870 176623236
586040201 982306561
941576779 209426017
469468803 496584859
420785408 327497852
411616374 110622222
876500445 289869163
831835427 830118215
837036111 601397774
887253511 484984284
103363840 386791299
100351470 667607180
980685241 447154575
968793806 337503823
705540120 358118566
534741801 541486667
376309579 14837989
76780357 120782001
469883212 170402709
350416913 546249159
509387733 890668619
180537781 762033286
444667852 238404529
839802302 12373208
349873843 281703963
668495261 579572164
247179343 305754034
752908608 621363083
811383257 80380936
438499501 574218765
968221783 516923376
384277717 973241301
946539654 197047714
367450422 461058073
7307232 416422865
159607835 717867334
332416971 369211316
607615844 340145615
205035174 777084823
58788785 299934498
879506661 407425369
713179402 579800397
53679831 126686004
59583291 318604362
745339478 865063088
234502815 498082791
471324091 713561261
910608974 471296883
932354956 270380096
686802960 130575747
700959433 792178539
13906206 846410794
39072761 33376403
810461225 621522049
921456546 96624286
504049654 721766361
154083110 800963207
780165562 69745408
388349769 60279292
925342379 839748852
190347994 133689246
699766858 12361546
483658428 661672084
932052180 462892183
445984282 268529735
913224625 471371491
170298637 146943714
32836468 927130830
548652879 61887749
158512034 843297693
417580405 322625776
123588982 662561688
732307095 424179866
484459158 756270895
448536098 120656863
106862460 262317888
274679433 638884091
153072527 659145670
974554204 610854213
879383947 937641058
261528900 420538485
419998550 645124924
572255753 431827536
493715284 452835018
148649062 973424983
296050759 652227318
167305357 566229466
990409332 272156092
880943339 899612451
872785665 327384841
589702728 181995788
820879879 832164476
343826497 864382161
327752725 826468757
764109814 318380701
591435537 59653023
704777946 25638713
309982601 11434087
464269104 129550051
102975033 656214236
160957905 612918165
31663982 251542143
523698235 328263261
227875711 874589665
201974505 257157925
439153712 100661375
785342203 791677233
508575745 112549942
939018698 129168699
300065751 836328469
895981491 555644863
433799928 891501288
902935374 453275789
582825839 743782528
252513115 219720829
685155345 685800871
937343014 413471020
741734280 716819326
443925343 313557600
570715524 969609991
922787717 645899847
290093431 9869235
122419177 560646271
689814970 651185527
340030347 913954226
469599089 989880720
733898359 88528190
541803978 903399016
499697895 489350084
709070912 124629816
662947038 752211009
18198380 246742608
963561934 452806403
766364002 759932660
582059002 260003628
905903474 189595877
51981464 357363070
918009341 48513257
699698783 26916992
940871217 460340662
302737733 39729130
128257319 262986657
18902024 36636092
525986175 522577648
647207463 371116270
123327279 87573439
334316046 162670852
615477255 141525658
753974669 150394331
410397958 234357608
423953485 336033670
693396740 168817784
69847392 328451300
355368291 463922432
924263093 769546174
661791655 148755859
264258868 227000825
116153268 642565325
17659324 283160891
654277161 642139443
582229233 664866786
827537638 630120791
624162800 916545278
919455961 295531244
529888851 230653821
566687490 182370270
351188053 953842335
134809986 112600581
576523012 421035444
43097970 490178276
491450487 353302456
580303281 557405976
52487653 755709354
38870244 696456548
191112342 70146976
735013762 545663756
28300898 773341574
542403204 415067751
710598994 504980050
735633870 314375516
496745785 93004196
46846531 154837711
267438292 847933838
121485633 34172868
524351144 696477655
49780111 17099954
574505930 15801630
624027335 482599743
31572642 626993582
697140557 515413930
61077686 222684984
848542909 284670670
699738420 941894935
446874984 243462464
557837979 262853765
355857961 35025205
189862916 54583764
755033953 255220843
289393710 457301207
6295213 876519585
893619539 666261205
534579186 56075323
538675065 320641820
947635401 158606520
674020450 570247707
645449042 644775957
929446627 587614487
382025773 493991950
737454414 481701398
597071515 828900757
863925961 147808744
202392507 952929475
60666669 53788876
363606434 957426459
686462396 202576730
868837935 369901647
278493321 432598286
753240105 403417120
414539992 817168386
239932444 553391857
50684165 88560441
528691279 885381485
231889786 980130791
314348541 910717051
592134159 821860551
969669295 911420055
716865881 308576472
214881699 24578153
982004612 630048901
832625630 431004485
800906131 520983359
806097996 701463564
957397036 79399451
749084188 411854452
965246308 371937027
313013819 841532983
579430819 15930472
848577615 694221449
457454851 811320605
485697507 15442507
926862561 49589010
210681833 455366801
479944954 496244793
126293693 278079883
709084367 314465917
687965627 811435674
365415590 362506849
294422652 494063622
905918073 322812625
547266003 43506839
737556174 723680732
739611203 860279821
407017621 316986992
980823948 440705169
456147675 864472471
766577832 466521455
774404607 235526587
731771379 977259664
107855899 106865912
421331828 710581423
374533449 816940265
179447114 109297454
455877427 739949038
62761662 473869765
369892955 214311851
937992582 462544016
175340188 107449128
276952472 530120137
970825305 582357808
446830278 110292771
576814225 279489332
515015918 65924462
43184125 203735184
310601095 99303649
809885071 3556375
820496640 731932923
693746728 36934871
776883908 999943753
326329869 2140507
68968709 692161921
154705936 548739175
508704655 6961291
389597779 330046123
912403930 785657126
895949896 212939435
492428766 211750560
277675021 325280473
529015656 7444684
106748332 173375497
176931872 839616750
424066024 769149754
806084625 997428511
849888615 970329104
