41 41 58
8176954 96408367
6585834 90478241
194150 33590458
8333415 16501465
28297152 33198667
19697681 39980345
10012517 95405473
14258926 31340543
521778 97916739
9210601 94573248
1155355 96394725
71712712 88047615
33809882 92689141
5866306 90438553
40887177 81326865
16115466 89408169
41151128 75667678
57995429 99970212
38914070 98102003
2161747 24636342
58999719 86740401
862856 29772124
51468588 77381938
8026621 95838675
20704533 61584902
27651861 72242382
8399005 71351750
12671259 89449745
5337421 90997988
17827645 66897394
11863176 94037605
634715 85388991
48071196 72123338
12801297 94616112
2495089 93577282
37195399 89863005
84737144 89483480
3692268 97378733
2125278 77590998
11606663 77232549
14835407 89148648
47294488 87034733
80435326 98550542
58213309 96133492
64324778 67196473
61743156 99914826
11425967 97706967
23226930 96780350
49657593 80366483
23038549 90191250
34127077 77125962
1000985 46417802
49105299 62349297
14671812 97368191
60238802 69524573
76564555 97067614
1592386 20677997
16045154 97105012
3671843 99601371
10526069 32597161
67367174 83777727
1327226 96296940
9000330 45752267
76994 41432472
52558722 75251281
13172867 61647618
1264157 67960127
50818190 82617324
9009804 79788363
77771148 81041262
70672879 91481919
11662096 40070395
3910115 86567338
25081877 48640140
14679393 58905959
23471225 73102377
10154667 81877754
29581959 92680684
1662338 8525413
42481918 94930303
3454379 99457306
4793147 88687448
46873136 91876966
28074393 90811071
8587652 60204754
2247393 90114903
1665202 99950793
7163599 96486573
16010409 96645685
13651001 99719528
13459222 75688482
45777549 54114184
74752104 78642992
36094756 47136636
19527231 72560833
43586945 96009053
559950 94447881
50213660 84386601
6332832 83325618
