3019 3175 1822
78895 95843682
20992504 90811112
20856638 83597096
47985356 62991892
11851843 70656886
30147870 96865156
279508 95213815
11320878 65037405
1277360 67952503
13843817 55199662
10693763 37260596
5229042 72465093
20731148 98263589
36470478 76774205
6494220 56829963
354680 95326664
6684304 53425236
68498202 80593251
45330217 80736243
15811726 48002451
27610727 43951987
24158972 34825455
2861135 54145984
11948499 24542457
21361728 74460263
13221558 82091650
23552756 69931290
55720967 56247584
24432132 33929184
36035390 53497835
64234710 99179069
5117317 98721099
7356124 47504724
6513365 79928423
30479566 89075288
3324528 83865068
11325946 93824552
3453222 70025471
10770253 71719415
78916868 90095159
47271018 61960676
14125572 85760942
54712788 98859295
39148555 56268527
47085428 86906379
28942073 96103810
48285783 83641261
38895373 68512677
15149022 90081863
14228740 82590904
43326049 66320235
22451055 84030316
57045005 80210854
10539797 43535232
1327814 79378204
10920508 84361503
29573515 50926985
75422895 81344221
29616254 60362978
79857136 83288638
21660330 99918711
22710141 59887810
96974391 99690453
10582250 88845186
13268486 95382172
68100924 74084991
2315908 46827013
30191361 75721897
1704268 71747193
6514426 97551075
10378285 95996625
26882988 92834931
56278396 74930123
26797912 87130322
26489507 95581533
3856936 95652318
44365188 78215315
11326515 74463615
25174 89525559
3991619 99192381
59942561 78592863
33745782 90437383
11598481 89902104
15804995 34884887
3711079 83900889
44066550 47198830
5599498 79616945
10273076 97155320
63938472 77760271
42832634 74741042
30857856 67192977
6814868 71974873
29409250 49177972
87735911 93074134
23025389 85740346
2738102 81792447
54786471 94475986
3944536 94627964
31239180 88229376
9908821 94041900
31433781 98599303
6252194 22108708
12306418 45555219
74335686 94509905
9459638 55314389
70209315 97069711
23603808 50291899
19478855 33099501
20908967 97715569
26691692 33142058
54479744 93171468
4954664 83958650
12687426 61385234
30015671 77300966
2088394 96632166
10937223 98217059
2194017 62874398
3424313 25497505
13922165 49449044
4693235 95924113
47768336 53425357
2276736 97144361
20244039 80019908
22020040 99185312
51645750 82745413
11348949 69075989
48401788 87428924
31795308 91420022
56373389 85306393
5749538 96344791
50646 252246
71904475 72621461
4192793 99314904
59634711 67050432
21126061 98090461
9254414 45425248
53710838 63785605
35759279 56300718
20331540 57978275
4876395 80709075
26542599 77004549
41346228 66932000
20507215 67548005
7376947 51316826
15800007 91661209
26439652 58405691
33923695 98164608
26683237 39624203
56585748 78512136
11672621 99075801
23550076 60617062
45586162 97132733
1981964 97895466
627259 91850046
16420109 70107409
36499369 37423879
11265405 76873375
61666965 89082189
2033317 72657318
14876473 81461597
12345498 64359853
43193705 93156369
3958230 96033899
6917426 97296005
26122975 36452415
16509949 88035955
45403913 97960988
7837184 46544335
11596872 46915968
13830881 49380035
15079105 96910733
6268459 62114422
25458438 89501222
22427064 71219557
34026918 98483814
29606099 73548743
3000697 89591271
7905531 93957876
6810060 81995712
152100 99821965
40637612 68376063
3424233 10658133
5241708 73443079
14193025 61440520
24669596 74874281
52294606 85310557
30656060 75502083
63081679 88691899
23500335 96500415
11572882 80278059
20070198 32316115
22917650 47978916
16250797 86379836
14878128 85356768
41272933 56566843
28689711 73388750
38492291 44409455
86407954 87761849
11596806 94128707
10132301 28395578
3434975 4794199
48930032 99837488
18794347 89636440
39284802 99997976
383905 92559528
5538485 59920588
29253967 50263535
72035833 84808645
9830554 94434538
36761134 94848428
20520975 87787326
14867773 76521258
21497933 74557253
33076034 73658663
1273933 86936930
1828262 73444331
718271 65307188
9605703 92354411
68367386 98707342
18093901 99317146
4663967 44085042
11721913 25143155
873558 9534821
3523868 82354436
40385714 99057405
9852062 26541858
27225757 81673254
52590041 71686419
7117849 77180367
63837028 80122806
26917735 44412948
2486342 79477908
6924592 37580271
56337787 89594045
6777512 15610875
7429899 60085328
185140 89790353
6090753 58170148
39033160 93168609
496142 88282134
24775688 89670382
18896390 26767658
25644790 64160596
188582 82242963
25615761 86871963
1276 99632780
71650525 77349313
18106779 66824557
23975205 80401638
2668244 93294410
7749021 39547170
6172492 43665947
23956984 92493828
12611955 35162848
9282465 74011829
29518658 55638685
12971607 81460654
20682002 97511176
9905736 72684277
98922 17437285
1236786 1749204
31335097 76001418
4034746 97093874
6988789 46579741
10356179 99796545
31920645 33855391
10060887 91619637
14409231 32441239
9704380 97169488
3103658 64400564
2824016 62083834
40788589 56066876
27314145 98931092
6385677 93564815
1666900 98167733
9326529 38038985
15687560 58407614
50121523 69918094
9052780 78550773
53662251 94516697
82656 73966495
5915195 96810243
13701789 57986426
2774070 75782654
1256763 88218980
2840048 98770475
3568180 97150051
39800596 75467579
4810726 96474376
15721534 98756884
47791276 98057210
7976295 94984553
59061593 98189043
95159 77595947
20875959 64144371
18558119 47249130
60096740 92030488
1560656 89120186
68740247 92547848
58175364 85031508
9798582 95565943
5521236 84129463
14874537 44395925
23150493 87501361
25163489 67789373
67760939 71735131
20143457 98228925
33985959 93036022
12407112 92512430
73875333 79340355
38838534 54403181
3665021 52778750
52471906 86240946
47402270 57398687
27394028 91839262
4886154 72538090
3139844 19502354
14022821 82133801
24027475 66666498
1973645 91128354
1312297 75469887
8415162 81616099
68406226 84973755
7616411 59056654
47060130 83918332
32046119 52744455
5685140 21627616
36199051 59462812
21031816 95430941
49403532 82486322
263536 99756791
45165689 49044759
1715225 90931843
138134 81306712
11958819 97828672
55808849 76032537
66748754 90861340
13117465 29096236
19243029 74058672
41792705 42155333
64406669 96651238
34972835 69011633
70634874 87289840
74749308 91542071
15964216 87802839
15685884 81430339
13355980 43026338
3110817 58544061
15622352 98556021
30044360 53255934
15910203 55640658
78051462 96298896
52165284 97977120
70973396 95780749
29072312 88179217
85603534 92929735
5833032 92641780
5835627 84361479
6220998 88332116
10856463 40226150
8423405 94155195
16004800 47290591
36598317 79772867
35048937 60267916
6147744 98496036
15470712 79800485
25019772 79289241
1442090 88269335
2232018 96399033
6468834 95848973
2424935 59956243
5165788 86776919
31269484 62441434
45728480 99421590
81944919 83615352
9045995 19559195
15351391 88754479
41148400 45480208
15134126 92866219
51300480 99072176
23948760 66370917
31489196 96530190
27518693 71041564
15429524 90858026
17568490 77874814
10232984 71423936
36457534 89965087
11007615 79330954
5055751 98008060
7635642 98756768
2026149 59074999
8421433 60706119
39439570 59344010
36939560 80112444
3241908 99853212
36148010 95358094
42778205 80942863
7572712 83040381
4372293 96289413
798725 95152463
18158442 75823776
7959226 58712835
42148094 82334859
44329783 69076277
49714137 65150020
1674420 90314292
14175376 38214589
47812784 73441914
49135494 71493871
4690861 96358550
20220972 53581450
52063681 65301927
19178601 99442960
247565 54570141
43404335 71972522
81257747 99177498
1059739 90659765
29972764 73939631
20071640 86440915
26083507 41893711
47403305 79652259
30326886 58955913
46406693 85890576
20063933 49598159
53891913 88395360
28018170 41706484
3288292 63621920
2377953 22006602
7032192 42453903
62097588 95054424
28313170 30981279
77507 96003370
19949144 35996324
24916388 58401837
2357915 99825272
1476533 52923216
53104490 91185045
3201865 33793957
33627975 89162503
49280361 70075161
3849173 82578758
20709727 70232643
37962428 79692286
12758520 43789603
15180483 21354567
37218204 68386760
1418555 96659666
1409044 20326257
24956970 58841979
55148860 84166471
6127391 96658905
37216 99793047
26798467 43440742
23306833 84091570
8335721 90377400
18424939 68316867
4037829 17922150
23928470 53844298
38726609 79768964
7654731 91044295
165861 47631646
48222038 62538668
5519646 82657849
44147187 88338088
29889877 51751837
47753635 80242109
6635668 80119607
38753133 91852657
8016908 62288682
43356866 61171222
47573474 81694469
7403949 93207561
7645463 39715240
1596964 94031091
8200410 98580208
52740879 65907678
149748 96043168
49237131 94661400
29271637 98078288
28218320 71148424
6918674 84327901
18526281 99783717
180573 93287213
16903111 89796607
14862701 47554605
8051483 75151722
55686641 86101915
24259918 36294420
6871393 99792839
6334213 79429226
8799090 74920488
11677955 65639423
21357649 97026546
40890207 70301362
13865555 98429997
1849348 90884270
4677382 84282609
149021 90322475
7351750 53248542
93334364 98807112
3215318 98782855
73524679 74824665
87307654 98052296
4744596 94822694
24668678 91797925
41964192 89964904
9388428 20686984
12212321 76333535
57517004 89009167
7277567 62981499
21406363 98208788
76295537 92450469
29209031 60816018
9515865 89774150
29130742 77597845
10117884 80627482
33329226 96553784
32435189 65883511
9657841 95786398
29337606 36212357
3637234 20251345
17361752 75494927
3208067 99719852
48637244 96607013
19058998 73220922
23756915 69551953
13567412 85486700
1752559 96573357
15404694 92665977
15625114 53667154
14287468 39095140
20974817 52420016
10005640 98930020
14995364 54333341
5646109 77669586
13092149 83641284
7775944 90920173
45318220 80555647
20404913 28697122
51680975 87902735
60363269 87759776
7231162 67772877
75757142 86904563
1664840 95260951
23665983 40335026
9244357 92848697
16933751 25544609
26531560 87127899
34726869 78636286
34931660 84460099
17125815 87714331
675203 76586482
9902152 98858841
76095996 83845810
7277363 60664222
3928850 76952902
10998748 60565860
21227241 97366413
23320514 98223532
82460497 88374493
2895909 92256931
1109750 61153906
23611732 46224417
4033983 23901728
46066056 64156759
19789140 93548752
33619540 91271891
21027103 55333608
51655436 71509969
51265730 90189253
13776957 35071082
54791537 82181913
25080509 59635215
87310738 99305524
7060896 22221914
5228011 98432067
51090269 58214741
83123364 99824628
22341291 48888688
6532614 88365432
324352 95067205
1893197 99361682
1574596 89818011
25019692 39809670
49057283 82843208
10497868 42106963
19082253 79691646
26594048 51289397
4343702 90952593
30140987 87547104
46966855 81522245
23060996 68230046
1744100 75235116
26587668 99988939
66483031 96628614
72750121 78699359
16554686 86776303
20403452 99479144
34488100 54735066
25907122 89175870
17152751 79592543
8822761 37931098
28894826 96558164
4047391 95098090
43542595 98571584
38702964 96959453
12522722 61353592
32291617 35429726
15517884 71675844
17655844 73670942
4290221 98221395
22487885 33718447
20754118 34318882
107344 48064547
15676793 90797771
6352585 99573415
82242141 90013739
34457850 53314708
42378140 95059156
32063152 79235315
73934815 96015342
75450965 91642028
10163882 23630806
39718636 98537950
2203085 3351202
10969768 59510659
11595415 32717858
7409619 76140622
3591593 42065929
27805282 95954693
68110173 83868086
41110886 46810029
3458529 93183712
5724601 68541004
42351018 73778041
34891002 63820602
47021931 74877999
19088895 73378472
29589455 68782420
21903448 49711940
21055022 83857426
5212097 93306578
77658044 87616030
10714118 11846695
11765532 35653004
14307909 65053147
2029138 23429891
7884013 39272010
210727 97970404
2130584 96240444
18163903 30816913
8857986 94836238
101423 99954023
22410195 97327821
86011949 92117632
8988852 97003129
7957167 97848276
678682 99062808
51902513 85294684
6860295 99677382
22256241 85829193
14215031 61601624
26691168 95499136
3655310 72321558
71793224 93378985
58875352 96439900
20607906 92469764
41194228 99117866
27718849 52717182
19925037 45615785
4020140 20897064
46859146 89366041
11647579 41809563
17251312 94074582
63437922 87301851
21752263 85194171
10332437 86197615
419807 98231887
6771865 19428682
47125530 84693169
1828200 97228535
6912465 85906310
8447973 42073130
6028746 81278218
30467333 49278494
29260833 64259016
31541920 81461494
1242987 93583167
55505475 86626443
53822230 79705337
17407180 74871526
54345077 77055280
5482600 85475912
22885289 50035455
61749995 94336292
33573594 58095119
77568748 82793230
47147884 73979875
3254347 99518091
19549414 52740498
73905767 91407079
64991414 74914674
7665527 80098820
916051 70245862
27638621 84824407
4706471 84609250
13913124 52417934
6341161 57734191
49868741 92458553
75878388 87017678
2230197 15792922
8563937 90714440
25949868 70300495
12375894 63254684
15997055 76477264
5736026 94085420
5354283 88486661
47530205 59516891
2417738 13703581
40392563 67599465
48277571 76508747
14532225 87767744
44602085 73513365
20782994 96189487
14650977 17758786
905396 97429555
862672 96193592
13434239 98973460
55268204 90712029
74150526 80628943
33143598 49025831
1808981 53030315
80842100 93192981
33301793 79335602
1886917 97818417
43993152 95457485
12815096 24930945
57827083 96204902
42875442 94457572
21127089 99234065
3370260 93997555
8253301 83127871
66650501 99381030
1110975 91782220
24611313 75867515
51011749 60118357
11779780 98834458
9726225 87500341
10691536 86282015
25037953 94430518
30220046 50825297
13902574 50139643
48954948 89093856
56057446 95783122
38795122 96259062
15219353 98595067
54712180 54939560
20251037 76672391
37452407 83836114
4051933 38916595
8708298 64949241
18066422 94580487
31656811 77528721
7616806 81703125
46132570 83661846
39142864 88738431
54744221 59924245
39841121 64620246
10126868 96758983
11608820 62556874
46253307 82779677
28279890 50646002
19664755 98456849
22009944 36789818
40664032 82469098
2343365 19033357
71516921 98591242
12098087 65941460
34973965 92396419
6476016 41316920
13670203 78178484
42415328 48514542
311448 89952823
21030453 55260526
21639646 34445668
59296859 63861981
55332091 79289661
669864 16317094
29226827 76319750
4323773 87473777
184617 94402784
32463053 80417812
10293545 10381594
1360850 67343613
40113137 86983816
81887091 82733004
1499039 71198179
15374157 29960306
20998417 64222059
13258756 26825590
44752315 69172988
18942380 91247176
11349686 58562561
7338342 22050550
15552266 50836732
7121605 82510334
1132848 99158052
15332027 56270671
90436021 92987519
30791147 68530260
4025768 99094539
38993660 58522510
27161953 66625000
41917813 75796275
14949900 82571376
68390771 77925843
3718545 93515740
40758286 60913139
16252432 94515572
6568648 75761629
73684390 99931978
40003705 70059086
2291498 99012058
4901868 87690184
30587839 95828503
6816262 93221552
74250025 95511156
10586136 99640609
3166570 59033997
14307438 95919203
45568451 78715696
87002252 94856847
64241234 90467777
18441057 75438974
2175000 69347619
16038046 49027037
25596131 38172613
17637633 89379289
54061453 58627981
28479695 96378864
34423225 93048057
15647613 96567507
1428808 93988117
9053600 98116588
6485357 74405348
19187597 88029637
6885818 46960667
1940355 95384541
32079169 78913075
29704819 73316736
3673758 85303272
34238352 66217560
6303174 96869999
16381083 91072977
2431697 31993642
35696461 96002138
4272924 97050297
6776340 31457175
616675 76771749
2795876 97382940
23806067 97351752
9591540 97844383
10171467 33060020
17777193 97899501
3353269 26117044
8883355 93946045
53004818 58983237
57861325 76780217
26625177 79148590
683662 99148246
52214899 94746994
3762075 3892046
21912985 52355641
71507395 72545489
60463148 67277841
37785223 99317867
7245745 94581636
24504366 75078601
7602971 66647224
46235638 96197811
15779765 98558528
22545709 69635152
52546995 83436439
2169120 17423049
14221621 82535873
2477570 93561337
1899213 93933485
46973886 64878415
4500661 91958512
17636853 65045749
46813718 86619586
24962554 90512680
48670903 55657401
31638845 93249744
34726563 99736027
4491047 79472873
14099679 98605611
13023792 93602444
58284971 63290080
50446650 81399646
21268205 92006324
41685129 61259495
6499384 79429975
16696001 88390846
65522458 94150915
14511670 58802913
5138080 94541520
41632828 73930766
955808 99970920
21135426 95048353
45549929 93883145
77452157 79260418
38247363 87805423
38914548 73048322
18298515 94705963
48114634 86389556
8616942 56014190
29440769 78534950
10391686 85275812
14684027 70932691
12748473 15381884
67167148 68413838
6592412 53334198
2145572 10074720
22094553 48111180
53042231 84543393
253722 28984857
30557618 60929684
12333200 98770940
10782032 49756115
554377 98329835
44528785 89950851
82452452 95596261
2458139 95047999
87565366 91494915
1142349 84161644
62560076 98928821
13203507 45709432
6188733 97279519
3130465 78757444
17275241 60168010
1063021 99266607
40075460 97270260
66533558 70992088
65969046 92767651
38091165 90991150
20132498 26199794
1642272 49289185
12111445 66021994
45038438 71264653
3790647 95087353
5323854 40050717
17627174 31665314
8509703 91887950
51874742 83760424
18787066 36428221
61856451 95725817
5443557 87145647
33684347 64500115
14967579 46494454
6910610 42368475
43110570 97033085
8237200 45062625
4793922 59210322
37167592 48655973
4950485 63048410
1019003 74383695
149658 91512712
57583041 73703742
38335172 88065288
1272586 26261725
56464849 75416167
2423509 98705885
9464202 56124295
59902210 74950217
53732811 74060398
39653060 75537645
34580390 73979633
40971226 71391325
18880086 42843638
66019273 81299014
18874312 99556229
13586011 69549483
5769517 96963869
4733442 30134850
18115906 90901043
509048 99110829
23707283 75915753
6735260 16431614
17476671 22195847
10110180 80856314
66540205 92704091
10090829 65419256
37639251 99558394
8793200 96253157
13109919 86308157
17922585 85626053
67155542 86533609
22056938 25789454
13449086 83747091
51270857 81170702
23039982 73055487
24233829 54740292
36565523 95581828
31650518 99886152
89105 95511307
37243263 97496252
34469250 75755004
42836506 71014501
14324155 52948297
39233732 73847582
10376901 93737446
34025472 98180334
53191211 64449153
10487289 88196500
24861159 31321503
1157990 61047224
25331764 87030408
1567029 95271103
21707571 42879630
5954873 89439750
51770067 76613162
75747631 98099773
16797279 57123111
3462549 27398785
3764446 92550020
21360380 90225471
4459356 87469467
7290300 91318633
343618 99430259
27084279 45210077
11877443 42738262
14774009 57344900
225135 91651955
65945951 66977999
4002394 79565619
941882 99755040
33344389 61824878
43163390 97201716
28256865 85589277
27924660 60754159
4398471 61900428
26129391 83183466
29519987 99209463
41496632 63567510
30604090 78898906
5691494 27012046
12341485 51831776
11514804 85568198
14375419 36844502
15571823 91673716
11463442 92888211
70398100 72023187
24503119 29736016
32032318 98448008
4514004 64187918
28367493 91129482
6962647 93856847
21949676 24465816
693287 8373236
44040691 91604359
71406236 91543547
1296130 85275250
80087441 88489370
34791100 98868134
49941329 65540337
26353203 48638035
60599600 90426345
20719461 79611036
51508404 89689991
52222080 94862212
7605948 97308493
21309286 97022593
7412841 65663060
2193602 99608557
5995039 48271697
260678 99900355
1639786 99089921
46673037 69395454
4810888 24342406
9875143 85121413
12625351 99646993
49605635 64368333
87402480 90743141
22307282 51358732
1217515 91796197
2176093 67982848
52471857 79207377
88171692 89167942
1527826 42471001
65597440 75422988
12302315 34861817
36405468 93066682
1067058 90289598
13158219 95561032
22376398 40869308
7627070 72076038
19342716 50501436
4780605 88531603
1915753 26988365
5286957 82615968
95953420 97373196
75444988 98442164
11298736 86431877
8402538 74958382
15681450 57964349
4231947 83628660
34573839 85663973
30770062 65359015
11121151 93918830
4932887 97879005
21468180 24798288
25980487 28326646
7044718 99869079
26136271 69277724
37640690 73686400
1518762 89919085
75937183 95471974
1846009 80190816
25040014 45769668
4915884 96644757
36524999 95294042
85599799 87204447
1966295 93694516
70785254 90248362
67709907 68615785
11371907 25551984
1636697 48336527
28350347 72637440
9524028 97373613
35973281 68837947
6091326 92303215
77351 99065100
25836508 61739530
30645264 39007995
15278052 94829127
5305871 56822386
7248913 23996431
17477545 96946840
6813687 72060970
23890955 42255892
28002570 69424248
67990955 93177899
87468963 90808475
28481751 51198506
22890545 62358829
2507530 84994668
45932714 72231313
23178547 68981190
24295031 38788497
24885416 47325673
6616406 83748067
12224371 80222020
29471882 98829807
19304296 32698058
1273171 98606322
43522907 63591583
35045793 77444798
18248830 79700539
46374405 60309149
22127946 35764969
44842820 52899112
67527648 95730899
2477486 85607363
2621886 42878001
7905480 93591017
1113850 77322860
9776538 26638121
23002380 85902701
6220766 70831137
36609406 75456735
11278452 86604056
33281138 86359568
36411475 73724710
17224894 91939308
22207875 93875530
22023756 61636850
609806 50157896
8618298 87706267
15663258 99966923
45918228 46336698
76102671 81829413
19810198 67570783
4880869 97721270
8097439 12943794
5122959 82271607
355094 86225453
5524920 60721670
60898571 73412371
39902567 68423304
9476066 35040831
15493254 47914147
11706851 51737811
72200095 77649742
3874764 65876237
5559216 99954838
9647280 73169052
1288252 99976171
82800452 95472778
22662309 89621379
25287547 90244427
5021274 82635197
4398818 23983390
4083256 88717283
27303966 49656996
7905394 16145961
405375 77873943
24843707 59302340
40966267 96746373
13790357 47293903
791240 99712148
57709352 96648169
24067753 63110339
18437313 92006404
8930179 10782355
12067039 91512607
43181040 99958951
42960565 43059083
11221913 61466187
95068156 99699384
697417 14192757
47849610 62397270
16430347 32564800
9381950 95737614
17300664 79762727
10915792 80426723
46033236 92933259
22684247 39879981
1924409 98998818
819233 19340953
20779580 72147274
9356169 93181393
16768293 58264533
44385487 66050108
40046722 99076765
17919227 45701507
82131284 82901634
26006647 85476119
632536 28608178
30699227 79891301
34595612 44937953
19553016 99017287
11671419 73639517
1950532 85780753
29270348 50907607
4380663 82770739
12499256 90531421
20495133 93365111
23905906 54577388
14940007 76034086
34606175 68503752
45242706 86631620
292079 96255571
8092717 85224182
10602231 31851566
8195005 30321803
13488273 78299719
13930863 95418842
24860464 76097725
31655554 90366747
12478275 44409835
8452651 97028330
3056362 85249239
6224160 32598343
1118031 93845118
6364524 57945740
43806502 79929351
910980 28538758
8971829 82330724
9648645 93573557
59701385 90085836
7339088 71862946
66854028 84304296
3118160 86759445
3214722 16517143
1100629 94177170
19971101 74177871
15723471 93289481
37468734 62466563
32572008 40146595
3989258 94649818
41200997 93044266
23807523 78962853
52793037 84632236
19023523 38457111
2418336 57302679
42804669 95382808
10173567 45361002
11680774 43015915
21252838 38011995
70880911 83221246
40382582 66359160
39869874 71372401
37171 82726358
20153324 61312187
33280847 94594820
11631166 95598889
17096438 49994758
44891980 70365889
30319837 73570780
76614251 95074047
9437777 81351691
5112321 42119927
13576619 53092248
1342608 88926402
36464813 86624833
16801579 16892507
29111006 52634171
68857032 94277813
13619370 96900353
907273 70234476
18836585 80555972
26388781 70793855
21482179 26920278
43310449 71432860
16680969 83690250
1050413 53326064
1483514 74754384
39065208 97393911
30738438 90497269
78562969 88231028
17544399 87521756
20357035 70209155
9170668 73670008
61652858 75862547
58859529 83513324
13778937 85985984
48143680 81196382
4647015 65975529
110476 41774046
11019916 77976768
5172044 96958933
89619595 91765484
15130322 89795892
2957654 95920861
20430851 99626229
19862860 88149351
11000602 64076848
32291931 52984121
51184364 90976169
787621 25198124
569375 81538296
14937928 74356991
23200384 60666120
30448621 48708977
8617851 33295494
3353972 74252600
49873897 51191639
130277 99104025
3125763 80590739
8573110 51111780
2868876 76818263
71005671 88520925
47473551 48648043
47842855 82583632
66651934 86053084
5022884 91369294
3797842 54464661
35590473 55408204
1599375 99879362
22909716 92292046
88133831 95439122
2116437 98540776
19408575 52077576
189904 72109730
42468907 79239861
53848385 63068316
18191142 30035632
54830864 86154602
34272933 94584302
12221996 57709228
23798836 39067036
40037800 61644919
10490896 98357076
9878213 47291483
20769340 31438326
1676511 38378001
33001518 67285245
33887 99991774
24596224 93277910
13761398 70588904
13013527 92427478
23031358 99166341
576867 85674851
21198644 43049491
9884993 99706866
20296967 28902961
33327296 98999971
16873780 90267107
5383016 97873787
25936231 98809689
51403470 76985250
5957043 98727563
18488009 86826509
95871456 98511749
23383339 87735773
5018914 98675619
9456098 99088093
55694970 96935321
47916602 62879720
47019967 60052879
306508 97057402
84824749 92575883
26973401 32064328
32469956 51098168
12919939 18966768
30251280 41050581
7287 56463747
13250811 61871218
772029 96184705
33697633 99067941
9985987 92927869
16332277 69443160
19113825 84956213
17577415 73228040
60160035 62511638
10368198 91829321
29691400 36298066
39782528 88161182
13132698 25052590
49574916 99273446
59824924 96579944
8341751 30220841
9167893 95730453
53982059 60732057
12793965 98844161
28417077 81903256
227977 80626575
27508221 81202280
38456868 38982358
35021298 74000258
15737215 99832038
34996494 42127088
13459005 89363887
25749955 89679228
4404707 61256922
40767604 45654281
27096630 97202953
33406175 94062847
11492543 88942955
28413931 33570314
49227602 69401587
17980714 30040326
30594033 69153004
1787720 91870523
2525811 72393696
44130854 55813883
1905036 29768293
73162177 75032259
7035092 31597335
9344824 96648170
17129275 96868097
10666786 97000666
66900986 87210291
681382 80678338
7208941 92629058
86587019 97461899
12666069 25796658
35535982 84218878
2915780 89313778
47400687 66323115
3122363 98656143
4014500 97953039
6814440 98299893
12402524 76085701
21687590 85529638
53362566 81298336
44426319 88312346
1563227 79130384
45971031 75729708
33064455 87416421
83375802 96414821
9494259 45156801
1066493 89866146
6669985 11527174
72675609 93148727
60575465 71608632
22502120 77823570
41079425 79065415
48984167 54657586
8024621 18305261
5481974 57373301
56206651 67416461
36759114 72992693
3049429 77495233
20096766 27198393
5005322 21446264
33241076 58699529
10767317 95139113
60489959 71366959
16809974 74163428
36006242 96779188
4819522 92419058
11541312 56559604
3883968 96930824
4713416 90859554
4737298 96632116
23929798 89120023
2921575 67426861
5976755 89092034
4106973 99507340
3469616 93204970
28368422 96293444
40153399 81426259
27313871 75652365
16670037 62904198
43503068 62848809
35805228 53918508
9933113 72779183
16878771 55839274
15509709 98490838
11327843 24797414
7857336 71118334
71998774 74600906
54022275 80852859
11239594 78942145
55770233 89087237
11364389 69670539
187464 98346448
294559 96367666
45969280 87436098
38927904 97040492
20552270 42029132
13764814 82410563
2196713 20547949
18581244 33029961
18518104 73400857
34028664 45865922
67211435 89724715
13496298 98659359
8530711 52958853
7831232 71680378
62333986 74214046
10721197 11064023
95444511 95535228
36624578 88835008
12001686 22123622
3368413 35134712
52576441 78880745
14606169 69908191
11578670 87459958
12603977 72516902
7426715 65841464
32042113 94676150
26721664 37676507
3297981 86992463
33256601 85028472
40530109 45887544
30786612 65675289
8243827 61584497
7129038 82610731
4436 93521286
53307889 95062257
42773409 77157342
14061789 50033106
16996496 75737498
2349283 95521186
78012514 99578781
80058246 87101987
33197001 65803130
56943393 99928397
4381650 82080269
1993695 98773529
41269493 46922948
26924590 94438403
47809033 97983300
36753637 84764629
3404521 10555542
39754508 89652622
57719443 60620790
311776 93896741
17234316 65410556
5478147 70440560
55593664 64783589
28318527 66821648
15302331 92745883
87752123 96685248
528167 94812438
14524752 31438245
16181293 91638979
43878978 88935051
17355048 65848045
31959812 82761100
2847019 83896370
11811231 51542224
18836422 25085081
70436321 89381932
28912203 98111098
4940708 99314873
45937680 87710186
72106345 73913603
7577692 90940157
24634601 25390489
6280188 49806201
4326017 4406536
34830030 57859581
14375939 66859788
7631609 17134444
37294386 50841640
112944 96092906
9251200 32709703
51447414 64403173
27549883 39113389
8354791 99997653
82577672 95526103
18505513 72638270
6808715 28249003
17776290 62398854
32129900 72895949
15569548 86273470
18298851 45942883
2380820 93009226
2200076 89303764
32650657 50601157
32726251 88279364
21598486 98149311
61264955 67861411
54682409 95912407
78850092 91552481
615225 27334960
64573154 80155125
42046058 84833072
3369131 58919255
1148178 84063898
4718140 11415782
11762169 45493285
12199076 16144769
37227349 44645108
863918 92082612
94103132 96948457
9826601 77211599
11446858 65830854
211030 44641186
3668761 98832513
18279548 70514362
4430379 84714920
12613696 31966539
46420084 97863080
1638678 98523440
2179271 77737079
17945738 92567329
51118023 89071574
7201711 99918264
26356697 64493161
69715307 96381884
25174330 39192399
14609060 84665958
11622257 82386440
27298894 83163813
1359889 65840427
18385183 62048770
19187561 29732857
45600759 98451414
2406347 98917814
566680 85274613
4756764 96668147
91717216 94838497
22433698 98453888
9232618 46515232
27143607 98603705
61893814 89337963
42660894 80040681
1191710 40368587
1121211 89496228
1792184 30184127
7494335 58949308
55407841 91153518
513680 96062342
828670 98797704
4828341 64718724
13392559 41884005
33347819 95071293
18731230 67782944
11812228 84166596
6924827 57041086
25553147 71887751
692274 97286409
14204192 96130586
19047721 96271318
8342721 30250051
14382364 96437917
36254452 73926739
56463735 96705402
4867867 59930572
26776275 71852140
41856232 85753759
999942 57912965
29875471 99012760
62283506 74201272
31261478 80754513
42632181 83851501
33046073 88273719
2203237 77938902
9227858 86184534
22757452 32688925
22894936 93807226
2970884 69887792
5807012 93276722
1152493 45811807
33423651 85985998
7517172 93285993
4338009 99395523
22493553 88867139
25751694 64977097
38528473 57529819
9050931 80821191
4256965 90569697
4300364 87875600
8301427 11768276
16861167 61195739
10284851 90082515
24111722 51941533
7278963 94541036
11939421 82663202
27568712 80877644
13080181 80605784
531236 96459655
60004686 68790301
16014666 93683681
650317 86260141
22783663 95648237
347612 95067129
3850208 99750022
20197327 40306623
77605574 99520119
29286851 65165862
10896424 63945762
93147310 99361831
8343142 70325747
21030406 85047669
35491373 63477877
5662239 69396157
27166483 82341174
59282267 66307427
61825685 90414917
32914778 93904199
12765353 95614148
6008496 86616325
450453 89405014
277205 98035491
4260705 96312103
96720 99741682
37304413 81610387
6377723 86190245
52359147 75592910
5042459 96083493
14917935 99473105
2888125 97503558
87811354 88349722
14429947 99306071
21891545 59083296
1342332 89837846
13025 57175810
58295293 96465318
42185202 53357177
13270367 45510759
21696550 35577988
45020891 55476831
15870725 92964844
48650661 83080348
58533897 86257622
30075986 95310730
11745498 92714985
10212822 66198138
57491303 68303408
19595393 68658823
44503378 79228472
853356 95472728
36759639 57859214
72709 99991500
43999151 79543755
15720810 39017956
1394296 91572819
32609327 79615392
47807610 93549748
48085672 98710087
75998230 88250070
30157212 80016701
52173624 63914685
4154055 79399999
64477465 99049302
49306531 78043292
5660661 95089725
2446248 91406217
24472983 79678655
32798736 80573861
16873844 29594406
10670504 60731992
24571584 96267390
9532131 87929071
17431863 85841235
2996831 44060958
43470715 85531255
2582261 97472545
6902855 92093716
39131115 41822142
4774332 64323645
37540547 89036788
3962688 90715210
9784482 34014507
46443968 97234758
41279989 55986357
7397035 59068159
94936 75822608
46942189 54516944
37022376 39201441
5210184 97044845
52283740 73238838
3826695 64985627
56967471 89436169
2971559 92069675
91592111 97222578
31612683 76167893
13648611 16898048
11526151 93915339
210766 99672966
73390956 82011892
23795705 72175254
11720169 43396467
5609562 92211860
34789965 91463273
48431153 84151393
238931 89010823
39743495 74268633
26789299 73175169
19860682 38881707
10487336 84764842
33817673 58244266
16690585 74240046
8503137 75691924
8152683 95002061
59913151 83542183
21718031 42365880
30341337 68173102
12604685 15559464
41614799 88165648
353382 91817315
28764251 65067341
15972147 73481753
35551013 64910932
44007685 70124763
45848515 99540790
17901346 82163485
2928364 43043187
72964510 88547028
57923381 78466868
64332 99951473
5671904 83382638
28329258 43056224
10661145 39237217
13856277 93432340
46784251 57211571
61077870 78245312
34966700 48637350
1168893 99568480
5133569 67542545
8470838 90394499
68079 98457288
2827819 95221928
2252093 94341700
51594387 72640838
14237015 25730624
68865606 94490276
77683856 78352524
1751387 98054689
16752767 63360518
1765044 94387438
1111243 99475250
4018164 10199326
30597199 38207474
68750920 82960266
56292230 98524252
24873820 72804729
2535362 99940762
527052 96286206
16041272 36471314
53772109 74361641
1442921 3478715
7011909 98679176
44238003 66992909
7917503 97364409
32452858 79682919
7539390 63242846
21765252 96793579
2713474 97650850
9792238 98029514
14169781 98080989
21101191 77135190
3181533 97936796
54724970 57786197
15991458 22786139
35867282 64014046
9567454 76596905
46138774 93528166
2334470 87715675
18741783 39052653
59817506 80656653
24733947 76009179
44349351 50886252
48438792 67414631
16367348 99854572
28933710 90971473
13137561 33368335
24944753 62596985
33235251 52894282
12949090 37887528
22408667 87416399
18417416 92341588
53315294 57032572
17775736 80201495
35506985 68706009
53269394 59592339
64155777 81693404
48783139 93205984
38580921 93417060
62842393 66117811
9203017 14804634
4785648 43932131
65938936 68772828
35734170 71692103
64868051 70677834
32910581 71208782
21337233 89916343
9263873 80588125
11246352 32849813
7660853 97918441
21907019 86914999
2432379 91347328
38046304 65740890
736255 91569325
18525571 95663331
7715074 15120076
29461182 99718024
44033537 54102039
26543571 98388717
26406417 65399355
6015593 97644726
2321031 96798304
56471604 65344783
65226647 80410620
33799727 86506902
35811885 41250176
9900240 38146249
59852676 71257401
30561746 98956468
18159685 94774930
21357449 99991332
34649486 59320146
11280885 49157623
27131567 95512311
60545068 94838194
13295585 98164541
9482660 71926375
1010921 95516679
3860058 89196941
44240978 90749890
27774836 89247490
18549478 82463381
15415488 36265943
6647528 95745059
75422712 94765395
1330604 92309704
69468007 97153795
10664088 94188802
3435683 78908416
21670204 51911822
9757754 58524231
24594107 83853319
117959 99897024
44994320 71248775
44318549 85455936
28923283 92791322
4834123 31562792
25490260 96386258
8633927 80547758
65302509 89370784
49190645 76178912
29373892 92940322
2203638 85921859
55966102 86693578
33369834 34723382
86273006 96720236
20207579 88503277
7957963 91440206
12251534 99642312
882486 97999074
42745167 76171167
11698245 47496869
5154694 96573033
21059339 37459983
52545469 77165241
25334436 55238829
49827521 57139465
49672039 86499133
31102003 57385068
48832274 65804824
40540728 54208123
4517941 96357299
63079505 92855648
12199032 87043593
46612434 97092127
15939027 76069136
34199765 80651388
896803 85197831
7418617 90117678
12246165 74987293
7782053 99217632
7614046 71167922
58438553 88289977
74588837 95351384
4102179 84606854
60669 78222849
35700209 41856578
172898 66405737
51565870 68558247
7486514 82989459
20639869 67457107
2415028 91408150
6338250 98871915
46409560 80504685
42025846 74091589
20993441 58034815
30073895 93550036
44919932 93940352
52778161 82026568
13915960 42326129
5567242 17269357
3238035 55504277
26672937 52561117
957889 91152672
27821474 92264063
47295805 80450054
7253956 87941718
5484090 90212145
21424363 66744107
20702544 43073395
7541908 60731298
7871596 22621294
1324835 77404078
19003391 20461830
58012541 79404799
21387591 99673025
27883026 79925145
9284246 96565892
13573747 16174989
32573652 60150409
37934254 69012703
25698302 87797206
27104739 81562924
18668015 96993363
5945693 86708740
1507227 99416818
7835055 86491205
64560320 91898260
14744576 51064353
26402383 85219015
274998 97286973
24757770 66123651
14871692 88600822
52813302 58375633
35863847 36516708
38191901 78798745
19086542 69872677
47284385 84422769
62580579 81340762
68845968 97838369
39962924 93524808
27914269 99623015
25858872 85614304
22020678 95025865
47662333 95599944
24958307 49137856
13660424 95990852
16918385 88213103
1993828 99884886
695018 35814633
28778955 92635652
4619873 90795816
2405358 89379563
40829269 62883698
332379 96897888
5829544 96335306
27927952 77947232
6352629 71077110
42275430 82917318
15238143 24370398
55932 90195448
5106902 97448082
26348531 97212632
19594588 94876439
8105084 95223758
10131263 91601757
16993708 31250958
53250096 92380710
55718847 99242553
6396965 98730504
25110259 98631205
4302772 90438213
5825120 53087599
46115315 51499641
51154329 91261868
31665875 92588357
28718182 46657643
1868161 64497182
21669331 96427651
4705058 93579040
6301914 92855325
10445297 75300299
12858244 53097609
1985697 33144973
77092359 93935172
12619962 79629139
327932 36441672
26982548 64705011
59767538 94592249
55166037 68102613
14672760 96382736
13782760 73517838
16568397 79080974
34030631 65884259
28632059 88620044
37924506 64928511
8306888 83002975
23051369 74695156
87704795 92112927
213691 98275770
14015733 41549957
12829319 97459355
3436399 74836601
1144329 88804574
22828460 23704761
19927721 93355866
26741897 81476573
9458723 59133003
19016661 38075357
2623191 78128354
535368 31099902
181538 99855267
1385573 97966626
22582803 82589070
27958123 72159486
7617411 73727895
24602945 57123159
6611064 89766657
1688974 91183182
41387420 73549256
48912823 82429437
80036737 92134749
7992307 89497510
6287826 34145602
58011591 81262855
8815723 19368768
9635531 94799057
24051365 63864437
63148899 98719780
20550901 44504268
15680169 51654555
10962119 42937975
7249145 51394193
32982725 83667250
30574740 71820657
20191571 89942196
3216205 86192521
16107157 87784226
15296690 54108135
3543088 88737872
15288299 62265690
13145827 60245219
1322804 59349660
6026974 54844852
435876 22439957
58399907 86996429
9948372 65860501
72434918 99191908
26480660 68566431
55484706 89071463
45844311 82456247
41088636 96146125
2589679 99087122
2890272 59093387
57301156 87078496
83356927 99368770
25456371 82938390
30858802 90992812
349481 72827404
51800733 81237465
11210634 83337130
4087030 58479719
1332872 24804084
50905740 80661960
15480297 73782047
44009436 89457117
12216717 90703092
58588165 79062500
31575280 88710498
5788307 90204753
21797560 59170383
84375070 90031580
33223512 78450505
6660107 63042560
93324245 96953559
62045279 85500898
51453626 84835584
1053362 98160962
24133942 68368503
11602335 37766051
72553267 90972089
38566312 90440213
49116412 59638689
1721618 93758781
31615378 91223486
65745439 66522193
19288086 51594787
10981074 94858106
37457208 38318839
1710113 82671153
56978012 92748468
67029871 81358727
355295 99662086
2789008 81192838
24017000 87141621
16072919 96598577
36331842 64386271
73871305 97432424
50331164 89019097
27890953 55811589
70101437 94328610
25939173 50207303
18442112 92982338
58348981 68947086
23415896 94321263
59277554 93807828
15747639 31632059
62122545 89267544
48622029 71016803
29685548 95994812
46032366 68947744
61598739 89763454
3245440 65945842
17256307 70649128
28245337 77935891
12894956 50426671
4323401 41203346
65085590 85799297
20862273 84986270
9419104 58810887
708538 99895628
23122214 46972505
2020026 89796978
14263996 33755333
5339000 13481038
10288449 62372861
13986157 99471071
45276829 83867931
44626201 89604062
15190971 76009907
51075795 66740601
28233552 75702211
9383199 80290282
11134261 68556561
18599952 78900101
22630055 38941799
57213940 73636439
1756774 83244426
8724627 90225102
33300734 87983166
85947 99600775
7298421 94056308
8951205 77187433
40794408 69316104
17846013 92190299
17884692 31257416
4264600 75516460
1580715 67660485
5205194 99430172
2788912 84636317
11048668 31895526
5273242 13393483
2912309 90131074
6585689 97094986
24225082 57003178
44660574 57897175
64720792 92379555
31865999 80806450
17210647 92017353
5135001 67265616
63200587 77388844
13044976 70444846
59540871 85198138
22336260 79292954
42963143 61992249
5084950 87052485
26179979 53384802
12593818 69937085
13087434 78244724
11160485 64038260
30621450 53514321
7338773 39757055
4692629 95164866
47492093 71241184
61291379 78516444
7631128 94234831
13977581 15973527
47709528 50824240
28161087 90079639
32432833 92733052
13897982 99418891
49263393 93866924
7792114 92493207
58323316 76380961
88129774 94632708
58334498 90063256
6752022 94347898
2718196 81023592
82728 97641057
18182594 97207591
6110416 98976737
63931398 82287807
1547441 79533549
6161864 80506626
37356819 84637672
20372266 28133114
20592367 50493113
20792440 97607687
92140406 98192695
33286795 94764496
17283220 87103993
34766187 59306495
59578431 75462988
1898887 91502396
24169441 55326724
276661 92096318
25168406 65930573
21014590 88755072
8211704 90163537
79081264 94843155
39403485 91803254
16414129 95414415
24579493 79695885
39875351 79687013
42355249 97874796
10706346 64506831
21878922 97570205
911254 89888827
34763505 50922655
22927992 81900380
22073185 85822160
18228888 94413119
4012576 8159131
3394767 90403141
28918151 94507391
40591351 41686269
50791105 86139728
832797 90678251
11126858 99161112
1399277 41698413
35207026 47692407
21565813 48529090
82865942 83672294
2069759 82281095
24437063 75802068
36746670 48126272
31285518 91605778
27306978 54981750
110787 96003654
522499 95934165
11981312 38495163
55580988 65827130
25003202 57424202
6221972 88827060
5496563 84217403
7367946 48369819
82140473 88510613
60863749 95838495
6905136 83010267
51832006 56075962
882887 3786302
25657038 78256075
7576446 55045517
7875542 95187394
24416388 76117330
54802646 96817588
62600775 90464443
89998350 98252482
45974365 80234507
4267586 85677563
22077576 90351973
11351086 78729723
62385463 87132768
11198836 92591830
2207382 29680948
35592856 93908241
7331385 32490726
40998981 59395617
19611510 79528293
34219252 95827723
36033283 82976511
1249823 55684052
28874798 78991819
23196443 54469392
29685660 48962766
3829613 99477134
4719232 78888768
7182116 53379131
7772100 61574373
5618903 84101841
36061110 57318920
3809499 89416762
1371479 86297569
4955767 96283472
1311056 93360904
15664546 99209047
42271624 97761691
2251045 52801871
26471122 88736372
37611697 89405099
25797041 97799168
35186679 88788113
35400575 95807307
11662583 72340926
30796735 86092303
46075646 92671907
19821236 96716518
21891604 57024835
2166525 78739250
28162168 35622402
47169340 87630226
74391720 93984917
2632214 77521039
62461249 78569836
2740196 96217266
42072110 85692984
12381631 65965681
7214285 90993711
14250135 99190363
8885769 18497795
7711744 74090683
30775936 89171507
377693 80806259
17928248 19531607
8350179 91325191
61589877 87420592
8335194 87966805
14421863 94375424
51783470 70461053
17464534 97555363
29976395 89870602
143336 99777085
22568290 36547850
17519261 72318717
48886841 73798103
50816246 99214785
19183455 58870717
1002280 90426716
66529457 86703059
74292047 82569542
843670 98516608
2473153 98765652
1987050 93905913
2731215 80243669
2447634 54865956
46703171 96442813
38517994 87576591
22870027 78351015
11296408 59127691
7597932 96608612
10975647 75145849
11568597 76243912
65683262 97769588
87857240 94803155
3077382 98511916
55752125 88876985
24894821 50938087
31986785 87983227
24055036 94080740
40451680 88747303
34873167 95554591
32744111 56076272
40320642 53058189
50885828 68597525
6567917 83881091
41267690 46757635
27080797 28708054
11252864 46401361
10785142 95318575
12697280 84276261
41117873 82975028
35543741 58472125
4975558 90814386
29576475 43278570
53644977 74755262
9828716 19343153
10785854 49990290
17447964 93312763
10880123 58660389
51114049 80974755
90032092 97283851
57047484 63333689
2715784 92207448
43422078 97270803
34202135 98460372
38893521 50842557
11122189 89339540
87470950 95578777
5092762 83143282
35645658 55093147
57332679 72800307
3350832 82545317
14721339 88079238
9723349 91114834
16512872 45891278
26954553 81849641
7258365 93123704
43451143 92974030
49515776 81641621
45326489 89496616
8334221 60445668
67500747 88424956
4251966 99339643
22027855 31708831
6541262 80321072
70708031 90010920
217525 88141428
4071617 97129152
16801675 93549595
17253777 98359153
15410594 92305947
28002477 83885027
38675891 71784954
4650869 39238731
9078204 75981815
55983821 87914246
15703167 66744926
3574792 43321350
81469993 89629777
23736827 95688032
15712694 71854268
22605402 91370661
10980828 98048510
66544025 81197409
22765510 61299669
40416237 73212321
22021463 87080533
52991474 60482114
40055990 99571468
42880658 98077073
9163543 21795299
13483905 76409257
65191056 99493291
10854790 61300461
6476068 94872356
555622 99607253
35953967 80850436
6586637 82482466
21459140 95724131
11209184 79916498
33605067 54769826
12806584 25502225
3918517 17105124
35236694 87982959
961673 69391393
1366997 98522747
940521 80156335
36368954 65085830
1348180 99628836
235513 90727941
9727536 94237216
65721408 82795844
5651234 74497485
4819755 47669018
35714319 99002210
8369274 49244965
14287124 59789360
12864397 90105555
75150205 97418631
37420053 60784103
94407570 97667471
5401842 68282606
16104406 99228785
5994192 75706628
1253853 99314104
69998254 76949075
2380589 87674064
2567148 34880462
34039708 69918718
56500378 97714941
34307073 52934291
15070368 34816132
3204469 96086112
5742093 91393032
71626011 96582663
74295681 99056036
42407722 67610780
47497795 83701622
205098 99109603
6451571 98534969
13545900 93481954
38611255 58766376
17934379 41357025
24553651 91632436
9269442 16004667
11456478 45111675
37576567 82840365
85130839 87806516
33319585 87762328
4830292 90417548
5708141 80739718
34517090 76954170
64508371 88583140
3766528 99117993
15939177 75118179
2411200 99644267
5704854 74932950
7787811 73461862
76493433 92831327
21832342 64860538
42131329 49358724
13807627 84629920
30960393 46996565
31957060 88584735
10492678 98170518
5824860 85587963
16580159 75845446
19256032 46880968
32129391 77396370
13927963 97557011
17952062 76584139
4843211 6841468
44354927 65572479
28542564 96713783
5205740 81542614
8606016 95825683
63804331 85495498
55081456 83085958
7308299 84772773
6352482 27952803
196730 62993031
5411013 99764378
14403217 72236632
5090571 66440268
17778424 96555539
43923102 83366081
44500000 86399106
27786263 63508960
20842316 51540975
16759674 72026196
2513703 97652188
61805390 99475182
12987973 59161405
8447772 93922048
1749905 99816834
5275253 64617795
9733323 94792660
62618877 65229690
1116548 96941563
24066947 96505754
11721918 69983072
44645848 79760123
8801404 30668365
31964722 94905589
25933711 96705022
13324678 90962666
14450707 87734255
4112035 88652499
21872349 90005034
46775314 88299779
28762099 98543847
53151202 98913017
43585898 74634507
29659856 90660519
7968940 99523781
3406411 5350326
7847596 39447702
20740605 80505594
1055389 84719591
13612768 48615643
41444033 76566278
24023074 74953772
1413614 99478171
22538937 76426790
2165572 94844985
34015517 92348747
4862575 61675641
16234653 67893404
20142512 48924398
4218150 84553066
12139758 57019644
4725036 99244812
5118880 95027015
62598113 79872599
46003265 85333366
40322741 77796812
2215780 95519400
48499090 63822455
11982178 93709271
24303708 42321822
79452102 86073251
30302082 93457698
11915382 97107355
7687939 77214605
2649277 4646660
9284628 80036100
30566927 89494090
21062313 66700956
12297650 70331205
15832595 68231030
1257972 50808454
5301279 52502013
2591719 98154301
1162629 94631229
13851349 75886344
2412273 88974895
28083610 47529648
24380910 32555296
23671488 43483481
77833159 96148876
2448507 74622116
14008520 97960783
73781250 84439521
17494581 95981166
36332367 54731992
5765951 96184721
19777755 94002675
4052289 13297837
23827167 83966203
11390783 36084280
54866007 58785884
35733031 59416588
46986863 93004827
26026694 69129392
5898168 8538773
8515695 60067869
81200641 97634335
5034673 88018776
9338712 31163619
2346920 99482473
5368148 14652247
35569059 87689034
14562939 98468931
10435236 58599808
47525340 66430948
6686455 98517049
13783187 97214605
21764237 82629684
73018102 80624113
32799536 90020768
613472 43003869
51981681 77129543
45520352 87952892
1131251 57380310
23142599 32807067
2348277 52100823
5887849 90177586
4884885 41635859
34856038 99663042
15575683 95780773
12975324 72658711
23482895 99365372
22788543 35294165
11890844 90386430
11489383 95604195
46310027 72659949
37250659 54050134
885664 97396901
10503257 33469447
28503354 76686164
11197259 77262824
8917935 79044177
1723185 91338583
58852556 80887452
38270224 45944857
4818153 95554533
22474966 87888694
8685264 8795132
3158042 70997426
22691107 83395906
16303916 22360518
46066596 95667774
20384588 81080573
4731463 6190664
5137813 35736282
61865640 82926509
28352842 72663423
19437032 65329737
89179489 91215437
42771258 58633486
29786157 94544596
8261142 86048000
108746 84982302
17550632 81386016
32767954 64203085
4364615 90443534
13380688 92778876
8668055 99634175
3611803 54814368
27986224 89993647
14912250 80348713
71751190 80002877
25259658 73213153
75225068 81414744
49812840 69580287
25138836 83550833
29932633 93453387
49873656 73804831
83715638 84609072
62260177 99312665
19761974 76375580
800963 33489026
9179978 99047200
20987978 83476956
30144382 78821652
585669 43008725
40629974 52061956
7441127 81280043
64098534 72815267
78784472 83582618
43903496 56900500
17951597 84852253
1980846 16777241
24400 99392595
23663926 78951987
65380055 86680043
483401 99947462
86770578 94059659
366492 99056346
11939106 21757151
13688556 37349130
9805963 64391057
21672021 46812610
49967428 57509138
53368031 98495471
1213245 70505042
11415830 43070842
30273672 77748337
22243186 70340042
50989935 71530744
17158638 93119986
30776569 68711930
26359096 66226292
60416404 71122514
54610430 85880314
1876611 90481569
4214996 79647149
8084733 95984313
19872416 88426619
1079009 97359203
6178503 61225791
36113473 77081665
21891208 94781633
3620186 83132373
491095 90765722
145937 99753341
47187168 67538227
54410432 96677661
13504186 22071243
23358438 70384954
12701516 98656002
16359483 37224067
22169357 95693447
50266937 87755224
26477859 29187858
2799539 49307637
54822717 85716306
64171482 79753670
5232525 98271798
32928203 65596970
36395935 69519875
4658900 91308347
44710798 81700085
3741170 93637252
7061265 38012874
40339391 43105261
12829858 71116574
57792836 99129886
12585853 51148145
433746 99827764
19540941 99946817
26970148 66517106
4649634 99401313
35894575 61339912
3909854 43416306
39905862 72914536
6121423 89777751
24723263 98582602
29673391 65322573
15959678 26208121
23484228 68263907
36914261 67288297
32693343 88986942
54488061 54863699
51101116 53834127
42447687 98837703
42527685 45098084
14789059 91120149
15859605 65921398
21798074 30510831
4690263 99631109
5263159 99132613
3892457 15053673
13946066 88309014
876160 95751130
35819191 79435279
12395570 48581883
58509953 97687172
33829104 67299151
28931051 79500864
16668351 23748331
46836805 95933287
2966785 42128270
29133654 53762835
36728210 76003468
24745488 62028899
1318008 88589230
3059700 81155902
20521557 53307236
4479493 88605622
67338353 99735822
53798553 54347401
66792200 67379567
21014660 75537935
47190419 68915124
44639011 49103118
7296434 95747823
41940015 48886380
43668136 73143036
5764543 95581171
7145542 59037587
64293458 70843291
17569445 45612221
1648953 93947378
13387599 42302948
11565713 43523081
16436334 51634825
16127988 96670339
2555414 87400185
8097523 88005749
2887652 89578038
65150705 92092960
19294053 47132849
52248385 66149021
23639943 65075221
57997158 62759322
8421508 45937564
78815560 96089464
6314235 89716868
9774163 95904559
17850568 19516751
21130523 69909086
797869 20709074
19337325 90213990
20955463 76176327
1323491 76584349
63982533 81152802
33396666 39594757
33975 94642026
29687329 78925542
16168088 79522947
23323846 94779549
15639701 99290044
17927460 43328299
3941423 59098735
10527096 12022457
7154233 96103083
30891466 98682033
31501620 95050645
8841042 60187453
36711791 75144427
38246604 67626245
103605 40671711
24487613 67596051
6924399 94898471
17944807 94149465
7955701 54525314
412363 99167197
6216644 83539111
29819265 76295986
29529456 82752594
73848302 88166887
39732508 59603789
24221995 60379897
1146866 93049711
6543465 98206197
6893316 80949614
10163579 42277756
798136 74089647
94700680 98318328
508312 96300877
18918649 61578652
16145478 99506471
299402 99860427
736506 99381297
4791271 95661869
33922783 63847498
29590602 32863947
30891953 58418011
14947016 57804744
2713917 95963022
6816355 77659308
8576466 93163748
42667641 78759564
36082922 79137958
18504701 24247062
191073 97907226
13073261 24295554
48741246 84814276
4158902 80647666
52758619 84753015
15570193 64910667
28088163 46432486
846362 20655350
431592 99847472
12182853 71525255
25229705 97357068
15706830 97882025
33666139 89760365
16457383 59250453
7579958 34849269
188993 99327359
25070447 88923476
81701234 92764519
15871330 69416100
17264227 50730273
59175832 97500447
10617864 15828067
25036244 47719968
2974446 32217069
1312894 97262226
15795663 95294369
3907164 75238923
19701135 53615068
5377833 93249432
55513550 71380602
3823941 93303732
197540 99424325
25013685 70761215
60628526 74515217
79368448 82901711
9547190 47994932
14129485 87439955
7477238 99322561
58623088 61715661
2827462 94517190
17107385 86852223
4163049 85403647
26975286 99462204
51240583 64516395
44941920 90963214
818144 60265710
1117967 21230525
16953250 94458510
14375245 80749029
3956332 12855893
41357530 67144735
21746613 95530002
9194831 74795203
53255352 60628362
487176 99981285
37778689 77365196
5317938 49870274
85082455 92653361
20597619 96850589
4741603 51825070
20853053 23017369
26155597 80495110
2623027 73029380
84807937 97018926
14156470 78987282
71219066 86214917
71085088 86152758
32436625 96189280
28519178 99476057
60239679 95011128
51594582 89761797
25856629 95653179
24839739 97953192
23220023 82429541
6423603 93708611
603151 99450127
47287145 58120179
8252219 96927016
47776310 78610185
11824874 41543496
1390126 33207270
79494893 96498337
41042132 66166626
18147202 26161830
2090762 75921000
60791137 87694197
5771723 61194297
5200516 97177124
3298896 35484173
28858004 58426085
2773958 97826775
74544207 96226123
52636720 91899991
12700748 21644634
1239470 95749082
39530477 60672983
206641 99728425
24447446 64261352
44008560 96645194
7183416 49225516
4613885 66185974
14861083 71151421
57007299 94454340
25145466 28843469
53903596 94441572
9768633 12483832
10921118 49100870
53514912 99296391
24644944 90969284
2542550 96202086
25100803 85899838
19345657 64222105
10187607 50164150
10427948 24454889
27931314 81287850
16597386 37762907
64242590 77918418
38887890 55856371
2118792 90200680
34835076 89038587
29289514 50368310
88456276 88963941
7228163 42345681
6845791 79380641
1942586 94693388
56754519 79316695
576392 11492185
27159686 79503784
6656115 77391984
38707888 77214949
33712521 89933251
8235068 61824799
289444 29110048
49996274 91334671
10232755 58161277
10080776 75945979
33062980 65791224
3162383 80091171
908456 97497831
39247976 98478759
1205085 94031982
29723809 45116011
17428583 93929030
14484920 59453167
10973497 14375569
48565041 99437551
20592056 64707857
15841880 77627688
73043057 77089705
3489487 99864973
51912922 87067586
22444618 36721416
10616056 46360515
11613153 89830429
33835082 52476980
12737334 13969471
20254440 70096235
29689657 65639852
1581091 31301841
1109013 90290417
20685445 58151957
6001908 83189530
18180967 88293059
21492944 93406054
15755585 44458456
24296303 37198118
9260255 84164282
44350312 57004309
5295603 51254498
23178801 66224442
47021071 71966834
15009822 88299791
15726283 79890028
2695899 90459640
673087 95362648
2475489 53162156
26011517 43985391
25859748 89987402
6755970 37782114
69512108 93072883
5642489 98939997
51779283 86714781
20156478 50133880
10478967 60813383
2045275 79997835
1973752 36111765
17549877 36736519
2687523 27719027
616955 68358425
18873269 93238960
3246980 99374129
3257374 97542119
10982964 75345247
6301494 71220145
30589741 61545598
28135884 96978524
19273566 84395929
7459904 70059991
56590945 88782089
30306701 49455070
52455088 96359485
46654484 49211384
20625184 63588019
67914744 79945468
26627608 86238881
3273721 98407487
12101003 34813374
7203824 32355858
22460555 78944098
3821305 49394933
54264860 65687434
56361524 70058527
9559750 98055589
11268678 82579703
7080297 93473917
26834789 43734963
6178868 49968345
6871060 74391194
52510204 98296932
27403223 79910829
56063855 68656967
46969202 96428859
17447713 92746450
136618 85290883
17369863 89969082
6609839 97254824
9684039 97232667
68550230 96557332
5929876 97840331
5067913 99270877
4642696 84177332
1350811 99549639
37985789 66122513
77510394 78109697
583743 98260913
47694204 70416087
21449116 59423013
16893181 49071537
29329620 44856878
10884423 91033481
23695580 73380085
7589854 71932402
3485774 71875581
2312645 2944731
12292295 69992658
2100668 36227573
60934218 90219139
32169415 66484441
27122999 54438501
5328899 39737862
4770925 25010947
35782205 65735029
60583677 95923210
28065725 74792260
26749845 58935848
39336998 72958806
2375337 96093618
2709469 94757606
8869190 87426226
10732399 85521142
13260346 73034100
13424957 55920737
3903469 94516951
48275522 90479097
53209289 63138435
1424569 87048510
45780351 98308136
35322379 94557093
39887397 81767817
55073622 55848049
35826871 53065511
3308286 99036206
75738120 93193202
11651298 37128650
201978 99655181
24775594 89517188
7303147 26450140
983805 97525106
50960508 53604003
2593706 35350373
327555 97266230
3498015 89889357
18283867 67040757
17236814 75160532
8379407 89655020
8341357 63572928
21700084 76323815
15567761 47831475
65678672 97611467
32033888 63318762
33838888 92614495
11860713 92121068
44750990 53599356
6551776 14185505
17771823 84989035
2226609 92305191
25014987 37726768
11358364 86822803
586836 90607960
83570661 85178349
13342384 52132255
6432786 86927184
21145859 63251582
27907655 37677064
6542038 80210595
28116761 48421904
15407354 65567509
3954922 61903085
18600140 36696195
42704116 48296531
30751739 52796788
19242070 40604186
74693333 80448468
13101662 43372365
51057969 59500995
51392429 83849567
16044826 75640805
1827549 93784909
16308752 44493115
1023002 61993790
3073208 80130335
87817849 88917149
45401930 82719895
7393822 98756622
29778363 79328220
23740549 74243047
349469 99056141
3869012 98624022
794634 94095940
5276169 98567816
36225563 97711094
11876369 97789052
65114081 95209157
26485903 77957806
6070164 98215400
32323264 40844655
15742455 22167449
3021959 7481464
18337217 75363711
28330106 59287573
3163939 81893179
30849943 70759356
17923263 93534918
29040300 85505015
8422471 94702629
1067358 99040997
37435949 59143544
80012980 86804280
31960553 48524955
65998374 66813181
426395 90772834
16203593 98520012
33686287 72005725
27182845 45643206
160538 95904296
2450472 77043298
13162474 19969832
21837488 97938796
35101803 88607554
30043059 59265536
65344173 96340429
10156280 82321996
1678888 37859656
12153895 98403065
6981224 98558125
40390087 90181173
892624 70830673
705871 11543996
28641926 74029123
61569103 78335910
22091054 78351540
43770740 84575987
17475022 93797620
28809700 65570138
15091979 27662021
70009538 82899658
36791749 45584763
62231242 85956993
40919586 79215809
13388613 40262987
8377903 80318316
25091106 90589667
17607116 62410939
26639896 69359336
38181593 95732406
28239611 75477743
32603577 33401111
28027268 81576528
1109230 48752064
8871872 98531927
618204 88942706
31080626 58117403
16676038 96183572
9476041 43701476
21574597 70977090
64409523 92635570
9409085 25217040
414312 54843517
1177512 97271321
4386245 92747657
6301196 73006868
48366124 70985049
59455360 97966606
3953555 25360060
67065608 75888678
829665 29787505
694591 95884850
13734257 97481397
14075308 60675347
30923106 88028827
20202844 86724411
69811424 72387916
5898441 63768406
1102292 61308750
10174131 97707672
42160486 85488388
14272375 44901800
46876321 53761486
1350090 98551523
7974542 85226008
9878275 59461955
3560577 96599026
37026462 86696768
12093923 56175046
7236698 30805321
45407516 58569649
9423401 79675001
1049904 28463948
70617661 92512828
16184534 17239231
57803563 91547484
62994605 63201411
8589157 88301569
64021600 99579081
49250436 81354975
6322285 84167860
28573737 50410183
68819268 97005739
24572187 92588793
1090644 98243130
2024710 88432719
15652562 41261452
14047036 37664631
64988258 91692232
9448390 71674564
51210449 57287627
40086293 47540909
8700600 98330076
43926506 84470014
52900377 82208270
23966681 60329043
18542041 20555336
38163157 90278629
9726042 96550695
147584 94460252
116295 41414003
16328528 31047337
18046686 21259992
10465105 59155504
37279867 72888238
14534099 99759464
4370068 94110126
2876383 44506098
4446533 83768185
3249250 97080145
32601069 53030406
12675592 88639762
2468811 97056307
788574 99901362
11460772 77813196
40093200 66491040
22033545 55033163
229940 67457030
2136155 86583576
5313222 55546011
47367649 89992490
15437940 33128657
27026409 97427265
49029151 80098988
18831061 65823030
31088581 52645549
31644940 39244683
63473298 98118920
2095113 96219581
17260668 91114676
58147237 92168559
52924112 70840815
15859357 93654819
16235836 97743821
9440864 81089570
25472015 73948674
35339826 85199143
67010919 89065319
28358940 70368443
1234082 99022592
26395721 95875371
13199248 94449345
19526298 88010425
5096020 93555027
2700498 99499493
21149820 68195195
3213419 98922522
803570 33265996
9111987 57348838
8840779 44176101
4758910 13619678
13078875 95017924
34335602 65617084
46249305 78022762
26573649 29107166
10066855 25183023
11061612 90902450
21721601 93017603
77773157 80342021
20220876 89629450
5757606 65507296
1683738 98260303
1908818 98777137
56186881 64428304
41424048 57424171
11961899 62127999
55025284 72295685
52979208 83618281
55635247 69016453
226830 86213980
47891734 49576397
87746236 94535952
12490639 33832270
9408770 97547887
3762460 57570545
6880262 68245435
8420796 9051473
9263310 68517320
19969898 63029790
2295726 6652882
352695 99532589
64131001 85999279
15042668 87382378
7219856 61781356
35976021 84629300
40427794 91481304
36874296 89342525
30436787 68759770
71136511 97972203
7391423 52404569
21424233 55685530
1838998 63060460
26640088 61621086
17306186 44608765
5733993 89659278
33295977 37540988
15439480 95132988
7762239 71213062
3266573 13331992
43932099 86659490
47085149 92613570
41902484 57754301
3122997 25768412
23184860 68332515
1061990 81773421
2749158 96533994
6727867 29325466
56189887 74384960
28059249 98329979
1166667 87259781
74780932 96691034
41458733 65200816
15542643 48326540
3858156 98772436
2259492 28823587
3463611 10610010
68566021 91750527
19113280 99724182
15135139 79644281
35262820 42446237
34985671 74531296
40239659 84320835
87530102 89183806
27958761 66471424
46177613 98682253
17782708 41883261
39150044 49189437
26839893 87198353
22776729 90924559
6791684 88099079
4757312 96519255
79442689 83116980
7902830 68383547
5576300 96508883
4876522 12035218
27842766 98052947
31011224 41260640
11243196 96790594
80852369 98893669
7940926 76347079
90738274 98272603
5234371 92856995
32687221 35952709
19250436 48635230
23487721 86785991
15127638 93317866
4325523 87653907
9855630 55068895
55765077 62426549
1156227 55445744
5157526 38354158
7488670 64296161
20559977 51728105
8775745 24511818
24514660 65818192
15905426 90336359
46416122 87184705
6673831 80101022
81811624 87197356
72207089 82105349
5746328 92626356
68153209 79608620
1300701 81094052
7101273 77778178
15105612 94597386
23115601 49766936
3746984 13286714
67706497 69383765
44336955 52626667
5255077 88287719
78097985 79949617
24067255 92917871
7922263 89372690
17092178 43326936
530491 13020891
17769439 47870913
54050005 61030352
90699805 93914394
35255098 99861890
18452481 79378954
2931815 67212143
14622317 72288829
24380623 77066763
62563828 94752777
19544992 96209305
30211891 62518081
2387781 97034471
23709641 33958186
26402397 31533111
56700841 66387288
5412204 84798953
14897559 88573600
32036575 90918989
24014956 85023023
1673785 98111424
41223322 97679061
51860475 82363627
12259911 30065574
10334898 74360857
61195425 82443215
1051330 98362431
17568651 88170520
3076033 71593923
7016230 42108425
8971494 75430324
57844009 96698984
20015256 28520412
32368003 84561052
18712816 84925882
29472820 34637944
62793777 86976620
35465102 97679045
13995249 80733150
22120418 46620244
15803417 18646487
62739782 92025588
32184266 92157386
60783997 84006399
62909579 68526022
15821379 89564323
10286060 82296379
73469224 98040921
12727826 47356444
1431627 71607080
2686995 45009215
18511047 83209486
32425779 97772366
10682103 88136773
19447344 56187558
8121057 94145435
7586278 14292859
15234856 86169048
23569508 89993196
68678410 79079691
22423220 98456212
27416873 83518288
46352195 86436465
19478743 34296146
19981508 37439307
25586379 95820932
4247030 96235135
49900766 82824705
8127173 93642413
7043182 96596720
336997 99237219
7835815 46087944
1240454 84042600
23123777 87833173
160406 96012652
45021567 84855641
36944645 92935987
86872 99571327
65351912 98432886
15696015 77756707
11024151 90593205
1884005 97275362
31595700 82041270
84012257 93496490
36221739 61583827
544289 93120431
600927 98262675
244885 32964537
964948 66210142
39179915 68605511
27225064 81080919
12769523 34190430
16693804 80146611
1059942 87047439
8308580 31835665
61658622 95419959
2050867 99417665
39327565 89794727
11702802 88597494
55993017 79669792
2206846 66359648
7527890 72520649
40174913 89875807
12034087 87666502
21989889 91030375
30797987 98589058
25898829 44383568
23101252 57504366
41333594 87250276
21013839 80787457
8933917 77437057
4772570 33861759
3660130 21997344
47667762 98861725
21498703 86172961
8149995 37124722
27949357 50737032
26202877 52863793
74024110 76580005
84695546 92320836
30067887 99261524
37499782 66430265
9355991 98694210
24263375 77860580
1139264 96787580
15338879 34723267
48428337 58989249
70105449 80284591
20947506 98964351
6900498 19445212
15091729 35616805
920887 91585076
27879742 55437960
26262191 80299237
2901520 74363288
21465405 54076600
64353748 84036012
4658808 88066716
18081791 95243017
11461886 84863687
6787755 95635780
25874655 80344860
37275293 99721131
29282934 87027640
47558158 66467011
28742059 70654840
21921103 84740058
6255963 24414817
5583175 67540801
9996883 91618012
27820304 86266080
3892837 86550047
2202479 82047681
1814391 97539048
71546221 90034336
6941756 57714216
977306 79742173
24383966 88107546
15613308 66760358
16613642 44247873
20764742 76362593
42685844 59784860
15179362 78323031
1963550 67331977
385066 94366326
20940631 44972269
2372336 93611532
24674517 55199369
66637240 73706986
1348652 84535179
1869471 60409799
14534459 38509197
36870446 78899338
11803180 40931712
52795442 89371716
68491802 90305606
42754828 98364646
65918893 70387599
26831919 96529526
7732017 96387836
705614 97676473
541477 89501947
46819233 78995643
9441273 73284901
13864716 60537918
2736372 94728457
63253704 64916904
2431887 13124691
55116497 98970763
37930820 95950255
9739721 53341695
58609708 81067461
11244959 48941642
8130641 98710839
45778726 69186783
45085526 93093513
2000739 79667787
19427084 91795295
3000770 99140097
15855162 92339607
7303861 57245385
46108702 73529260
58356779 87896538
12560574 87381119
4412120 80339645
74254583 76436057
5687707 64901357
73801372 98242309
28416367 29932614
49837401 70077167
24318983 79279834
32390883 74217283
2686387 75124491
20479560 85235474
27011556 71044773
58447086 95183403
5192802 99897502
915917 34485209
39260227 67662730
20520171 68938063
9587395 84902653
24081446 96189641
29960347 88152344
26622525 98982419
54589833 66588344
4797 99985232
9588318 87708101
6594831 80906673
55795084 96846448
7540035 39168068
90408242 99834649
51590115 85825688
14039394 95258967
16701093 63422450
6110676 67480494
9090102 72183818
31488066 89431393
479861 83828504
31995631 95215929
87606357 98190961
3537729 99971495
50378457 97119904
3950723 65267622
11936973 94874174
4211010 7034285
1771786 77853039
15994114 91796257
63197157 84258324
3716246 58687654
4824943 18515230
13870309 15620624
29492964 55013979
9890596 76976826
2683788 82411619
67442405 76553736
19927261 88424856
47318129 97767477
11684918 99634837
5879017 98458980
6887574 98224899
16141271 87107297
582746 99822913
10790800 86762364
1256494 29711357
4832445 98811580
11567276 67445638
7185903 93209758
40498926 69682474
67392222 83598867
15334115 58289259
4490781 89663948
79635852 92123983
12503052 79471641
37932694 95751372
16511754 97783202
6678176 55644784
24527445 77075251
35414546 98113067
1989376 3283865
61567777 66073626
23371538 30913257
57067376 67880067
1409051 67544515
67375102 78945422
11310325 72298092
31118680 73501401
24800204 63249779
24058839 71014615
44902327 96006231
68843884 86592248
3751837 83354008
69745082 83672990
2353997 51269978
52650079 99092359
13982457 72620779
40268272 95420488
22002987 92206854
22947066 99467947
30983510 62816925
8955851 79509170
13960083 98896242
53074701 91247718
39820812 71567803
6891812 47367679
28699851 81117534
27282226 31992312
28488442 66218685
2852445 63878815
1558940 14089271
40263438 46001222
29049257 65522200
50034440 70709559
17958318 70999226
8482332 96803755
41021502 89481484
24884567 96580698
10365350 93002982
28725222 91360500
73412060 81802325
9884551 78956067
2726901 97627653
53161697 77122833
5962013 69944818
8571554 62562319
4476034 96078407
16760517 88950781
11510123 48653546
5627632 51347939
23145382 83057309
27720340 97042942
26364687 90102916
38105417 94658910
29461965 95216395
17137205 73345440
54094583 58014134
40585747 59885805
4514453 97019239
2700810 89729444
28937538 53661212
17256780 74623218
1659185 82942207
10837325 60688630
53330233 94423887
1334528 94169989
11667752 33926416
3142572 99637547
511736 99440535
70583714 94405555
5909235 80268885
27741892 93297605
2472783 8464636
74927991 92817157
1553109 98441512
70510074 92732443
73021875 76293061
5307387 10522505
34437789 60954885
35001031 65437560
12199749 64776030
50740702 54037647
26531356 94862866
22421109 88821537
2639185 96349854
38550096 79884375
55717293 90930848
10686460 98482597
53623203 77720055
91983738 92411124
32818195 60195667
48739002 96232879
32944126 78061972
15030299 36373620
11757369 68261762
16404179 65172199
5827978 98485537
26389222 87273923
16385771 96917608
474361 76739056
3524120 99836750
5814606 69408383
85228446 89899036
35449446 61415619
2534861 72875364
19049743 29996472
1353687 71091017
8021989 86373540
28507376 43780769
65180124 83334154
57637150 69965242
10095818 68752517
267850 82134127
32555931 95258812
783120 79181934
21479329 90050464
5502603 76481936
2546006 91762161
58489152 83905158
13521467 87133158
8047102 90867043
36147717 85644324
9938002 87149689
28273718 50646767
47306888 75996312
21583945 52181352
193835 93880609
25078694 96044750
2809914 72155662
56493978 70981639
8329851 42515078
26967770 78719560
25082088 89029383
4372292 98330774
34090690 87376580
14948381 96260458
15643462 56608526
13636264 75451223
17169829 24263473
81116771 96878724
635675 92896004
53177439 69331560
434153 37956067
2971561 28236206
7766158 98647319
1962642 69695558
64568475 94828903
18534954 99488221
49700629 94293834
522672 90002093
82074799 97739754
7921153 76319567
27425645 49220746
1434156 49871817
55634991 60150961
43037547 75491843
15606583 91535164
14618593 37860311
4776048 65003475
16012612 20060649
34633112 71309709
55931493 65645777
5513384 97703925
31616084 68549250
10084665 73329861
10190766 18211894
22250 93648211
47176379 72784487
4719245 11199655
39519580 67994047
74217900 95585075
274269 77282529
8355370 12493484
249758 97494057
61739452 72669695
21340380 82810048
510356 82839934
33819941 94874422
3083182 82707044
675147 98390481
41506061 49286110
5070742 58882950
30022503 48158480
56227378 78917061
66417812 79003531
1203080 94721598
28697490 69257982
13917259 75000262
50167432 77683084
30376265 59651040
2909125 84494123
7257869 90805683
3706662 98892265
56534040 82966547
3143889 57938943
15110802 82013047
48046056 95863480
12029391 57677572
13107202 66489178
24401435 94618597
21065631 44013195
72181416 79550667
2725434 5864379
30758756 53041029
18048538 96262282
32910034 42964576
56621805 64724440
27771694 95269324
76302874 92001618
33221083 97536423
9153975 73660534
8114910 74543968
67913837 95352278
55018770 69235778
2819905 81882274
16501836 20658677
17350870 86175207
1879768 85644922
56750093 81567060
1444013 67949538
454534 91676386
15603163 71327291
660261 96705461
17104049 77353786
10234519 36753492
9486362 26046346
4710569 38482734
23510882 23962997
7333314 45939194
9011823 78038390
3356625 96969784
25504071 97231161
6085348 99070793
3721656 47605718
185793 74759129
5304556 99185695
3220230 40630644
3939514 94802342
88850021 98356285
50341400 78371693
5185110 56097380
54790622 96140139
25455477 64186291
18087651 88783940
34012184 78844598
43849750 44633550
3226575 92501564
49373503 97951326
50258 64108190
3640320 39782238
63010504 69623533
21325174 93158607
4012984 24904971
1202013 23918932
4721223 95591334
63213607 87921808
20253179 87468084
10471158 85180049
44666580 63383414
23812552 36025810
34771698 78074440
17335790 66284563
30369247 90476014
66765 32146770
47532291 69196950
12957875 72832701
9974965 55405652
5680491 75481894
2296033 99090396
46458114 74023594
4221990 93028370
8912909 46574689
30561787 62579094
1907658 99849143
2680674 96609799
39063269 97462041
26647241 94382860
105721 99116989
39667870 74392766
25354245 35883784
67391629 87040366
36312887 81084475
4637250 80991230
7654016 59807941
51324045 91307823
3229284 47429571
40960127 92242574
20155265 82447588
3242428 99031911
10248516 53358072
21128549 33068503
21715610 56121699
15414063 72842961
2020619 81618798
1353502 99335477
12748391 93135645
26301099 96104788
1084894 21773698
72729987 77474255
40050253 97387726
13646473 50537661
11276264 84688110
25330185 97976647
47606403 99647574
599827 82439464
18583807 92021333
248911 76696280
56459987 90701339
54843292 89510468
92122145 96378086
46287760 97530785
7696586 40484381
11305756 99343754
17070757 99304287
63798496 70281311
56097549 78322576
57487916 89785325
7188197 90776285
39602454 84430252
8112795 90424042
4837678 98315060
137967 99968292
14598071 94891355
1851832 53555785
415853 43607369
6453822 96018554
54333525 90237985
47029385 62869742
8088127 85796007
12863403 88365364
32595565 79423486
5545407 7854533
11666054 74119211
71054098 84711026
51189547 54184867
22636439 56605797
9876756 66753449
14345129 99452087
32146986 79327229
1123159 99364594
12750519 75425419
56208484 62483825
13014324 61882233
28393553 84924018
15636273 89305777
59865938 78116260
3617142 95121131
74623044 86304542
12645353 13889946
22960660 83097923
7061515 78571456
18312170 99369075
5976753 89666591
24350852 61565262
34479905 44013820
42411401 51400872
18296646 53772649
15870711 32969308
2249001 96671445
29960809 36890127
15650768 96930385
8735918 68044551
1443594 99611990
15993180 93536092
9946925 83922381
77821293 84315811
8435193 97845683
74491514 99551544
44430283 82537076
36149080 85614178
51022237 63757512
63860243 96035858
20775201 67796205
46573761 49432364
12956028 74621487
13883798 91647344
20859194 55986655
11774685 89439906
25204250 92614023
27011006 85357203
956443 35789007
7391937 82747295
48050088 94894283
11185442 29008719
12401132 81315286
12937102 68595221
77205188 81139538
13245984 94949985
36289814 63849572
54417763 81177920
7459510 98635111
6125194 71999792
15281093 94447100
6733503 80925653
15179925 98155773
48117135 97551176
6898083 87710615
9264707 94941739
319346 99779528
10080463 80283985
9655207 26983521
32446478 97940650
12303585 54660211
3416261 9228875
12260344 65073484
6897771 94963716
1633562 88980036
1682470 99756228
5296017 93241861
33240182 42689556
1118686 70833922
10162812 34768437
54454460 92045225
46123925 92683052
21400028 95180344
3822324 94240189
35043989 99686445
729850 95671285
26495915 61443429
38240739 46633230
823019 84381551
4849159 98608754
6143341 39454014
493763 92603944
33298016 59656222
68902189 81453554
40441676 49905912
40540952 46750645
22827500 93914968
28286162 45062252
87867250 94690980
41193062 81465345
5757049 83418105
233836 87678663
10377745 63292085
31896419 92292495
2971656 99805655
20102460 92160017
13237576 58915676
24040070 54963911
6019003 73941434
11079074 57281993
14607451 98250606
7339643 80257823
58300076 84146772
4936809 18856565
2448340 47069754
18491960 92651997
4362975 99688373
54166495 59841481
43096021 98511906
45393373 77708651
10293961 49581915
12531723 46060080
29803751 96923885
56602554 83408450
25058564 77900691
22699341 40692445
27193533 35780467
11388941 84959292
7546139 60707552
4275704 84131125
14193956 90034463
31297249 93396948
6610635 40829966
1917962 58398593
31167761 85046021
1521851 39364559
2532426 87131604
29868974 82935433
84887226 99880681
864005 94272141
72063125 90528714
3417650 99434842
28344051 98816966
459706 21742048
5051012 87942063
13416102 96945057
11802532 90946226
76598305 93886177
24396854 35955665
1229284 98114741
20619523 40148013
83231627 96064058
17436087 58342593
65335284 71891815
55727731 87720259
19188445 97587113
17540830 65557488
2297974 99039801
3810558 39011656
1960671 98424069
12045897 20101389
6129832 99400249
8914771 15587189
2511753 98131634
17823624 95918778
19861454 97614182
1527892 83146270
101967 99787942
25487157 73772203
7900128 99123935
85897267 87150547
65592863 74809474
15257466 97976357
78119334 81976220
11143490 78781068
3296589 89755760
30920421 69723576
55721337 90753507
1212377 94788275
3719955 86820807
16182233 87488093
48811016 58886472
71873071 75346568
7004935 92961225
9231328 89419098
43996980 90718851
3458128 94189497
19068610 85538285
21651802 36157106
9386301 29213264
15251650 85556985
45976151 65524440
32974777 51597498
17415671 95327047
2148598 19421942
34337737 86454907
1064846 92035078
56852295 70098665
24367472 80244273
33884740 36728787
9315228 38311671
3812487 65736788
10041283 87503461
2736237 42576189
29796544 83972267
11275248 90326960
69259082 74515296
35961517 74094868
11777207 11931630
14451412 81953476
22723480 36227000
8923361 98154211
38092854 85546048
1338561 99708311
39979241 94712547
30677750 92568924
901248 99915257
28687257 93361159
39810333 84196892
12612616 86092290
903372 98746766
8366529 86594828
5957775 97762529
29331131 85919379
23809859 82160547
9827301 97985507
20791078 30909191
26905902 71572963
8513215 67506289
63282555 85663566
9413920 69340664
50425854 94507654
6755425 53360912
21508875 95534223
9765811 60439241
7774161 94036932
74883857 95979245
43925974 94977899
6963459 99572752
25482777 74095810
77533695 91077000
2658315 88400802
27461290 56287754
20863190 61268301
914142 96660130
69847148 88472806
53641860 85485489
1138209 86135580
14187635 79150733
6024024 76449977
21499925 88259389
13974879 69752932
20709819 37640781
54390710 68865169
13414257 30056780
36404790 78182741
24384477 36854953
13933917 35978142
38181569 97116409
50166588 88165935
39898731 87824243
8841151 95575813
23301977 53393774
17894027 38621102
50650417 87497230
31266215 95614374
3071681 92607341
17028248 59857434
5375573 75685435
27324913 78670489
211702 55577417
15179500 72611987
2234496 69547236
59420422 83312421
15020504 97617796
8896428 87159584
25691960 84178393
50159587 86726729
24966494 88495957
60418993 98129931
3542004 89381886
8348941 51776238
27662362 49592638
26231051 99939936
6948532 38566337
55351708 69502337
14402618 73215758
6500159 67495099
66733813 91594585
23264406 49362898
16525450 54442433
794309 94994389
3366275 92999577
56033437 94749565
31950728 46089288
15957083 95608226
7817742 88969360
50070595 93888024
7989335 98871291
7970407 57822323
3220274 59203951
56209823 82786053
22015300 97395194
14401702 82148245
61766719 80557960
14724452 75289660
12525141 91921222
2909180 99058165
2768964 98258232
11385 99530102
377419 99820360
43274417 99901173
10187442 96131171
10089870 68582876
7482087 89453339
33071675 54953449
70731769 73566554
14448859 96309956
28382721 54507859
16806416 57799306
20866998 97174925
513054 99495245
20577597 25672483
28888226 61222006
13575710 85768941
24121775 79881227
26664973 83434478
31175548 97092331
37445191 60106020
39487750 40980384
28295670 85769294
69271314 91313347
16339864 24072361
49188115 93434589
5102478 94245103
13462360 99977658
12002283 84922111
43182344 82949470
74339145 86535724
21822041 28311598
8338687 99060766
11747354 92620481
13912798 82396539
47956226 61724460
1488867 92069896
809544 99827350
10628386 81438813
92535411 96797400
36743713 82543276
30614825 92503927
45511856 47026437
38603976 63601916
78674770 97243190
13129271 98734983
26600746 31705181
38629402 84906428
39818958 72257792
43461731 80052612
41655830 71410326
26936198 96597635
5484108 6268301
18158908 84081990
26215676 42180101
17612689 61444959
49845130 55580660
19616280 85332585
47291861 75239775
33875780 86331182
41706142 85052387
7719289 78191210
14144168 89079619
30453901 59512820
22658343 93783561
19796330 36398129
34836558 52437244
59322597 88899829
20259378 59619979
48347243 76099059
48363937 82985075
27161729 85284816
17834462 99805221
27013738 75093305
7170719 43320114
13748398 85818789
20085367 81703159
15519736 56661518
2916484 76318874
3069863 45297289
3022348 53029131
16703151 64539955
64067419 64342217
56631275 74790575
34934217 84932275
20595585 97986726
35596 91041267
61332230 91192889
844938 44462956
14249914 69269814
22405734 65168614
57418831 87759349
4699752 89608797
7074670 23470591
53697870 66839583
29901389 74033804
15776453 19599883
62254627 90499023
1379975 99458897
73818895 92447400
16179019 25658522
2607778 94046799
26421740 99329105
11735512 27178091
770779 98763288
24645312 65065289
9470187 80676435
44983491 85805444
14171939 57902676
1912142 99147121
14992536 40050349
46395004 91708460
2123567 81429681
21453828 80547896
1472020 92088145
44900030 86069296
19285756 85006974
2661378 99634749
30599035 51645110
52549945 69824245
19264778 26011497
81807262 84732522
11611714 96383656
26707893 84033617
55355664 72180018
29094844 82391549
35756446 82843604
41036953 92443177
10646011 93000765
9904 13694205
15494526 94178039
2466659 95094079
5475123 61487618
7107574 96994962
3928560 64026479
49499288 54320422
33303852 66257207
9521207 99654658
2164157 55033712
38807805 67072965
68166749 96646248
73611329 91573401
1724334 80256670
43805438 45161282
43749335 72706739
5946893 96305792
9608794 33833279
62317652 90912466
2144314 73504978
39901050 97966399
40153436 98955996
2602397 90274738
84609503 90529881
58456497 65463937
23531617 87808535
73520940 81516224
9662168 76126258
20138540 76374838
2963422 29487671
15183421 92295647
25677700 27078447
4125922 95657593
9256634 87927272
5136557 97573157
58304558 90377494
39602492 48152544
5111458 97327945
7242431 14229621
56116689 97112765
54106933 96570405
3860051 79881883
36251786 72859109
57118279 99967157
2691988 70120311
33525680 79959462
19250065 61436463
51705452 85910809
21807594 97842203
960267 95108774
73018465 85764263
40553304 46139440
12180263 98921149
36401154 57822214
15117667 65469276
18010624 87260846
721498 89120284
20466032 88266343
78523287 96705404
1740454 94781896
74645111 96220431
39456313 81094249
54358205 95616775
58377871 82949307
20611415 71072194
63790514 77360766
17259765 41742501
66751878 74717617
2279095 96953009
32425531 93185657
24424970 99707738
5362428 97024190
13525708 73057596
18132430 42915362
50586383 66791223
30933924 94963542
1854783 56190642
10657754 73662296
53736 22689032
13935607 91903181
18729255 43577736
36868002 69597148
13549264 74375625
5572291 87991653
36060943 51028501
4537416 72676198
6046033 70081316
59740212 79095216
10411153 76065657
42612414 91132580
18822065 79121109
95629415 97807171
19569622 65839874
53537637 79224270
6155212 76689285
5179857 97159158
19024084 79922878
2309864 97792473
79729035 87802185
52738786 53681966
56488817 71678378
36464315 94183422
2492162 77423472
30493055 98026131
46516174 80836594
24245014 99450623
30983418 81593472
14564588 78604582
5943780 38787824
12949619 89851588
105026 94052534
58681322 86246409
38691626 91081415
18821337 69493518
37706946 76755599
22575096 94991896
22555456 58697055
604590 99953121
26501158 92163934
31084167 57183561
1127231 49849440
42781886 75555620
2302399 28660819
617513 33411663
67403809 71657128
99547 26399997
15324225 50476146
16080852 98156485
982917 98994601
16293039 79153470
1316445 86355963
11301254 18898446
16920962 48605660
52699121 94150953
4746322 92110184
31700549 76080963
21601832 71204721
3285719 90595371
4770932 44228043
42195740 67478550
44389544 77615145
32478105 37599354
15438053 64615993
14454621 98055360
52279255 89380824
19201873 97017044
53685855 95299036
34498608 40681309
46634363 73279896
42435843 91338414
35653656 48269654
2080643 98320708
63932624 91585227
12510984 69452265
35808340 91229861
67445761 70276052
1016595 50124562
2790558 78364145
2176034 63670413
4855397 47280817
4606117 86085252
20190903 99819865
37633304 87128241
9874362 74332500
10057334 94774605
58032334 98556944
44440239 49203206
11963 99959918
18994951 66039406
45498838 65570504
31418694 49330886
12362633 93666719
1663589 94780486
62143184 86560190
23971576 73076958
44593186 72057412
29845270 89540172
10559575 60109108
60219546 99964773
7419608 87247105
2685680 91450032
13248615 70604701
9355826 98074382
4217221 98637101
2000410 39069379
17840608 54560660
29542353 36924630
15396640 87200608
22826848 84597519
8180386 92228907
43726381 80329225
29684094 98075497
28071345 66247663
1397543 91404247
36659784 94400032
7874768 96432719
6961474 98134230
3507472 33092399
3275849 44163964
1692028 63902638
4898081 91194389
32411807 91515048
3562592 87467899
52252974 99007075
21535142 50539358
37675382 98528858
29144369 68837290
69926065 90152883
1484991 84830246
1912177 54843934
5413559 96795633
34012441 40556007
2273756 98576077
5684643 25917049
89035747 90785528
29454167 83645489
44681235 64175642
4597462 95931978
16786742 99962246
31793819 94129130
3321998 36554281
23894425 38579012
21842021 98875620
1447549 91059469
5273600 66607557
3496058 93369238
20862583 96463250
39663661 56986809
55518745 64459375
1884308 99547057
57150396 92836983
24431869 82153917
19714966 88788253
1870927 77519417
3506358 77146531
2522522 92068554
134620 89225739
2203470 90053478
13348756 94635697
20165695 30206296
33011292 97626860
8638475 84354706
18267141 23034835
6786091 36574676
32458270 59115990
20844023 56492332
55096410 88364786
2884645 16227357
48922474 90651128
16734585 97263632
59473497 96490056
23760431 36271427
13909796 16007064
3737516 99414269
34307819 78279762
2136623 87691130
17904381 72567677
30659037 46948331
1348449 61436925
2072801 99644904
625942 93941594
9452382 63279611
46258304 77394748
705973 97135637
3261745 70953516
5461678 82280772
70393449 96728800
4365194 29507235
30756994 91869012
46102407 78329752
9751727 86132824
18928100 94825174
3853136 99831384
26948794 98003173
14444349 15032743
867013 99283724
5389458 60568521
15720781 60369077
30082118 76207979
4526202 90428097
53961690 88643019
30561383 37318582
18669407 48703444
37273313 70010852
3881740 98158375
81191 99896657
39401840 43253748
21501926 68556803
47312399 81878777
13631569 35816067
30895779 41542794
2416660 93349515
22929467 71656395
7055140 47868954
16541994 52257253
60529330 76728168
38990555 99735766
64692292 79609392
82753872 99824556
69851064 97033479
29672568 41574396
78370162 96039185
5265845 95088836
195732 62397977
8180661 91475213
12283703 42798675
37975553 44400527
40457885 98051294
17932561 88320033
965443 96889035
11304597 28853529
6330223 91186651
27911816 68532111
28726136 71400775
70549405 75497096
2345010 91227279
2914915 79346435
55349831 98421343
52404 99998393
