56 34 60
274985 4022468
17927241 74273468
10126146 91911535
28818202 97002838
59060540 64473636
16339980 96264595
20283677 90257453
2307797 90967019
12556677 59389351
8004078 95252260
29390310 36656154
12764029 77781367
18015609 71127440
12229333 97311878
84739696 86147173
16950945 92785490
343037 24763503
19790732 25559508
17829902 84930959
32355096 44585244
17266681 94840608
9921218 47403100
2123587 97476361
51901154 75217526
9259903 83504676
20383342 55751196
4768230 55012347
33126112 95368225
1389054 65515174
66499603 70530873
9042114 82206940
12933973 18933501
1185470 95072867
5513080 91350232
1987491 99954227
45068795 83253009
33372127 89435704
6422328 94719171
3330178 81532104
16889786 49969563
48655119 98418866
17476051 98550305
3962859 97423975
3936750 96353494
47532111 75275869
49747291 51861732
68697207 88848101
54389698 94311784
44338639 48871142
5527688 6960230
45042035 74619747
2458788 94541652
36685951 66957293
878226 99311173
42896 98858063
3024579 98587971
6822190 51322319
38828264 48653859
49196295 98469528
2278361 55145433
33532329 89494010
7245242 42838418
6076131 55428400
22078303 98013999
29111140 72599497
8839849 79979820
18842865 82699674
2339399 97351725
9812071 80487959
11821418 97204317
17167395 51836592
23131082 92029600
7435858 91181539
212470 98950911
30326061 37187168
18896644 85990169
29924670 81688389
71858037 80185271
17084110 89638857
11610758 45108678
30311474 68173938
16288965 98645887
47273167 52410618
3158304 88268138
9838940 11654192
5797931 90811226
17373389 98118050
9382094 48675065
32398048 66033396
14843291 88573590
3658889 33727445
34095903 70342795
81699358 96900098
9141922 90011876
