60 51 43
43979647 49940065
12167642 71801268
53968076 91487387
22474953 87483665
65767084 66466463
33663723 79398593
4729353 48072473
45041110 74229672
5539170 90232404
1237337 82574674
18249324 89615040
38905755 94401199
2851921 99855297
60422977 70165292
4202600 82311640
33282603 96631157
70558941 92260692
9798143 87927440
6097383 51265207
3056516 94581406
47273893 74110319
5543099 74546884
82449626 85213177
56257945 78371127
69650135 97286009
7707454 94006980
83260276 88065041
16446784 38767600
34635598 39045531
50246898 74635337
35836761 60325715
52710149 74249301
18460652 37799953
1842461 23613336
7304835 83456611
20105909 62987431
241360 85828725
13104818 47418949
30804162 88665692
30058948 72668753
8652839 71800120
15757463 72718130
76898399 94581722
88834672 93203923
32404626 69402246
53402615 88574256
39428380 59559767
4425817 94959273
46201806 99771597
6107205 63832985
5868861 91265305
7786443 85256743
2305702 91904110
27934443 77169157
40219279 84912461
24680243 30200423
2961733 99572896
20605264 70500169
8416217 98642240
36812408 70901596
52080697 61826865
12577301 38319057
18127342 62495316
12984824 74232949
1931675 92122843
9092280 86488798
11328762 72926193
16706035 30466315
46101531 46243629
10197469 64030355
2237954 98225699
51618079 87000056
18537130 79512429
48507092 83842765
55284 99904353
52967057 89650090
11631844 61362443
30051297 91155796
29691863 50795182
10507052 32904911
95582209 99107936
20419069 95134987
3864452 71652812
5966855 93634861
1997968 45017003
55863279 76085195
56050386 94884690
2745329 46934026
13636271 97163738
8574153 99511720
11667808 15455896
29756241 84050227
25075187 88228763
14978812 61363178
