1387 2638 2353
13648644 98672644
37070885 96142969
8174247 22987087
12878884 98073244
1761164 90772510
8406962 41680694
9724209 92670466
14756781 98616686
45177269 93318654
27846058 59002575
71664358 77155240
739283 92409505
17309308 93683907
55038842 92087475
24116675 33853361
24115363 67400886
6732522 50312188
25405753 54772943
2900148 10936575
77251831 82752174
810691 98410372
42691881 90777162
45694859 99350397
12404914 15497292
5931670 97778060
8105372 89121694
273358 97771893
72444902 82818939
4738170 80402955
6508033 94837671
1202884 98755066
3342044 99173856
2340878 51367850
10683634 77869034
6745487 86451244
8751656 97165217
69065313 86205780
18759188 97856936
15358975 22861802
50539866 87905724
19776743 77331583
4967475 97633275
2627292 19948616
21711273 54817489
37365609 44137250
2916874 68069654
549621 1374124
2523272 44531892
87370192 97752435
6484686 95898384
9842775 65458201
1659554 97502089
12099364 59659609
39140188 54885407
70723058 93719282
36678825 87975231
543555 99535516
35212949 48620070
8839784 78957424
48232351 84713796
7013181 45209972
16756336 95474103
8535792 89472252
16722850 80935490
35061847 79796459
54109574 66357677
3239077 80729713
1656138 99207096
37736896 98144526
24502450 76980810
4635185 83040505
40152207 90421495
11450853 45637991
53218501 70719202
35487245 96472059
35129808 56281440
8789846 99906309
66517124 69526667
13221077 15060481
34145047 77876918
64191683 76994485
9789541 73564370
64384405 88855150
26579218 97298164
48834265 78141440
9591069 43476798
16612439 51659504
12830942 58605095
9873276 46509179
3580069 87094105
37384448 84900016
3485725 92323857
9779031 77668348
11135120 77285022
83950289 86568572
38077837 97017490
17579413 40372967
47071713 95010422
49148750 74292657
33089165 91987788
5275537 6829039
4653570 84707846
71898027 98230053
23106891 44926381
16694388 94481853
931829 72392284
9825334 99704278
1340835 33925816
69002278 95624667
17817471 65617313
20178900 43483683
21518836 57047385
16182200 81847173
18512165 98160298
574602 99498403
51165049 79751450
28615503 35049929
6706232 92064260
9528565 98627419
15343452 43781334
380284 93646103
2817921 95751159
16994801 82888588
8873088 46697495
32049349 81447366
22023148 54700784
16834366 68276803
82826945 91558417
48401201 98110849
5093350 84947926
5894538 85482792
110698 59633765
26756200 68989483
20273305 74125750
24316128 82686846
23659898 77831310
72009643 96592847
19704913 22282255
21877745 58553491
6366784 12824705
8012772 71558016
1345504 99318898
15617491 57459485
14895290 77249838
18995858 87972905
17905564 92262345
65059915 91456391
4847537 94442116
56750514 84464786
47232940 71306323
30565609 62814154
61740978 89322289
41384288 51013812
18825256 24223667
27109797 53986986
46182070 67571551
39084420 73947651
32544080 79910379
15960338 84269385
19628561 83934455
53948375 73344701
9987217 73755704
8017791 60901379
36717862 77633581
12427765 37322938
12961953 95444675
1352580 93411438
17161893 44352632
15507293 88255016
16948808 96031674
1323763 55378022
28227634 63148312
4369408 72577846
80381392 91635334
4132109 85130881
35852634 68080784
674904 99289789
83262663 88548545
14944158 80131357
52924815 74756256
5110863 77656032
11143719 92068154
6553311 96267381
34587493 91963010
43333743 71663740
28704343 97140968
15802904 59115247
48511442 93195030
77368325 88036493
18635522 34634475
68298 99363246
462342 95540234
33246602 75778258
17601483 60043266
9513 58242864
33393544 95289833
4004339 97641468
8780967 18319848
14655075 65845888
25295338 82010981
63537409 98707088
13481905 71496404
77606265 96843104
11932624 47867286
9120295 69856771
17764952 27925484
19494221 99210066
343700 83894918
60347653 72586381
10135617 70914974
62207617 91832585
24840544 54235507
7429386 89012431
1056228 66454168
2282014 77468591
15319368 51774277
26477057 91178894
35074264 90311828
20888697 89719501
9909783 94585086
9661118 69782380
6970190 92321306
3806157 86367082
11801883 91276063
25580405 76786097
1328456 29752482
3509204 54371725
8167443 96732721
2002307 84778012
1227772 99946387
12835090 66224900
50960113 69084941
61691934 94824530
66241447 75063118
88685703 93655191
45980397 50226211
34888623 71902954
19112647 85489373
59037299 86463976
48137308 83793425
33143185 38641382
37123957 80790062
67549491 91508928
8737802 94472029
15396210 61475002
5058686 29542736
16538114 45949247
37328036 99282821
38510463 96381874
19641564 21123668
1808876 18812868
1364179 33328172
48032792 99489286
38216767 69947739
11640642 83136327
8184675 97587486
25746972 48088014
14936674 59356324
9112150 98585918
9051087 98691881
87843582 89037656
9080370 82867692
62833168 67048271
2692080 90846254
1557939 99589191
1101885 44615794
20296714 96703158
49748467 86703564
1301915 71306566
33207429 75400790
33686407 79860365
18697323 47598534
187840 22514454
25390366 97627207
7066229 28938912
25955780 78944789
11248417 30614218
46412843 68966184
22630914 31937976
66857258 88752618
63421060 63941539
31779427 65492349
48123658 84367082
13332345 96453453
61107295 88955026
2910155 57919004
58926768 74736646
64892282 69762926
1996431 33705088
33151548 64899675
4652245 88132432
4374295 94797548
7939232 61306903
11222783 87222427
8005974 39535114
10270497 92025249
41024369 87064041
6039950 83280871
2978588 99809291
29181071 39380622
13304629 95704417
14823881 21037275
73596884 94233770
22697883 95116643
64639235 73405151
19490455 95725393
19191744 74079279
32117374 48978882
40452616 86248589
16761990 78333551
61022785 82898168
60776880 70352833
1182402 87177318
8407104 78612786
80749888 82162204
15110024 49347306
5847751 6407420
2910357 97082867
18255266 80704101
1539160 64128217
1525541 97455278
72546347 75974919
13012732 96175772
3563092 79449672
4076562 57239799
5109989 93110653
33930215 96401710
1382401 86673276
6677773 82985700
24046981 85046214
5741559 61453734
2328644 86222679
2429263 96447840
9613829 57717117
1064195 59413338
18655044 88776107
33100223 57898708
26500097 76851100
32987258 72722768
54473027 64059400
29019585 72899295
54380692 70460633
22269361 92197350
2261090 79189993
568159 23624765
1643759 40050574
23119843 90709177
24274922 90600116
5229320 88619448
15444322 97414932
2515394 84393338
4674372 74673039
7851706 62195292
11758523 97052769
4088874 49435067
35071495 37861110
25488790 82881372
42706219 86852646
1988016 92579164
39513484 57194526
3525700 34757115
25794708 99283079
3107534 74216219
5593914 96934238
271742 73098079
47766794 85210960
1868423 86489972
18169793 55045717
78714392 94121476
40413204 67365238
26157535 49569933
13496253 15064270
80816570 99505886
23496486 91518374
46381092 89345227
23687385 83962594
53987512 55451715
13782143 61042978
3356907 71176592
9411948 98637128
33613846 55054211
30779827 98896173
25265483 59295721
57137817 67025988
85509235 87176126
6035068 77637829
17212812 91844935
26185819 99176499
10613527 96402727
18820311 66790731
34333249 34822991
28269496 88072204
1072285 70343255
9829792 81397152
53395806 59797275
274529 47303907
3286591 99096287
20658875 84492425
5579755 92153439
68996199 81064281
84523906 94499527
2067684 95576570
284160 98748667
54657786 69289443
23882365 80671879
12364815 28960265
26380017 57284102
41621304 55824324
4609469 31066821
23116667 60853003
13238345 48017781
61760293 92506698
90368322 94074823
58472371 69322533
39496524 72777279
55525812 78465634
15335545 64271154
32062126 78308614
3964915 91363005
12951141 48062832
14187964 78662070
30941000 70490244
4745420 38150772
33358727 85161349
1977945 96293077
1790576 94251322
35653670 62912105
70247085 94116370
45528012 90364935
26464699 95862203
42751361 79671085
63872210 85731070
6106714 88077158
7786305 82008537
739625 80020761
11679999 82347939
66858002 84499529
6146084 96423321
5688034 63559277
3470432 29416987
7577094 94660946
6764018 95914387
21873210 48227664
12429375 34941829
19648429 24318026
40896506 71577839
11775118 64732561
7804111 97484578
80220771 87526043
81103825 98684272
5930355 96301595
43014261 52855653
35606944 88684589
271203 12199449
14437883 87730974
13228615 71298728
55367001 95818616
1320711 9101540
194637 99531509
8725838 80129463
907231 94995498
68315688 69662788
10603992 35158792
21277328 97190426
43730543 96490864
27275488 91031113
1974967 50300811
14818980 95754561
26241105 73469681
82050326 99853988
25802912 70497195
15736605 76140528
3537172 93038414
1886854 84809012
3626800 81028851
30770523 74600375
60107845 72307068
11981503 44500904
5545538 73482923
14656302 84065959
26308496 32497064
11854564 42191033
26824721 36455700
15367484 84878831
24895843 51414266
10454779 81765204
73469744 87165768
8089076 82331798
16960520 51766356
51272280 89907152
50555221 62015142
30346996 78295943
4304680 70521085
66631731 84060677
16967116 41870151
76612926 96097601
4828405 96616626
11044814 60238758
7429057 98972599
3985697 96252117
39208041 98687511
69043092 98376052
53759625 60400248
65036650 76567218
742 99699253
136803 96149939
61596437 67730450
48437975 54309103
81004092 94061918
38065190 56704981
20477065 37365851
11720774 79463430
53960097 88909315
28679474 41368755
546022 99829216
2498127 71604692
2822048 95782410
50611120 79036979
9764125 93097990
5519645 21742154
18894270 88592061
11983142 39426756
42576344 54207028
19170776 80628198
5244114 20182530
24013311 79198299
22790505 81224131
12015702 96156730
31145939 94002061
45265126 94489388
11764377 94887264
5784678 76863693
24702452 35861677
6824825 53763437
16015237 68754514
28928930 75833266
12134642 48177927
60006650 66099625
45999805 80811737
44529484 91318786
24177975 69770920
13850253 67218509
76474823 98200335
62292411 84368773
48022479 81223464
13700349 62703011
34342537 49642737
49355094 91339023
22120800 94347917
11365844 88011351
3605311 54833953
2093086 17555773
245952 49442816
78473723 97852518
63711549 81643883
19766811 34453043
8091106 57038933
7067306 93742902
9324879 77129796
22901221 94571661
17914191 93079404
32054655 99182917
28179260 35820168
90150861 99540484
43189829 87102706
4876057 99659719
12371755 73082384
43132123 43904129
53175363 54982394
48496698 50559316
12377820 80786204
16146761 61069436
10175855 56506908
36748519 56326330
24600485 60535073
7884059 97582819
22728032 94414598
38105843 85516243
66375921 81546267
89800869 98183060
45031991 96317085
14493205 96980980
9708968 84180138
8715373 61324108
17345778 90096494
25800490 73211600
4323247 95002854
27440121 70939325
9415204 32430654
2915349 53066680
2963977 96856391
29766437 81396292
16639854 45775401
23431236 93403402
12679148 95830800
2669593 5296109
17702628 97005281
29025642 98544429
11379943 93113355
26773585 59939458
10494234 89391348
6068938 83089103
5552423 75644560
36098993 87723694
30194576 67843742
61736100 76402070
53016057 93506198
44813571 65536282
38657343 89999527
33873725 86351433
40350424 85291137
6958479 88229639
49888250 78132035
18661470 28820477
1461033 21202677
17982321 19183709
54440123 96767728
6033055 98202447
1139605 34012314
22702421 37896704
3771710 44761336
37939843 60218736
62270202 96937343
58078532 79351090
24089116 90727774
9045441 67990866
55177593 61941963
15878044 98426066
6449179 37272599
48536405 90314850
189065 32462684
2785615 99087600
31136896 82010789
74466148 92902816
32292602 85309093
235073 98312206
7465059 62576634
40556920 61360080
76160 3663911
9681254 64484782
34532280 98752899
190128 99986750
13287304 74742970
41903929 75378767
39477818 40838931
63655179 96784066
6801838 94916746
24641431 57797901
50798516 60766940
15660393 19349867
9978709 98570495
5576391 44039353
75026029 91583389
53699685 78285041
6590546 94973302
4994938 44498385
38564181 47845886
13210142 89756592
7742854 70747972
4275271 93279474
3874541 7150590
16782360 73532666
5309167 61118159
54232656 96112274
20732142 59067477
64885169 84530195
20979122 96614615
31873788 47194068
3655800 62729714
48042176 64574379
12705136 97106933
8891184 87391890
9154227 73593345
13340749 96792885
4593121 99250337
3474945 84263283
53930863 80445579
3643553 74858053
13720815 25253927
15035309 38458392
21424963 98246660
9439685 79075171
54149840 87793603
37243125 96565966
16482499 97046378
3137744 89871252
5751516 97010290
33014311 97999591
24358620 83523905
13088227 91374381
38275657 97578734
21969311 66348436
12763778 87205465
36507159 95259943
7604560 15977478
55229952 74902346
17183935 63037110
54947512 95910736
112002 98811957
18375023 36708456
26851630 49381756
16191186 95010917
7746643 9933837
31214771 79704586
5358117 63004691
14671917 44282035
39065072 66983840
64582742 88095460
28435264 69021725
26872562 93687640
23672539 91805191
921418 99313795
56710445 95269192
26413062 59206984
920366 91489180
66568902 68250435
15876997 99538433
41572430 78213999
29698160 55678903
75070701 98206070
57745128 98219246
82854201 92724286
75010082 87921236
21510057 91272479
7229140 75124135
31560762 85067321
3022767 84786326
94686990 94897941
4596458 67932640
14554735 92689750
9615416 20413405
71217906 87347569
7417595 95929295
104383 83200279
60426994 90785717
3083692 99163284
60876837 78896726
3615008 12446873
8523679 83615594
7173266 74613562
23758733 87835813
8744232 76818366
46223081 72886582
49903791 88196759
7263239 81482006
5822523 87502836
24327025 87709792
81338743 97691829
35022031 40724298
86724998 95369577
23031485 61106511
103939 99982421
1006659 99954148
505899 97263830
71208805 93145389
6019071 98359092
29347594 57674956
32570146 59567911
28135524 65188544
4992726 60602016
37704092 53481996
4940250 95066624
7001134 86547367
41241316 46683926
8150894 71248467
38518111 84059735
6533253 30680147
30123889 88881105
9645773 92497913
11223185 70750680
44275682 97010210
4570916 31793679
3726875 88819415
2847575 99982537
21587673 91310929
13928275 19768438
55850287 71946826
3954029 98090155
4021210 90685763
4823643 73248958
43654270 83042691
8031863 45215425
12765150 83788414
55802983 95735341
15729562 96074445
82161772 82423901
48629431 95030922
238822 94197194
47304490 94239817
15331931 83867203
11634549 91470049
1238940 99286727
41567821 73594572
8277459 43463621
65101009 70715376
17030626 98942066
43801244 70642173
33033780 70180825
30574597 99386140
13594395 90094109
11958212 27384244
1588005 89761785
36237900 86607646
28827844 79370841
37191650 52559568
7192332 98150442
3593376 10172191
10231809 83927314
6789443 95561996
20853059 88345428
398460 941153
20239815 96189617
8634454 85983454
17440766 63160740
13901961 70859000
15753882 66411290
34357857 81965066
56431472 79262078
33786465 66004206
30648868 51958372
28594695 99243401
69812150 91062243
21271382 50515030
12678065 84206153
7344202 78117117
26742013 41753084
16066374 83518047
33434073 70940316
42083845 52961777
36239602 71729182
29437939 83474986
11417144 62650366
52955746 96151542
14674225 81114790
24271209 95218201
4861945 98757233
53270332 61633635
6550898 64380813
43151127 80865102
31863466 41076062
14139570 25486219
45831212 46752003
6918575 78257880
19703993 69193472
34260122 96994976
7818078 80761589
55714983 85052362
61961190 69399905
437191 60219342
6639052 77886732
42654294 50987057
48395266 96122250
37613355 92914853
2976542 97329114
57211612 79105623
19127287 93192168
25512434 38910938
61252173 91748045
8664106 80480951
14983661 48753944
19651231 52432216
4656531 55467413
8226970 99807222
13697427 21094740
11182261 31042008
11482677 72392748
40786955 85196152
24870534 52129748
29789015 56465115
5071165 77104335
47533487 88945461
14796124 26540576
21009999 90442350
29557892 91954207
26205882 63011293
17360234 79033699
38595789 46775964
7744721 88794633
33794434 51273108
34753288 96781645
64271549 68184997
3104609 73966087
8536666 99066235
6909646 92577846
7876012 93008929
31081470 68021287
6322104 14811114
12727417 43098293
46982800 86042704
1383989 89280863
7871107 88442737
15252443 76629656
4020717 20124242
16549258 83372396
109573 96589179
10898445 87048573
25834404 44959995
11393746 45505897
63829960 88538963
32959294 88024080
6572672 70198460
16260401 73698971
44899519 95015801
4794284 81701131
17854438 73866795
10804266 93441550
494960 97953976
19099161 64073248
15704835 92148625
34190251 75762670
7522687 99546222
47281925 53159829
82667264 88447145
15129354 83868106
1729970 90384859
32069734 85655287
62176742 62389262
10882845 95115352
6620432 95939734
1243010 35562796
87823989 91181714
18733175 91512912
45961685 98825540
20270254 84862481
34695738 46393114
6287865 82047511
18815668 93507394
3662174 99581952
48101231 87331879
3031739 22259871
3228232 90260317
18209020 72118229
9754124 68219326
38291041 87005226
37720071 61441864
72183320 79346390
49802823 95705549
10036988 36233129
7320628 58157757
6365017 36942497
1775144 97205075
25786158 95221460
84456870 91554266
924528 64374511
15204281 99131235
8856697 36977251
9867500 86101678
9715079 67465750
6743405 65351639
36183021 96422070
22186373 84666348
82138730 86246447
19014859 67125777
45862704 66274491
26918976 88022855
40709162 60446805
41122564 99994882
24175096 94568005
5709568 93702992
25314540 87534209
44688678 94915555
6729886 57677500
16998791 89665576
7970424 10165934
76750 58125602
28403981 43319651
73222222 87353136
3996696 86394751
48323673 66632046
13156848 85677955
5434938 94301289
90536940 96169505
38555346 65724422
10401834 97851005
90630723 95432666
4326338 68115730
42118569 77023007
7336626 92638645
15193031 23998167
8134404 74588654
19056741 99131361
49373996 89682846
12922462 98035277
1487262 34958421
2893004 46610395
44968209 74097961
4128359 78677459
42861831 68495565
51458784 79420531
65508503 67356618
7610465 97439213
8994090 93526388
3860715 97859305
5507953 83263711
63069370 63723610
32229120 86201002
444557 91940126
16714615 17551418
1273050 96007404
35007674 64750756
40335577 97958614
79328916 89819261
24085808 73413318
8910841 73399357
30597090 78189502
2023958 88803642
1317776 80523758
28158410 71040035
10074125 68336815
8732078 61957278
1882787 99324162
22970104 46126361
12855431 13410829
40929304 77890679
32126292 59497572
6088610 42358108
11718406 58293888
83618521 93183465
2145687 6964423
63022619 89077939
54417507 61266342
28400701 99497444
40233436 42438765
15895249 92669570
19719725 38945812
88874830 96013770
69689884 86010435
10097971 77412081
36163938 59120109
42693770 51130344
9065217 85331748
246936 92222951
8926943 80295849
24633419 89970390
37756061 40231266
59429931 60780533
30118777 99657975
136126 60230222
31025660 83997834
7994015 97820623
14220694 57136070
30786373 94653661
90453401 93269933
27093315 54948578
10110289 98108349
44312625 81099374
80381147 88566607
57905073 81967536
23391785 49960605
32561708 83231159
4786034 94667574
10874180 86275876
5435894 89190139
27400895 70937804
30047082 68223766
53221416 99421078
32050402 89025396
28132003 90729134
34140848 61056914
74108897 95798697
89171758 91234163
19359908 94328599
9927407 23721814
1754091 98235015
77242127 90808388
1697012 63775993
6690840 90219574
27069096 79771188
9629762 79036487
8767337 91746844
30191429 97475413
28607282 77198456
15745090 53093680
23076192 80960746
40164340 99405477
53935900 78386878
8412083 90830300
5362407 9198938
41475933 42454417
53437789 80796894
8497215 95688223
5161689 33690265
4270500 98888714
820027 61620504
37179 98155972
25315961 89908912
6132920 89617814
7856942 79739784
19077136 37192044
26217866 50922637
16641009 64407303
4248048 57169077
83471211 94914515
11342772 37900582
1606219 97164841
3130033 99898809
5925911 66326620
46680254 67634372
217073 99700506
14767893 79276506
12736263 97815575
57474737 92934149
37849266 86233860
11126332 82528341
1617472 93802996
20291525 63475292
57886788 95522649
49748680 89790566
8260074 56411793
6113087 97360885
57713509 99573686
6398871 29772799
1464721 99152365
2330444 57970845
610783 93424332
51868882 60835162
23649469 90828413
45385892 60641453
78026715 98855584
13173702 80472280
31503865 91580601
1064529 87454657
5229449 61636153
47972737 60234453
5298867 10330521
59629163 76606826
62916674 84956421
18615671 99274609
64873751 73062424
11257347 54534992
10132559 20428890
72270954 85213278
30084289 79559905
320816 83671608
34768315 93688200
46209634 58015096
30166956 67843575
424899 93798889
36893947 78591332
5296214 48776527
6067659 92486689
17211036 55034950
57938576 59043267
18606035 19670816
13010272 29507012
5875833 99924423
16542027 52030017
62865304 92895042
24065066 65971918
3514239 91820047
45032943 87798742
23793310 49351147
22503676 47266073
19746749 97948280
49193573 70322326
59975524 72436279
47150894 63128611
41397686 52132860
14210778 95782133
28722832 85751967
7915247 98546244
17379 74984743
34242137 97571998
4919420 28392950
20612076 80719127
53211692 54355149
93189006 98631941
15740620 56858409
45571659 75110334
13444076 87610506
4961023 17234472
36662108 88044649
17258654 58677761
6923659 98245435
18536894 19085638
1023520 98967308
41524121 92974664
29768766 64381982
55021194 83914446
13645641 43637355
5765800 77707223
58781617 87247055
20909094 49281436
21074841 95455552
1604038 99748739
5713202 52242506
30818467 66900787
50442488 74859992
79636518 97270050
64823939 80212523
31925931 87485779
1993417 40060633
36245661 91804747
23435896 92642806
7515143 93366345
915754 4868426
7061062 89400476
60614173 86289171
44978461 83883255
1193252 58603157
7180036 72659985
17009871 70943672
37629570 90092055
3271783 67894732
39578870 95805359
2925956 94179827
68117491 94856078
6294184 90098710
1512092 96820351
67427908 86662966
42936311 86958893
21095293 95020207
949983 99655845
36696455 93535606
27474765 76607191
13227283 91709278
4337460 18817131
4328874 87950937
21609342 26883273
16199060 46890446
10368773 85780752
16346872 27556923
58079399 82138490
52234642 53552479
11176578 98673683
66801157 77401269
652995 98301680
50281404 89154055
10131235 17615544
4352876 67844771
754580 68678077
2567318 97124308
20230009 51934921
4189394 80329567
6278848 99719040
5951386 77781920
30614339 55384836
42200184 87939129
9651164 52809142
1203522 97591473
71323684 72301486
8785239 99819887
36587232 74535921
34059373 84229481
44118041 90213626
2410934 61066196
18347777 52114532
30739319 97806833
36924196 89762639
16928922 72299124
19412323 78459172
66494788 73116319
1852499 87409532
9257346 48149534
2607356 95457640
68769709 89078404
8726379 34373877
2879722 97527402
23963653 99839254
15493210 74216643
27045542 91081318
19178619 83885554
29923444 70202989
27988207 96147008
27511311 92653950
3026884 98524784
1766167 97224143
16557340 90599877
12697885 82547448
29772006 96779206
48265558 97603305
7842252 91339547
3820795 82488125
3863511 95618929
69750833 94150523
2915956 99168682
8740636 60822002
7119757 91481434
2199582 96433029
8724828 93949292
32004240 89847915
2689698 89904668
7909240 77653668
2699666 56991405
8214305 97249126
15868806 99756702
26724732 46038900
27884501 96388710
6372918 99557627
1720829 88449601
360520 99921304
19248773 45066984
67541067 76074283
23377267 71152457
5999013 31751105
20414234 93863929
76697086 99676395
33433076 96322120
166723 87363297
6648096 71684732
26170208 94686689
4799988 88004434
53691741 79237211
27963363 81469011
5214564 60816997
15825564 78917434
36373909 41349919
48667133 82065172
10635677 80843987
44966328 81375921
26079828 65464041
2035156 83104003
35908961 89001985
42096656 66724306
16562048 88543917
14217071 21976360
23419636 78758287
35014673 72495546
18585706 42466028
11362117 89410190
30289866 39187411
24126215 24460657
36604161 97835566
4817211 92920862
43301386 67740497
16113044 91421984
28890951 90360913
5977709 24191534
8892467 55749540
1038123 98471799
1399794 94723099
1281698 95320297
62316526 68940099
41411070 74797974
16491075 97001625
27662931 35797300
45581879 52842762
6420129 97765329
22455460 44091695
57406026 58453731
14639115 30992537
71729935 81723384
75362342 97907363
24426255 94987667
66308379 90887353
14254666 85659773
2823942 98827243
64218984 93233682
3536490 75426334
50922360 77260668
58527452 88547196
28721156 74271377
3883828 81739539
12074943 93957867
2759142 96028084
2200555 90905099
2347820 95978077
60727571 93114462
35347069 99186275
79375263 97681726
4674448 97842478
9135170 53848621
13216212 78668542
9901001 65811796
79351554 95814814
11847760 82099207
75977104 80585652
1149471 95572454
6039265 87494954
18085302 19617996
11630577 15482425
12063366 90428158
17403459 60472241
48424320 67735088
994369 98644273
11283451 84128899
2995808 5008176
9499388 99986170
34435562 79813399
44039428 47105291
1832544 34742285
71467324 89694357
21773485 75985308
26763208 93576840
6275451 81448057
8257576 98827369
6310932 31846957
7621875 53982635
4443939 99713548
60604114 98123792
73852581 81947394
31778652 72023133
15115960 81868630
10731350 60616481
47845510 93661572
11814420 22250393
14744616 51298941
10946105 97610851
10788296 28703304
9435457 72908066
7793203 83382593
39425409 82381748
23826711 84154644
14947468 52839343
7407246 70599464
8073412 85730062
35985423 45268232
12453504 54486061
2016069 56528217
27567923 83002028
34465032 84903074
13532917 72893577
29208032 91035069
23351340 28951235
4745462 83960372
62937986 66907139
34994809 65962403
46519884 87956564
6365716 81385256
12187458 64452475
42424633 80303403
25201064 31470576
1269802 90565333
8638886 13650788
7828867 80390404
44908573 61146530
5660389 47640650
67230991 78775084
16789191 99082197
32275352 96435767
46241425 78971500
40817087 69814686
40846344 62555100
65811000 81117311
26541777 71828085
75175590 86591267
21118494 43589840
33735570 47180315
418422 92897000
14560408 67197796
5339636 93119081
47679148 76513280
17884572 87945012
64835340 94819944
14632741 88963000
20592175 73602615
3695270 92327210
31285794 70458433
8217350 97000750
75646414 88936548
24129050 45474556
20853826 81042133
21121642 41839237
335653 17667184
28235502 83861794
7807101 63974392
34710343 48878376
13586199 34779913
486094 83129258
81319595 92333079
5780320 90422187
3497602 93245700
28081426 58945163
6711575 98958581
38183657 79977030
20725165 97747468
22184697 99033470
15301432 63389382
50334767 67363211
6428018 94009387
5390434 62536721
62599903 69883221
27714699 69280310
40544452 86744440
33950006 99545426
416121 99905808
77632862 84837152
25616973 68638551
1611808 67281344
1547607 99780898
217305 86957578
23787026 59161617
35753772 97589842
8710987 83081001
12489223 90593882
18276207 40991960
544380 98823990
12846757 78147601
20816717 85397205
33179241 98531814
11663039 97635953
35988945 86887078
16694263 94815811
30817388 99671959
41814762 43915974
10880047 65393048
6656730 96219697
4242402 63963469
3070749 76142127
23860689 66592182
29490395 47014651
42445780 91648875
11856800 84449674
1037511 75060114
38216948 81669666
6686501 89268379
24966295 87788367
11613907 55042722
1272819 99317224
12312299 38394900
63379384 93114965
50520237 86914342
15832850 39150364
26669374 40915220
35118076 76017443
56777341 58585534
36972244 98312486
2729902 96673686
14992627 75926461
14071779 99414648
8603808 81511554
2504990 95370306
22778668 91595309
11144004 80745580
277159 74315815
21806521 29166932
36601877 99539948
26649919 31905740
48062244 82888791
15276781 73697571
178994 37139771
31557810 75717349
1079930 69508665
62360672 72215177
1000629 41763707
1931205 82988166
3385295 8887979
49979279 81435453
4334542 67598394
25867051 33229265
9072573 73519618
73426905 74530751
10266247 49040714
36821745 36910824
13569139 50171573
50282048 63813035
32494203 85605680
3404084 73506786
18838973 52510271
7675789 59142681
50796993 94099613
35614153 64567499
51435041 53527272
47550703 73739308
8762124 24910585
2098999 98588168
8083648 94155227
42221673 89812031
18937602 25232888
72016503 82068464
32096915 98815448
33750086 42813278
8415433 92102568
65281283 79111605
7471353 74923719
4285563 75012643
9369888 85366429
7412694 73062571
51623831 99182427
173578 99050602
44708264 61006167
8314575 90490614
39863004 81904009
1315000 75904407
22230175 96279630
13890760 95198630
8391160 71722576
15585641 53070499
13507952 72391546
8537297 95070072
10397445 18732160
37078941 70346185
490841 98151380
4661217 50421138
5920045 88879970
55815464 85313165
1184104 92798813
24832861 42799269
64692620 95175487
47210474 53194060
152473 88104887
1320335 95593970
25783110 77452968
66048716 94804900
9498519 75171945
46220357 86643520
5689762 56123752
63182850 81589483
51419969 90612224
2094834 59645867
25237206 99200779
50566531 76164283
23706349 45711014
19512703 76333070
12619459 99727918
21715260 90260846
10379598 94478897
6857882 99452802
880707 83673058
42976799 98730939
4827706 80188233
5443429 96691030
11484811 23136533
22317254 84215265
12166157 75718553
9252067 65695670
51919194 83901900
24322536 79325869
23019995 55492235
25045612 45973376
28035109 84609837
6232226 94800059
294135 54929285
8845004 95399063
13065413 89863332
50625803 77962094
30181704 90295961
18437830 87909212
37154221 46603097
29026429 30988008
13240125 97832951
23945938 95636807
7348024 53401744
25249471 58323453
7281675 76786992
18687880 64205217
632478 93697118
80398203 91469277
10252645 65010265
45171812 96851384
37499203 70362361
7973548 86399757
2286396 84020761
14952022 18839660
14895405 16557795
2976823 99273770
28398585 71793278
2638211 86996947
34622843 67776857
11852308 47592226
44972684 75478484
9283299 20645342
32207906 73772628
7563799 19161055
78028622 99470113
1699279 21362783
29446447 97624243
20714311 57641154
3665792 96755045
17196405 84226183
40307985 59887616
15461940 95842619
3349334 95035574
46206930 99249736
7084269 94530364
35148133 78532432
20019700 98191631
2978197 85101024
51922015 88339063
2820511 95889261
12808026 99461356
63869694 64854674
10354035 62767592
60867427 72448777
23290946 39254080
23250882 40048415
46894104 73878472
18059005 32369900
7197240 58169847
3042403 87346265
7220208 80979023
37361540 64738991
3062463 91972430
53024052 63697499
27177065 66763362
25331427 74250259
62926762 95230429
8326514 86068341
19471279 76843567
17914738 82478071
439501 74335815
23953579 35161195
1574730 98985887
29076813 72777952
9323135 59072161
64302860 80585958
16040199 82667004
29164023 64038610
7341769 59302552
11461247 68806239
709992 42615702
20966817 69165538
61055123 81208669
38084 99859624
7561226 24983636
11862471 96084581
62218248 77043599
24212165 97880590
8400851 62213516
11187919 14156862
368681 84308949
5461587 96527945
16550355 26744719
11836515 87725077
50030161 94218713
60236298 98696873
34089450 93510362
15979716 54328480
20890133 71774432
14137937 76898543
68992904 98020129
32745528 84603813
772506 94349536
27558504 60643026
24312376 85463664
56102380 85474672
58913434 94747236
1859652 52694913
8193309 80155856
19735747 39135232
18928414 39239847
1138774 81546890
92873095 96236654
50900093 51447265
14045055 55061308
3535735 54147956
9321222 37500627
75234230 91794060
21553480 92665062
39637520 89351951
8057473 47547165
69263452 72126406
926956 91737279
845477 97251440
6877722 51059983
24013211 99778380
7673289 95592580
28942256 88532836
447484 99115337
14514296 38448287
37960318 82692724
78637183 85799471
9472540 45126985
46159427 86736409
21820119 70148699
3639021 98112157
89369920 90253448
68759476 75103184
10901734 99960912
26723379 74747608
1642893 88723405
20125797 72126071
43055415 73586295
42657300 47006724
939201 98156146
28596933 92582938
44399201 73435552
61829296 73521109
14047220 71515033
13711085 98517189
74176699 77375340
2165503 97322579
18407375 67726091
8033524 41474741
28540472 89726721
42093375 94708399
10935379 99950880
10821883 37853429
35082419 58933520
61050876 97310926
507819 99920822
64564799 66197257
1745493 81874652
2452809 42546578
36093449 55549394
25581065 63587293
50961829 78943518
16732463 48678432
45469194 83473231
11759963 92543707
39328363 99007704
48227684 93698836
5706892 88316891
22770954 94250857
28021773 75647316
12050034 16174429
50709109 70733408
15051439 64263909
492996 99838603
18241560 59127822
57005890 86349406
1561973 98036868
24413428 75043693
62498496 88475932
31739206 98848516
62706308 89668511
730567 93425585
31093856 82566057
17661975 69499957
70438377 87001388
23564512 94264629
47706274 73951942
1404482 23741180
27195963 97308734
7868566 82752890
19586331 94878524
19213262 44997701
17055920 94938164
12505738 59646097
8209076 94503083
12498849 98764990
9237168 82725716
12085830 90757560
46103692 66364044
4884737 96676424
26299051 68322731
13435237 82215091
57352017 96915513
25654627 92720232
21119272 94951547
62009975 86722489
12050449 87418064
26497312 93899694
52526940 89925582
2660353 43977164
17900025 83653185
64935672 93907265
19686350 99633299
48582625 99293624
41855086 69859243
2667857 31413579
18849596 86523168
36982267 88218578
20154195 82660312
36693780 94971118
661429 74997659
41866261 41910372
11539603 94641409
31515320 96554138
3521 99518432
16862091 68118204
12961546 97421648
15437184 87995057
15318544 57555471
6475362 74009940
24709517 91715120
1067101 86110914
16609971 66349631
10245116 17511174
7060907 88680119
38860421 97462538
10059027 78567503
49135556 84199930
17552046 98277732
13639776 60098102
27476203 94092301
52513616 99963156
5584591 84015680
33430122 98614884
7427140 64946463
8822593 23185475
12283427 92501542
62375010 69856877
4528180 65357841
21044017 92321911
5329551 97819929
22802423 89248798
2897630 83323808
20376250 90315468
49152733 78478996
18488700 71672441
32743590 66175968
46363093 98209031
61863342 71811084
4179914 41898806
46775552 81751685
34382721 79644149
39212009 46739913
22816824 94000807
62423356 65302923
70143221 80464086
47131490 51940257
35271024 90133326
11290788 80884172
13312935 85462111
16650871 95968442
6385816 45523572
31368441 63204216
2086920 6193132
12677622 35654233
32994190 67400896
32593398 40127028
22033496 33964411
69712724 74351009
19240227 83217644
19365279 97511681
2614111 75562335
31683557 78861690
13953519 85532956
8743849 94781522
6472013 91064973
202630 38587526
1568475 97299879
16572163 96115536
47007007 67136444
4025850 21271334
16297319 86333013
3272277 31222989
1203284 97535083
1796326 79930664
21660392 97318756
494172 97663153
37782150 99503934
10303111 76782063
3074994 88092087
10857213 49285383
16777803 93357367
24006529 89420333
4219173 93436174
2324849 95218885
49771664 98514984
17741730 90753530
57279644 70839631
19752282 60762454
15419991 80256544
5487150 92384503
13714699 31259193
29519660 53291746
14084312 85562961
13256922 88717095
47273648 81638970
41062092 70649379
21458101 90643408
33509980 41995649
7546241 96128869
4181633 76929785
48424435 97355598
77665131 85391181
29702601 54577126
26179194 50186595
21155000 37766148
70958198 76817791
39676975 45627351
2509246 96286308
695887 99501813
4109399 97027764
7391003 85145539
23406412 66341045
5189012 53369140
17042896 89344050
23350254 53109379
54319719 81221788
41667582 97881253
20854528 23754740
55763950 73246237
29294990 99404574
7292183 63211928
21093831 78769599
16448193 85723811
11374188 88261371
3585158 95450058
11456392 94793502
2388788 99644732
76837478 78273713
65150786 71438268
38067649 74289308
19808502 68499432
36345437 86405971
1203647 58256939
27958847 46246891
14549103 33097124
11097467 20724568
39502483 80147156
24209099 60378628
63475092 85566255
26653706 46182368
4084089 79374647
58384610 90631022
14357363 31332520
17590211 19259671
24297603 40038936
61450363 65917438
18782949 40660446
5957512 21776498
23204166 46760998
25491056 64077670
46937512 65961799
21115723 73646159
6494408 30773277
5894584 8367929
16760699 88392708
76943244 85358348
7515495 92995460
17094120 40504303
63274917 75857614
25127820 96055947
39262925 84701847
1036435 95762338
3467474 90832330
39855201 96011319
36498459 97936625
25312346 98437106
10790097 55322923
81553191 93472572
13302970 97120421
50022076 54714880
29444667 39258296
18906542 98503283
637637 99865299
16665052 97546860
12658385 95014413
16103908 20469101
1430354 93731406
48232767 57582429
79480947 88734136
20581066 85790469
25821062 93670957
4470625 49559215
10191535 88577994
34662504 89057265
8737745 88428269
50450294 99437223
59303897 82787905
65796825 70895637
40646554 88689388
5620353 50619263
18867707 95652760
25780731 71609752
4441055 58524473
8603991 79534593
2859180 64768887
39105003 60232265
13126228 19235850
14731139 52315554
15638916 90243911
2612776 98075989
11646106 77278964
4695826 83525813
48030323 49715098
13191679 62474129
9944231 79698180
69025250 99061932
20693175 56702890
4996696 44680173
4593444 93419733
570143 22093479
15073040 36474757
4306213 39249983
41345694 69841781
11736054 23961369
16485657 93388701
849389 68751095
17021643 68747824
17604601 96401915
42489748 68665969
34473406 91307461
88184720 97368363
87492350 99877061
35049755 99726396
38424287 87979868
28184671 65738399
21664675 32973575
32039180 67004925
19323255 74695131
2304739 96261534
34253335 54083968
10953029 99793537
1414591 97240747
38645308 90181341
3562366 94331174
28270906 59288880
7361988 98323616
22522693 82273822
5377264 92399274
8672501 42928785
11137436 80536358
766088 99475239
47322284 85272945
90669810 99485304
30470001 87431385
36545825 66647594
48282194 82772127
11849527 26196861
16128927 76102267
10042063 97897583
7068154 89146205
11322021 25037603
45689423 98376501
16904702 64050646
55705804 69414090
46433144 55877281
25343276 87489698
32375285 65934015
11101076 17682570
35238463 82101629
9005081 82816571
662315 87556344
43961200 68646110
12974710 35781576
10399891 73747310
9910102 95804519
36035985 83231960
62287179 95643235
33284469 89875539
17590112 52094425
41701257 80580868
9242027 44926576
25562147 84527205
66511106 84452367
24678128 92917569
17678690 88226599
9334854 92611474
12079957 41909403
46482971 98931438
37932624 64534727
65629509 86511088
86525281 96474949
38321839 41768561
18703507 41074678
1937877 84187037
4283535 69846299
35632491 69876545
4274395 33323912
60597371 60629096
32993934 91919551
1978638 92248003
484977 99936203
53582344 89477285
84554709 90407674
12604670 76765843
3470874 90970012
38916579 63114764
19115373 84265660
298453 99653396
47778677 79490814
21539885 73019750
40994760 79641478
8592901 52782132
6650269 46158673
55867578 66831400
31637026 37632557
7295757 89378646
18478303 67902318
5078944 92048364
17983804 80914948
755318 84693119
21048372 86968348
6442858 81872194
21886972 32706526
28378241 92138857
35113292 52579122
14256156 95750859
25883199 29608463
76656234 78730281
30086595 78645695
4783246 94165964
30423104 92875860
50507894 98621216
19716321 83273768
4086575 37598641
852899 89325858
1049252 99347844
8141903 85034239
66730015 86901234
5899120 93468822
63833305 65608715
35830291 51991243
30154188 75587345
62870950 99565897
15731989 71909944
43679405 93733358
1603045 31518043
5759646 44049741
894364 99836937
13546439 19047128
9902382 97324397
1745463 87534938
54689223 73775255
35962751 66771517
25382116 98284513
4686878 60820737
1186766 95608521
17742493 92408507
45126943 98838160
47117880 97942061
29830795 79361450
8907273 96294115
30441693 68859818
41543844 86445341
75257745 76547837
35482760 99403472
14998909 55075810
95427 99320100
72750797 93560179
15412881 39113538
10479608 72862525
13823077 90487092
41919649 72152363
87255281 91305895
22599046 96503244
4072367 70389290
31054397 40161601
3723102 99876045
12537542 73334832
21499400 92305275
8878408 99941835
2174988 99983701
55422084 90135153
91691017 92050856
1631875 92437627
9023948 88458962
4182364 26768997
17248605 39940851
13137488 88981329
76785939 92088233
62579485 74670626
2973179 80074594
27831485 76180234
67404795 69141855
4887810 85548150
682769 94134805
25450821 65165473
3505042 12665478
7566260 83852744
8005076 99156376
11086775 91978595
61129170 64553293
5328135 88521529
53652137 59355795
28217420 40843257
9603210 95006302
18397840 62939131
8089356 67179587
7302308 94547189
32604319 77427236
72478987 90938966
6877716 90846172
45472906 82704378
79635725 92113304
1505753 49392735
36235371 70449489
23953173 33543334
31547458 31720113
9161369 35426643
53659886 83993084
16395151 79639266
47279611 82394776
19769518 99252718
34189967 61700162
66482982 85857983
600648 93470658
19841476 78926381
10587694 85643369
26198395 98526584
28300145 53546889
5012444 76206509
3390970 85993585
21300869 29358262
43195783 63794006
1635596 97143532
27253572 92387177
2123187 98492959
14908845 98074972
22985318 57451632
10918774 84519967
11428912 64230883
181980 99562481
41061492 63048594
59486398 80199036
7366243 89081919
3371111 99641702
15135030 48987169
19680558 70580709
20461083 93926747
2396303 24962650
50539196 76237660
21357412 37025478
696371 94486569
56487967 94051222
55729433 67511225
9998 99401501
11228482 85353037
6209900 21350023
11735530 76025440
21664023 89170571
9792407 80249355
30210379 88465225
10669544 91492849
60161496 83110593
40013861 91492635
27301858 51840145
228565 98640582
41219862 69037579
45420863 58109861
9506826 84693259
16173476 79722544
8686217 44610854
43462129 53962224
9926322 74775785
28621247 75789559
72597445 84369028
21533127 63371230
35088335 65299035
35235806 87165372
3627560 90153901
62520577 76007853
24328619 29933443
5388812 99823925
29969172 59293507
15271538 96078252
7618679 97186316
14859614 87819833
20888313 78935221
7105813 97783204
46605797 85742387
31397986 80562474
55876038 94158036
24412209 58107615
16084144 60573248
15218035 61778003
19750158 94880399
22534425 27358014
92290678 94389311
63850823 67807029
27357361 45201484
26343806 51735486
17270599 98358682
132400 29915084
4892932 51108100
50878905 74726734
42375736 99606483
11205455 37451952
39404461 81639820
6706681 83147439
6636610 87098126
45977095 76658841
5669717 83201839
21829834 79374496
106246 85365020
36450016 49761092
1874343 83684571
9608609 83283516
24520995 78062041
53838681 57031983
65695256 82783904
88048771 98271675
29379755 54060400
1125117 29052478
66181379 73771406
13453690 68835214
48828982 66625022
1350513 99346441
14232079 99257170
43778268 44468935
8477524 83454168
51370737 90498854
22409134 72147136
38314473 80989405
7068753 90703910
1114408 90654466
38633293 86515846
12183672 42085951
82153160 95133748
54225979 87046982
28883478 98803670
4956204 83666162
41936353 45829823
13500970 27294691
19532864 83173339
69192451 96187166
46606636 65778435
11577811 79983337
7642719 99355307
48214190 98635968
20555129 97517592
770000 61292189
26840804 81235001
11396509 92921081
13857986 89493593
6782676 98811994
27822858 56564098
48251915 96555284
18499462 67085619
13579764 64276246
12658922 82288013
11503476 69066167
369323 92659924
8964000 63469467
9507378 52616921
10427352 72622479
36110397 91725675
12703310 43966281
5247749 96047579
49580739 99184449
1004423 90099373
13220346 82588103
79125779 94140890
3693096 4837105
7033280 61625996
5211541 68834455
45477373 67012933
3602669 83059313
25607085 81997377
1648330 95688706
6840638 94952775
48446827 78565199
16841456 51530883
37139923 45891761
569368 41542981
27238866 69272838
24600051 83071266
47971290 88027294
20105994 80475677
68299283 86845407
38396744 55177411
40916092 74731432
5141386 83651365
98760 98507701
21005137 60966935
5253356 84636896
10789342 72154946
48766684 97405819
45872239 99395950
32321078 83269941
4332288 75571512
6357441 94097144
29498462 85235043
8806108 63252893
34941259 48199762
26887450 48737735
5147998 25848352
6544878 50738012
3348246 99930310
22880465 96875816
984532 98425608
21477966 68768915
11358758 51988589
17935444 56454515
1900294 61107835
57419236 60825973
8324596 97968370
9826670 87741981
11705291 51169373
28938564 98235465
16270967 82472626
1262882 40012244
67993392 97288191
2941560 84771285
12390590 99098779
2256048 91851389
36101144 44679998
27969761 57586379
11738355 71824499
21252543 30864168
8991234 70455107
47650053 92575343
27342687 68340825
10833961 22285781
29841732 81995015
45236145 98037259
292034 71726796
39513601 52022525
28840975 64133657
50060151 82893409
7010207 91389933
4191270 99958589
70110729 99854170
2400280 93262055
29995864 97359053
5292344 86826391
32967860 88726131
36548421 48226415
37048858 93692137
18846505 58644108
908882 87845769
48952527 78123425
38717739 75581354
2088572 89212045
17052329 64521210
582129 47664859
2884021 99903978
656028 99246507
26362948 71575763
28957932 63602608
12328080 51719839
16170062 83563835
71616600 90330047
2816406 90327869
20227223 28935660
10080883 86381402
442079 90151377
1059154 97726411
1201869 98061756
16936430 98746429
18148406 31491172
53614085 88802009
33244540 95767675
7296747 74823856
21917842 63370186
25717463 72631533
3605537 99729037
21504565 39542458
37391049 88848743
11564241 70363072
12343814 28420962
8508316 87496682
7098564 79349619
17983857 97302702
67148843 96767713
27709742 65913588
6317524 99749588
12553683 34515701
8025062 79386202
484357 99863928
6160970 92353059
13752586 85078611
22250414 36459133
19364694 99777156
57256878 97009047
56672776 63465692
89470799 94772031
9368000 91529016
51640626 91823282
29427207 93251817
2753574 9913634
35739220 85715316
8180660 83405536
7029125 96790328
35342136 82467129
20635325 75494663
35624809 63451841
44960439 60549383
6143093 59973186
2086827 53991245
31577854 94385813
23645798 80662977
1203387 97480574
11237083 98075112
13151497 18782198
19415332 55149977
95109195 99906780
1877950 99147495
52595282 75265646
2971911 88737365
26049758 58155122
62291269 65984368
29780537 44751883
9525497 66340041
21820485 67568644
80359038 98644953
15524029 42156991
2569404 80633242
60704775 92240156
11057780 91498330
3818185 13617577
46872801 97995863
25618843 42965170
4533685 59151778
19850324 61772421
65934379 68372319
54980116 93949984
665627 93310067
840231 97310683
6131323 95698431
796229 1078386
12442200 99512724
2417723 95239822
24256733 74076749
63464490 77345265
275124 90711993
9573935 89141704
56736705 84537160
12592612 68223735
12438899 52793510
4783413 71446894
37248205 95827723
409645 99821846
23737060 57275278
5751787 89395148
75734687 99839924
2452907 95101658
6773142 12582669
47927118 99137243
2048572 53071345
4848588 95238300
16281641 22930210
50942348 55230192
1685590 98235149
26054572 46735402
34760498 61741786
10101224 97551831
30030994 82205058
28675481 60681895
14608266 61032127
19225079 93725391
760735 35444875
94360826 95142769
34330866 48269211
5855220 70295349
4643532 86504679
30586439 67582157
27200033 32045139
22308675 88602112
32741823 85712840
27569760 76824258
34125063 69942404
11808499 99911068
82548148 84364768
59059675 76515539
10785825 83478622
82149907 89245440
6588849 85343924
57075859 89225780
2452347 93726040
22141196 33195957
2450091 70561277
11349848 86347330
7880899 99212508
70784056 93403004
945877 12709884
25195145 87859149
7519702 47457919
4524240 8664622
40608663 79479890
60512081 65049362
15416739 49166278
994031 61300691
20755081 51279400
36328576 89029088
14684139 17755930
30619726 39511646
16402550 82234623
4171981 8842588
2103074 60883568
1060888 99060454
5434306 98821001
5459414 89466636
27778678 65539283
10606610 86997468
40385105 67138504
32072711 52190780
2277313 21747481
32980302 94087593
12403499 73127224
38726048 45590079
8298953 16940444
313885 23521845
9063984 64603442
30775204 97833299
1606421 83040857
28159170 86862235
32798801 75891849
9094641 99838960
8665082 97827472
43546558 92846884
66951298 97310574
66512 97725347
20492397 77566635
3324865 62405563
43535195 95372344
6939572 90457054
63276942 87616161
1372976 99879368
32033928 68146326
50618879 86425251
58341788 59188932
20738635 92618314
55202117 76111702
30729429 93679397
43752518 78067691
7279836 47522957
74399 95083148
38168385 70007650
651210 99743619
34815025 95362274
24120629 65464366
4103793 61622357
60781058 76916336
43015837 75579236
13041253 95295538
4294639 28286186
41843657 75355513
80622447 81060090
23033823 87277502
55721654 77891377
10591051 78193710
75694658 98174132
7874684 52532975
764367 85293314
74611056 99079810
1611617 98924907
3742981 31500101
10609716 24156007
143720 32569487
18411441 21146056
151188 90869761
50979986 59026065
24242716 35273095
13479197 81253146
2166484 95914372
2906110 98442263
84259646 91095951
30657479 84813727
17897758 60942016
4099934 11575935
14148010 81266822
2215683 93885911
17830077 97467787
18246593 70174572
26082100 77287211
5650566 44417286
38408724 70465687
37288798 79346021
6762952 64414988
34976833 72138405
8910599 92581069
1136853 70523579
14839194 91523054
4847878 63045154
52508164 66602851
21456042 87447739
5545176 97560654
56251239 66118742
22514040 61971129
5157212 91624719
56642582 86367025
35338802 48727353
48351905 86592068
15804981 95892036
61065022 66951749
48922739 85887138
6175809 53207234
2545329 75479834
19000214 93665185
3029454 81171734
39732984 61414938
10286070 92526090
2201944 92815681
18339704 86987984
45579567 65328365
32991961 52097435
2323669 88672415
47474656 73366086
23561028 68024013
10777915 27674108
54069742 79309064
4565677 92601164
63272495 96164994
4997579 77627932
4263316 95050078
11725831 51191162
16630579 99504880
38286410 64958882
3373269 27074236
78523992 80608047
27781518 40577858
46956039 86044138
1262484 17757126
75383542 85645636
22705759 73648432
9029953 96057517
34211772 81978903
23102179 51612859
11296249 87339645
6290293 31371638
23535261 78061624
18527337 88623054
6464889 82692899
23512279 67735170
62984986 72334975
76495553 94572992
42171506 66290243
6250498 21782341
6639754 48038820
4821126 77579921
5499169 47548541
48834683 89179594
6558111 91639464
22276530 90313350
24988450 36598574
1778508 95971586
1398842 60250827
5615631 90878616
3695771 52862838
67156435 95327444
14486624 98180451
44730153 58803703
901397 98159607
6291209 97170204
41452230 56762216
37887928 95495809
946229 95815358
705113 19095641
3455493 97990750
58461394 77041135
23083815 89492026
67181223 84933887
37012700 55177055
7218117 8720316
1087508 99848839
5291976 30860276
48497 99621201
44751061 88236754
1556467 44095671
9239322 14844588
34643280 74380111
2816082 99653550
46516115 93778588
7157675 91679192
29122336 75877786
3076457 76462938
19856679 54032582
5546249 95070092
10874368 89640964
27255820 40674892
9731632 70265416
6652920 94971499
4257043 30146481
10160977 85659904
78920016 92483585
871119 30468796
72184585 90024429
20382521 68595350
29796358 96294095
4882413 97358797
50821605 63746693
759392 99697083
8642329 62768834
3699000 78817168
4905116 11714463
1166813 98949529
26150778 81968175
6391373 94133461
49139690 85060610
13637890 50745940
5037716 75706700
19232882 41959603
11338789 97003766
55057273 57793829
59980960 92108918
6792013 10784241
22323770 48947447
17217309 96054850
13334048 74813187
67814816 92548311
2149402 73730964
50552605 52237738
4529933 41433030
16274541 81755244
14676075 19077123
29739078 73247371
4177988 92989788
12561858 84618753
2806342 90984518
50198024 90914138
1228624 91508735
7708561 67413241
42572990 57028872
29666362 50805268
16312031 96301713
17099307 20110429
45185586 83460355
18571549 58014066
587732 93035034
8515844 32733415
642384 90872763
78613094 95063244
38250900 58739990
59451155 95140927
36650337 94425640
5175945 37289099
22959416 66706606
44525586 46794799
8827059 85860504
16869686 78923911
855568 99461495
12650612 98599415
2731817 88575219
52220501 96466332
26920029 98453156
36293181 40950151
1230328 78606363
59156749 76658659
2935007 98091622
16335036 87956844
37191469 90767921
60531017 89657050
16535732 90880363
33572545 73726383
1427981 95920679
12607603 88469480
15648599 70714747
8422028 75230628
56056177 95784204
33185314 77266749
3127101 89746215
8999419 51276129
36118552 50938205
5288297 77477272
11285161 78157230
16383414 93366467
73387540 74896199
27833121 74084769
19850286 90602936
20097598 63888104
14184490 88445662
35996664 57765074
19998499 91042995
187842 99642533
56574781 75098196
5565294 9746764
51121737 77845354
13667190 66284659
24770538 64458030
16853204 47310213
5985432 98899624
323778 99839017
40866252 70753854
2571963 30620220
3393801 99739314
5800148 14415786
27575191 92980032
1250828 96179771
7791770 31056971
47224316 87462095
750788 97053217
4687606 46209625
994076 66027628
38060312 99540163
951210 94225615
78864430 99082694
27037416 84005733
21004729 95667879
5216833 65524694
322233 99970028
7257192 58762749
59758757 97376871
37494040 50787814
46448037 87397020
42812092 65978226
10697205 82662747
12555555 48472892
14757670 45947008
23631903 36477446
259225 68094505
15472780 96279891
4291460 75874473
34114877 79906098
7650886 47184860
18191020 86624607
15587433 92980905
10834925 36987009
37348335 66235384
68622717 98530163
35117842 49162433
23627579 70039720
22694094 99887926
48902499 98340522
8108386 92501914
13962197 43908133
23655456 76276644
440221 98646486
4990393 65363597
44037918 86235629
7723005 78846206
51382439 65922281
5084669 78296096
53613813 85169165
47447176 51601816
10107177 66768086
7164495 83097007
9167275 97244480
30170322 98992895
11431251 99198640
19580988 88209274
21028749 53191125
57526146 91866643
14704164 40345486
13071088 55239063
3175407 97746881
36665450 41155057
2665190 88189890
43893246 50989880
11054010 71318704
14782853 20826101
39151437 61310546
20810342 88040345
77685752 81729368
52095360 91992835
36642159 66972182
27999633 67668743
20586263 86351651
6035060 99168084
89286055 89338073
47735285 87091709
9154462 92305001
12423874 76592972
7142196 99996422
24503239 73546389
51142283 82031218
82644841 83898993
26458206 74626652
1579793 9510012
14989185 73478243
24228961 57563890
8572292 44081548
54753326 59760078
4122048 9793469
12960648 91561153
57610940 88382232
2933674 41951090
3726074 73059783
6288678 47619137
23916048 36735270
56922771 72080307
32314385 40901102
36054381 61032636
75673561 97068514
75370048 87176434
69957367 95052689
5137435 24427182
51378569 90801267
4356345 38329555
58063049 99836564
9592868 70321745
43182448 91890328
3029239 72813487
18344803 82985928
1741922 64617572
40839577 81863667
52808273 57991883
57115288 68566278
15145756 70159271
41758756 90902558
43353410 70570709
1712584 94609195
2141438 99950211
17967716 85151466
24894422 59651060
31814940 88310174
21341196 21464715
35233299 73344240
76984354 98407245
1435840 96282826
79606 75480066
36402821 48236748
23137045 85072693
544625 77394588
1336461 57728589
117144 99595252
52382158 92050927
6012470 71799617
219018 99558078
12485393 63660897
89897920 95244314
16203641 49087370
3431109 31756406
12231676 27353954
79636096 83462273
60525264 99931007
30384907 97424492
7871197 90292439
28283898 44977583
83044789 88669980
3815438 87512017
11222467 50085191
25487339 56899973
1806398 91029113
68061514 78589703
18084135 60850373
53369974 93500445
53587303 75141443
14650570 26908398
7245696 85584994
37346197 90019306
8963374 17708899
88942573 90097242
1179934 82234279
20444391 53159059
53094264 97544051
42089910 89034968
6496972 57150310
58043027 89034340
41339576 62361096
17356228 68364740
14954927 73803153
24966259 72414480
19413381 91533160
49449167 72646893
22688571 98047479
6580087 83874683
6734923 76049691
2130634 26960633
6339336 98035097
15521448 97937491
36527475 73475524
9749014 85825019
431246 97420901
2777279 96171593
32964121 56089640
1399556 76628669
13158981 66306559
65796379 84051606
607398 98585329
25128643 72200801
304700 90806944
28064364 79271728
71908540 97283104
660074 87938360
29764351 56663410
8982930 89338292
64115121 73682309
14130087 65055795
56488523 80862180
3932081 97537896
45240707 94354560
26814032 37314860
48903782 99814770
16548141 79536490
2744884 77294615
25810975 56579347
13094607 93738196
39771887 66939172
16624916 67507926
3149995 98631912
1032500 92254031
25300381 63541535
49847577 90575577
18434577 77094503
10459798 83388285
34579518 82887572
3374078 93046754
39216246 65400117
85768061 88987784
41977766 83872301
5425353 32242741
46349775 62639232
16254621 86696400
20592739 81596308
1978847 11541624
34812744 77905138
13278405 89886629
84579241 97428369
1972180 68251463
1589739 97895054
1989689 45292805
1115789 66471496
5231919 94071501
5951846 97670950
307262 99311917
25754 99105219
57610162 95410156
46972284 91821617
23382466 56051183
10758697 68220150
962126 98182464
26823860 88141302
4632121 93528813
15540125 98504806
34610409 69179427
23094826 57462138
29777380 31146356
122013 34814798
43328611 59675685
6700731 97085977
9241146 99217295
3351444 99346885
62627845 73647781
43515528 53923942
38917942 70010044
1322877 89635499
70889504 87025934
8674406 79492548
12066428 94608299
57662604 90438571
68082155 71476928
16000274 28309501
513233 85938464
2289170 59590944
15911233 97867313
699039 97882105
40119913 94962300
9477689 92547900
9586468 62400354
21091513 93954998
24996511 46113454
21543968 97358053
6864976 95750802
73694341 98884495
6670109 99617590
87891695 96252612
7008663 67759741
8707512 64453888
45821103 96238053
19489828 23216827
9914787 98591828
17439736 57666349
1794414 14782303
2630059 44571908
22959697 62655486
61563400 69784641
42940292 87127440
18865113 37464360
21053246 92936470
4360717 95016775
3095654 99860009
54956380 85531017
2464621 53138255
4757312 29963571
42830526 96652940
85013313 95845236
86397897 95646210
24686909 40865792
16802907 78202109
21473462 93875760
35125615 85842308
46344036 80108234
7588370 28751055
67658478 84850262
25120344 97491928
44383814 86461551
123008 2814450
354751 89880350
2989554 95826139
2084005 97240021
6153280 77780268
2599501 63858651
17290212 95637533
24468594 77909296
3028887 97978028
2223435 86377799
4912162 63947802
6701972 66581943
78596469 87705501
2586516 13970454
8942607 46990690
19470253 76770939
12953589 55048058
59119825 95815428
9795329 79413364
38118454 81506373
6148261 91873384
21781613 82044354
19155952 90417491
7575182 93072861
16131775 69777997
40356491 77827788
33075787 43434282
16997353 93797457
8315275 54958199
13640801 81652594
58439535 75926215
29809022 38490375
38805926 80475313
6024343 95598457
1218762 39724496
34584778 51390829
34079683 86336442
18950420 40786734
1791118 99882495
4071736 73260011
52002715 85003079
21177439 41470789
2569744 97983459
21701794 97497331
7092985 61333518
71336620 75360772
16872724 61919066
34828380 58076785
37252271 59030661
1545152 12521167
19764166 87923343
16380088 19765373
6490124 99643636
65450566 68353282
13854038 26655525
3075180 73271225
73751967 92560192
18477054 86594831
67942795 73305380
10590581 35182672
28783624 66698217
44546374 93991115
9377681 87848510
21654703 35244456
4000556 83885086
74483344 96565218
71426736 79280036
10937453 78701426
49702380 89126994
33994282 74396930
20799216 60762209
13887992 53542919
2767455 22391539
3232535 64936193
23951724 75975244
86258685 88222145
41308764 90520647
22017598 34073821
2442819 79888025
4677028 78926383
64048837 85222859
15806478 64991330
4724811 27575009
30331601 76843190
11335991 56074148
94088417 97750487
7186007 44354587
81277798 99699372
42577856 57082780
20938789 65154783
5791085 58258366
13281271 78149512
5887413 65564527
39549036 99475905
20033211 29822484
9637700 31774576
823168 96964143
152728 30575651
35746723 93420835
14156999 73304733
31989905 61006656
27305977 88208943
12103947 62912839
34351360 86923160
15055017 49065132
20652141 84755908
4750222 92337121
3088901 15425105
40472453 46466341
10225698 98457900
20916199 56208115
10407073 96978847
60233808 86884881
10920627 71061542
16818244 73617204
55570508 83948725
54252122 77987766
77424790 81722664
26480623 93976381
33289927 56643956
23393307 65072947
28121536 96779211
4278991 78868452
29816019 82582049
9101210 86343533
14052303 88796813
1928820 99116165
8606845 83081378
36079512 54785122
14114444 28117592
23743627 59026822
11656652 12748362
28074721 58391022
13729291 99728320
4622353 66092987
37477717 51772288
12358024 97862202
82198435 92972299
25958032 81803820
62586498 88948973
64366992 70512870
52680155 93408566
54961035 93710957
5331652 99180658
51253244 53824795
23751011 81943581
58818 31973639
1060011 73884109
4716512 23004030
15437553 98750754
47334799 47425879
16910371 17223711
76865280 96597740
10214884 89797476
34410648 86359136
3432177 93309138
5390770 98064459
2432067 53416083
32995940 82254252
64433930 64445133
45655932 88646090
9598648 87678956
27728963 98101159
28384974 93285961
23551881 72553267
1204172 63651103
4342661 83951963
38592295 63714902
31430815 98159638
70872036 94086364
49746820 92868447
35974933 93956569
32583399 37165930
20995144 53637871
4275913 77860282
66774757 91425914
12489690 75935680
6885904 69386023
12444067 97771324
47102951 88592957
2659161 94795982
57896802 86867999
79250679 98526857
50084646 94698979
1806321 17921690
41466021 85712389
44155183 86880145
61469905 99592178
39662073 93665825
4257137 55328048
22903474 67851580
44478471 80093003
19060791 64469967
13755787 84832497
13417687 94179235
40473190 93762683
759091 4011658
22943856 41142614
6556418 89926603
2529504 14490155
30807483 54947132
13298847 64232182
13023267 86405621
42939702 83280045
70183924 80556908
28286474 94207561
5119366 95248064
17800466 59638853
14595734 76094086
9817270 94445562
43730152 90252416
68501055 89822145
1846398 89714695
25299060 28188006
998285 80014741
149303 95133689
83740 90542649
24642598 70013124
27045243 80099224
4470796 79281749
10379088 90886906
15810497 63079204
29541727 84153628
695837 41080062
3954203 59949648
18672466 86943106
62017487 91297104
15269704 86024031
32844618 83588582
45013726 88102372
45595110 85172743
37520080 94860675
611222 94613966
33693412 82652142
20936728 65358873
5903198 93714230
59910103 78273430
7409961 20911864
75831234 93799494
61624898 85815832
34480319 56099863
49284673 93151272
37100291 99282849
937433 84892850
39163772 72601733
27847638 74338556
32811250 65999267
17780061 82783809
67027614 71626040
44947752 47542263
21803381 37688907
10827876 59502435
45256359 82415316
5927140 51667430
855617 98324363
76234939 91958623
19251348 95038845
48611664 94573028
8113925 11681525
38613688 93435276
34433141 91906943
11594929 99644139
64222548 67297531
51144267 92404470
38657734 42291811
38074584 99477618
26675277 87505257
13243897 35673940
1766 63990315
8008962 85146684
15484500 79126233
48253969 65185528
5591030 97593927
19177616 58507746
12641292 32505965
27840437 71641273
9898220 72893501
33573391 49042230
11134334 91851239
3575447 99650399
1668353 55424255
1043871 98879422
14515586 42843006
37101518 48910628
17937769 98748821
7125036 98977325
25812257 58148286
4368031 63530651
47516395 87747827
36644400 96922755
22155412 98349668
34571232 58736385
13428387 20858317
7661662 84749082
2157507 51251122
4571859 45142229
52789004 98925631
32024215 54009682
26892078 86927946
79139514 86611262
1723716 18024643
1607556 84483786
11196412 94309974
73002442 87298122
16295693 65069171
2787651 35375595
12851229 77885883
42552401 76982001
10072 99696636
28871072 96969146
1331092 71496124
25209426 71040214
24518710 68636809
5501924 35855596
50425654 97179283
30848581 72718104
9088671 40371163
32233203 63905688
56660634 83774614
11946717 99251147
1719 99979701
18101962 52924731
8490808 80482807
31056129 84982525
765518 98891518
9566303 97713407
43080930 99549495
16918300 34193835
66766102 77610101
26454146 97496425
4376143 86467169
49655108 84354857
10870933 87074473
41035910 87230668
86291 42790724
4054871 94424259
8664408 42340319
46104088 91532467
16651661 72237094
38373660 52896886
2662305 91575353
24826021 71064901
298349 16850126
61898317 84640833
17033230 42629866
9255534 90916552
1243228 39603214
18456075 72613583
69058366 75216669
9493713 89213197
25414312 52957243
2733023 93709769
30784104 90451858
393473 91430821
7911664 94099469
74535939 87289662
33895612 75925422
53683633 90728523
51429464 81021881
9954709 90607909
5327447 90392981
10482653 80928692
29554768 97428574
6434687 6474667
14537495 92673351
19478687 95262255
27990405 77970702
8791639 43942825
19854191 55976808
57774364 93887579
51840467 62242007
36675889 44738315
5316134 75470667
4593022 73934851
21833596 30979620
33222315 68181508
30876025 90083581
32051375 54797465
34200096 94212512
62190947 65457459
18369137 21595055
24364869 75993876
4930026 93771689
6609481 98717477
21533920 38654526
20652007 53984925
41909540 91915122
918297 76454593
9203341 17444974
59921503 88502066
17074039 82432105
4110376 90935975
43302103 55537105
10984866 60029210
13832030 51643143
29341249 88366398
19731682 41538840
2148114 7078009
40467994 87936775
5284289 74350959
14312227 38942299
31764052 68819197
15325903 66282925
9357411 69793442
37526803 55922566
6431670 90188248
235825 96240077
7879282 20862750
1640014 97377068
58026818 89093548
5963838 81231831
1519564 95791188
8538035 99957786
26765626 88057233
10242259 91239193
57378692 64315817
35957952 97601616
33740615 89412247
38314438 84150182
42520138 54283713
38978986 60971823
46316506 87433700
11626609 21485309
883412 67202709
9601633 18815978
17181990 86221117
38644787 80896611
42107708 86389871
12788061 76684857
16129045 54585316
42844610 99034890
1738547 90161284
30808318 72221520
6568516 82955411
503809 99765078
97611138 99707666
26180426 89042494
41500017 82001270
5628699 14417856
676224 19658763
17761986 84119308
24562783 54731016
2090659 20922173
9767951 17273091
18311682 57939488
56107822 85543939
43610222 49416113
17556209 94654721
15415375 39989171
5511334 76835779
9850100 47965180
4854926 71927586
8704376 22654367
823186 74196578
18539818 92483472
28346468 49351825
18874088 19531434
46855311 79818648
7611648 65232505
3385769 74643354
33123346 37013013
18203303 66737733
22436067 68418041
50806487 90098806
12525722 60597065
3408962 69659801
7869283 96608638
22473979 91016278
72000637 91020721
49416558 88047492
4779113 57060893
66548909 96605568
397344 32325506
64986120 86652322
32731967 94997341
4379137 70993736
4741874 97068362
3903580 84870562
44175373 52757132
18559338 89558112
29990900 91422705
1132210 87256846
21708241 97204670
60185799 80977533
15820950 42937032
11374772 16477639
18500184 59513364
16981313 98314456
19392535 84010227
4416448 99827486
51811363 90041632
10361716 92130575
25535519 85047820
2050323 85925059
35733690 92941572
11064668 63751731
15855371 30542345
9462019 94700860
97698470 99949068
1973199 99800677
48668178 69246419
37129602 75371395
39459255 68075421
23490203 59355334
3377620 50453861
15520150 82362241
13993842 86468249
11660830 89705141
42026886 72898174
8000775 91836251
29226615 80376161
22446178 73338967
9288466 92518901
9840948 98864993
17957980 76036923
11362278 83130857
9541733 94275282
10432051 53618393
1233710 97439045
21756893 87816625
10726931 86801570
8832439 10949814
9847752 97678580
6466830 97006897
2296201 92707296
80846756 88425360
2155805 97291084
41347196 46092258
84925966 93251773
10950153 94382157
974723 96710575
13896808 65742280
23068965 97744031
20961617 81946244
24358347 96416447
6259546 83902108
9098087 97481321
9475908 97095668
40311709 90464525
59983630 84240691
72870045 96952518
4247552 89481177
982751 71963070
7367073 80416282
2411785 68217852
73427998 92420595
9601578 89417684
3503410 98438093
63583992 73047368
40765005 61451502
8624341 96262867
8019693 56618077
75015273 88633238
56823774 78340877
32656800 66360209
8973850 20164693
2309857 68679550
10878004 94324947
6050799 73328608
35465614 94178501
5396286 94684786
37550507 80398581
43439359 84153569
51989270 58169505
68280087 68615028
32654446 40268758
49242117 59345657
2267250 82028099
5632683 32488485
654371 74562423
13957215 68495195
37164263 54620091
5007534 5410597
4967467 95987246
4692814 41249656
2740556 90086811
4910144 47952993
38534080 85009262
87466871 95483484
15655816 72607329
6113430 50320980
20046819 96044825
51267593 89614238
42770025 97370843
1978478 98671103
2580179 97042468
27670539 97491400
20453323 36934129
7104411 90111635
30902120 53676009
7927807 96420718
4333786 88455913
50858354 98701576
11904506 92882215
1415273 81506941
6926930 11285254
28541781 93151892
68470024 90583753
17122564 95443484
57713487 97959860
35310921 57364340
36775602 60771447
3473244 86063260
2298181 99434928
23210310 68091969
15283173 80023766
64445785 68638403
23124921 53766228
9611236 98280175
14470013 61681305
53284871 76995563
17414843 37231312
4276787 63787120
2875495 81215704
12762448 92848931
57621193 86671477
19202917 25073266
23540818 32087461
35648426 60065773
24652420 82344144
14300872 95377892
1484705 39748654
52229440 91311910
61644860 90428419
35691257 78179609
26124172 29966199
47115449 75583735
4302226 96443182
22885699 93560745
11663243 30987291
12563804 90088350
2169694 93309772
20990861 52126976
2665791 86907637
24972447 44397706
34841585 90116297
61038434 91193435
14466969 89622572
11928849 90485683
9453233 78720073
23073330 84775038
14946557 84212845
948225 92142817
3831420 78286479
17758577 90670577
2861350 43094353
38693529 90290289
3272148 71429471
6897749 87331515
13010820 96581367
1042828 89228172
53533748 91331674
29812010 71632799
647364 10983667
62817124 73723395
24388378 96311039
7174929 83357821
21896507 98132899
23517726 69639300
15207058 50285289
865292 85277213
12792402 64005280
68220365 99181711
36086474 42457747
29095957 53247493
11805220 97721811
3226194 95917994
13706033 35681845
26143375 73497988
8327032 94507691
16650714 76065333
68355363 70911544
66457047 90566531
13103470 87511782
7890403 70385340
490519 95149238
33564407 43041815
20851031 44263071
74094327 80473405
74645800 98117040
62355267 77931374
16585990 75158245
18614127 71857564
4782521 93847695
1594738 94937875
68663358 86902873
61805963 75129239
10962611 85317436
40402981 83001649
8599921 76308581
12459587 76790249
34397369 92319657
43682074 81462928
10024787 42086382
15880219 53946244
57839766 95243403
23405942 98570758
27208809 53809773
19548950 20107591
74011894 94779969
951035 91093716
709881 4264845
40769237 96410103
7746001 63857825
46323 94227579
59434583 66805060
77530135 84096225
30626952 85381365
36638783 52472487
4512781 97220719
10968907 99410896
37561643 94823128
18289425 68452180
12569031 99398801
4067046 99115852
61957252 75391842
845088 98354435
70837365 98346380
2127341 97518654
946265 77055542
20255654 68243233
43810926 66695294
13969721 30715514
22016320 96553030
3747152 88834085
48752422 85386858
10487279 69719673
23497930 92030592
55542150 61347625
65776541 71967050
8803498 87202408
52241598 56644986
12710476 97923488
11845075 43105317
4650598 61919375
15980707 54116906
14392616 91972778
15195511 49119905
1475521 31611797
4102735 87943757
344358 61005427
10550202 72291397
5092639 38240797
15760243 55343361
6638214 99565181
34509989 69799859
18483961 80188109
87600398 91459672
31361848 80784443
74428079 76702272
29913375 98408442
22301672 63556158
8817620 95227754
30028725 69363153
17282472 82024374
1042394 78827785
59060929 63867016
21598722 62604354
253733 97291817
4712008 86169730
52358503 98622021
36671960 82680760
7405196 58193415
52192689 98441629
2140204 75379945
12558878 93216781
37346690 94265497
3110061 86513747
9076308 34103676
14375690 21934638
1397017 31111487
18674139 57604559
51313510 93161963
29092344 99557201
1776853 70977391
2093832 95763170
47330989 81024889
48769456 70274350
65584297 96759077
18056422 80843954
25916886 51585811
8694020 20057470
15100822 87150753
39729246 69754833
77074101 88446567
34665864 58885830
964131 99903780
9920162 86919615
68849824 93119223
24021906 98406477
33449339 77987774
3369420 55407547
7908652 96338328
43736027 55182301
18419233 93607260
13011561 66469446
13075562 90373864
73496390 82342872
19852795 25417047
31040492 64834872
15887836 56810053
3865802 99188860
5276120 98624366
18848 99623851
44287975 74130518
1069085 83934228
8334156 59433244
78982672 89793024
26859464 90798433
1549511 99997502
1378058 85561746
37446781 66213371
32757126 69793269
4751139 66932545
12493649 64742946
39363446 95476391
16375327 99700069
533676 99271910
86898216 96301188
907519 98818333
7891596 76976751
71374364 99098261
42215433 71383832
57866257 82185104
2139321 96015522
10908202 87349044
42752323 87861913
44236185 84276083
2164542 99759292
10073758 69625618
34483589 72944777
14006766 98551966
24571645 54290630
23780982 81244430
26409241 85018762
26619046 76751028
15605032 96045824
30804739 64768761
36597436 68048170
1532036 99337167
715474 34029665
26284471 98777154
7265528 99048625
24826088 39133525
14691487 94102426
6739549 90244485
7085025 57184403
4265133 43195383
15347894 82965608
5382619 98946303
39131946 83096116
58509241 75336330
10515548 96956231
6216838 96969728
73879890 87775911
6642615 22194738
27559365 60338920
5960606 44669612
10414773 20891267
59859931 85658802
4565081 93174658
41573070 98277986
2545352 33787856
6984125 95543895
395115 93737119
8443688 78249418
37230893 65504418
5321050 91944169
16286575 61939238
1625700 33229551
9692263 96969268
29492763 98547887
6562768 6584280
1084437 98947778
2991318 97828456
28148495 59761845
13932481 78418265
96878 99875182
31361133 32943352
6131364 94577632
22665403 75972404
20920588 62424693
4731658 81868007
88391325 94728303
6059153 67565594
13422761 96259208
43016277 68425311
6219751 95205038
6492242 45603409
3228596 10919133
5636619 53273538
83507312 87811198
64029282 79777107
10627005 97004801
2802673 98587533
18382407 37790012
54198818 81359508
15291488 96350241
4799018 98917622
42884072 91345704
16439796 82821601
13870615 80114800
18383762 39860576
48990535 77978917
66471 79929367
15643787 71431330
22943733 89429051
26335390 84243099
657457 98132773
3848686 94132713
11083376 81681622
16742187 33347572
21289967 62461400
29534686 37011399
32666513 90938172
18324133 57244224
6697305 66569383
5498143 25338360
83778848 87792546
10120223 60485544
1810283 46644395
2023798 45849794
3354747 72910112
30467666 83950589
8512440 94634295
8174209 93950655
23482293 98370419
22827754 97175120
11117931 68800639
29198805 45039835
5782547 96581161
24744670 98658600
11749115 63658654
1728166 99419544
17195180 91716276
6822394 38250584
47378955 60428650
59714897 63106173
12460725 99444705
7425396 81570981
32605957 75184693
3586572 86178308
9081914 37174426
14858053 63966584
2911831 93613458
2761871 17255184
24539898 97857573
59086071 85342038
56760491 89003924
11135122 77913411
2756879 92772575
59009687 63539040
1060028 89446793
22151643 78524153
44538657 81166703
21083797 99230694
11313077 99529488
2040266 97720082
5096870 17539770
30268487 57769325
4533 99988427
61550797 82975682
3739447 99290646
13607423 99491837
59433217 64772664
37170808 77713461
5981471 95927501
19595849 39954830
37915687 98739609
17886350 81828570
5275749 91663412
34417521 55898363
26221498 90818377
62398098 69901820
4367665 99934768
3485149 97349394
58316299 63318903
9088501 94686781
44791887 85878481
499913 89994377
1047557 97349186
15171119 77431834
9651188 23137496
29757725 87078056
32302951 83591997
2440516 41703320
69887411 85329840
11216070 56303278
56172228 96068565
61048973 84006337
42035132 67166652
13880776 84063248
24095 98254050
3242736 90887736
33059145 77447627
12857033 68119439
36455005 66382969
31901954 58451473
4921432 60736966
2733000 70602022
22565472 51576959
10749561 67148564
29330038 57633858
793863 82654288
6856270 84790771
16749524 86595097
10654847 81325181
2111839 95382228
66174122 95873601
869967 99465413
9755910 93713579
2547448 8841982
15184828 71845102
12815863 84636738
42847325 76478908
40256299 75996384
1951762 24638775
60775150 85844241
21612968 72979446
39884450 74946332
1158222 38521721
66880108 88853416
48438817 59858981
49997812 91728151
56303077 78519949
40956537 66295530
78028647 87817080
2639023 84561695
6852149 89018569
4118059 71977488
30189479 90342068
810182 71852271
6872640 99259819
30720754 90594695
20590825 90301679
33763939 72345522
9170605 68905413
66796667 92923943
27443974 89235278
40814343 82380917
33297661 92054156
47953236 71715169
26916171 76886572
51800587 84685157
21421572 79820495
28979420 31509467
2444629 67011753
2268519 3447392
37830998 84246733
2432120 99393459
46219100 91280130
64870690 70509678
20728986 83982853
12200888 85593834
28554053 81358258
3575500 93914725
650969 69023005
3010357 97246154
15604201 88295561
3996886 99470893
3620229 97452308
222848 95562016
39584395 51239155
60010003 67930149
51173621 95577749
18031910 38464285
9136378 91186427
18469922 42482087
7823459 80609764
10268422 45602941
34085000 72911497
32933598 97584258
9103380 99052621
11771261 30483852
1374039 85823871
8923044 87385148
5898189 80929433
1509643 24847887
174848 98512411
28082396 92426598
13199699 91925765
54430833 96485835
47184077 79676021
1878795 84097985
15175540 70685327
3742178 98285904
4153182 87349703
54034231 89230879
36575473 81329866
74994055 99851684
26758612 37587802
46192736 70716465
41484131 61331142
65961620 92381943
4038035 92736725
63496706 82332441
68290144 83449416
11356692 92886007
216907 94244599
83285626 97409218
14330687 83438339
61057490 90792323
2942571 92476476
13354884 91577827
40952968 89179106
1782580 96209804
54063545 95058678
5281417 99229215
30693003 66730568
17338712 84376539
46856697 77379258
2075996 45362023
31626606 60845628
2933278 99137542
127691 99700584
1442205 51206810
33579393 64272525
1030179 82461745
66768020 89170215
34585124 83162552
25 41761535
21399421 69044516
66769752 92797512
7329505 55953602
3710953 54728525
28528236 84143906
35086556 37738007
18777774 72806272
5864509 84718798
79328133 91071746
76874693 78445260
37386968 81780624
8098150 66513059
40656053 95128194
5999660 98094870
69358631 86647747
66657097 75553467
48392248 96432524
11334006 81056931
66570966 91138447
35972816 47668435
16722973 43993844
5246897 92346337
81877873 92976640
5072229 61313201
3653022 79587011
13566440 91035223
12060966 88367001
48545228 88187164
21475313 97064183
1743438 89865329
28495681 93610468
12930651 90713330
16398719 85237956
47485277 62318454
1616702 99243460
40306027 64471159
20817323 74435397
71305045 72066664
9550312 91548045
9066027 21064640
2798508 95489451
10197452 36256196
27028423 88602810
6590865 94646604
8655846 37958572
893207 71614840
58146505 96794567
17978187 76804613
24773989 71531837
51675782 62445351
51298808 82690634
39563912 60085215
11675194 90361479
26063027 78258021
57566956 59799746
14939660 42588628
34085954 65272485
23418875 74140061
24628310 97768973
38605058 76988305
33221507 95682360
10877548 38004997
14687537 89519661
77660043 98410615
5495848 97791410
21931182 95076175
10017796 60423682
85498572 93290695
1848019 89364848
3788724 89322930
17041486 94011125
32130164 79226835
54598769 86085405
74549281 94953041
36893795 46815989
21160056 31410121
7371609 90803773
20561417 91539494
66907809 87872568
12655981 71306745
21315852 45038462
54359178 95236173
7257262 89932872
39369385 83965422
32721526 76598135
10215847 94870576
64278051 71483933
42536709 71670113
13740492 81091034
9990244 11454383
5044287 93538404
4196454 4248115
8004449 15941168
91806347 94216304
15154553 62375052
1030021 85470104
13426008 33193558
18542705 70447319
82441119 96459380
16674541 42658021
1015106 72265097
33252183 85006312
49896199 67031666
6825847 76554803
8947459 85148165
2801228 72921205
3796995 74222175
15714485 64685563
486373 97306884
9145913 31930845
31160377 76138051
25461625 78147771
32078550 86382708
3619236 7250392
4671922 14898847
58627431 82669930
19222498 74254059
14562203 80593297
16615828 68888228
41330908 48954567
12744139 54467344
2871095 40950901
4607282 87943548
39384863 81522632
42937012 58539673
5542995 99760331
17113288 84298401
84007513 89414748
1542295 97141579
202141 96558396
50990008 59415451
75573765 94929613
24683346 96467514
4277662 95436344
15702419 43728622
38543840 95143018
14635942 86162473
51227160 51890983
3695217 39378452
34543168 97237700
20639514 62900351
12339101 84818352
24943682 53226877
81579578 93961380
4689923 88639010
27818491 93642101
12868290 30814379
63813114 68281412
15787184 34139585
1945372 99937234
3604531 99853782
38727 97783174
49931909 65013484
6644234 74141939
58142042 63657163
13477358 91352161
1430592 97086243
15998126 94105365
25603469 50915661
467529 99191744
80633912 94040267
42187851 71499691
3131625 6758454
35812630 45942817
29431237 54150545
45432335 53813356
34320945 40755411
682046 91091167
47829 99757874
3771477 98653062
9124650 50034273
67933790 87977258
1848549 89764859
5491662 97508805
2537215 20379626
39150331 85129829
62168353 97310338
29292718 81183905
57957382 85156510
1492353 70365280
486701 84229188
61727243 98027786
5669398 70217526
14955418 98523071
26830347 82856363
40806925 99755118
73245050 94166097
7695099 88074620
35740762 55753401
58838930 82129029
30538073 33355878
15284125 97111386
72305022 79825099
39218321 40395781
5867400 97344885
31653146 32072193
10779872 66355922
2877498 40199997
8896092 93694716
19865148 81363214
35761825 78592193
21659716 54480779
1822171 95795099
32359083 65016352
6777164 96206735
699919 66054340
19818675 33675308
2799501 74929192
10076274 63067005
64281199 94393425
49476129 60503264
725423 91876958
2033610 11195328
37592636 99189949
1015850 99903044
61254838 90945906
74162801 97909001
12647968 98782454
33878428 75926685
39044199 57097901
20538488 98339404
48148721 82213410
32694925 62903806
18900763 78707831
8093011 89660431
10844171 91953674
19276293 89095983
37393995 65603717
15707835 83003815
6155878 86408495
13367086 39721629
62938505 67120407
45824411 75827415
73998502 74081401
20507134 79240598
44078449 49793836
3878299 92349634
21223620 79156023
46701521 80886478
38370323 47982244
65834324 77606659
21624226 62596896
18456440 51061069
55624627 84109386
628583 97993681
22161154 55176847
15026032 42127513
37370180 70798051
70602874 84718668
59489411 86204779
10972044 19117640
3039920 98838919
9423208 95394739
32464806 50006945
29856965 87148608
1522350 87761351
16323354 89956975
37787101 40168512
39734031 54434724
30023069 59193947
4993229 9641980
53290979 76161238
3140642 50507826
6972333 80583063
60746718 95086167
21729785 52173905
24856038 91160919
19724177 99976470
1026604 97997707
2640713 74679177
13863665 79850583
22685343 74366068
36690271 96526592
4141982 23851440
14276017 22989454
14809795 88808148
78995946 98119714
184283 13027893
14534862 98699754
24152399 91330661
36007422 69186389
8335404 85004178
3846825 74406601
36098214 84951844
45577883 72818521
2657585 93041376
32288653 50648455
39557500 49358414
39409268 87132605
80015198 96245135
570145 97635463
59291016 75254094
3735383 9244116
4433021 99670360
65205775 85824575
43812941 44203321
19381933 26138062
30969230 91139500
30388 99502780
28381643 30816606
29605959 99314594
13626164 72643594
94123976 96828343
87624905 96663263
44794778 57604695
19864013 77837372
26140410 85445406
8235261 73280636
6806936 56568831
4953614 99440695
12334865 99839491
10358759 40162204
4654065 97668142
39172049 62076073
5887040 56906663
17615788 97177214
24765613 94222845
13760948 95143095
10772422 38560706
1874981 89133444
24641163 33278787
43897499 78056516
14103368 37656717
85660804 99677678
4870640 53541320
91563971 98700425
1150471 95054415
14861131 96103789
23488619 68374703
2545809 80956874
4792847 8156779
67628826 83906297
8229195 98518446
25466 97894307
22508116 96909779
77156848 78332885
9784328 99385083
28173014 86233211
37288851 94989718
27261107 67577293
9668054 30384697
34899101 67269975
43763903 44883312
20207452 36976506
42103658 91351292
689857 89960144
45264955 90052859
8158823 60841476
44078794 90612955
25575234 91007538
1152228 71413965
19585309 70256104
7097356 77653220
3282273 71129603
948610 84118105
50668994 71139273
55301185 82135193
2456031 74693424
20850812 77790824
19462582 93934356
2308697 37056551
67871086 74912682
11782043 80385852
28474589 76205304
11543418 65325988
12859703 60051425
14207284 56413310
10813216 45184316
19409225 83384375
6052866 57978022
65254379 95144127
14358299 61188563
10082844 57805568
16685970 82804375
55620458 89358016
21634778 89522076
1678878 59672419
14877980 92769920
66109441 71897132
17452228 40190965
1513127 21633616
60020277 81263867
18883815 86137773
27405947 53459867
21431039 53698611
2212926 33016303
1792250 92652635
5196194 77070350
831222 92886947
12962 31356895
66141306 83607603
13650331 89636148
294827 21347566
16891696 95257607
11094751 80237961
18362964 78503073
16011402 84367298
75009842 80277706
61626370 78774030
13595530 78512995
4075888 65310847
19988127 72086680
8811121 19935017
8961499 22530235
6194398 49471435
5982181 94896253
26755487 46434319
15882956 38439514
38368298 56205667
10852619 79064043
25076284 49481251
5183239 79824404
16585697 84084839
6175530 72322761
316969 95134688
41912264 67337988
1638718 94722821
12561140 86161929
459584 85009071
15806143 76800356
6424747 98201889
6584454 92934603
7693729 96205561
7510854 47833211
31554637 61901283
7590280 7969191
45948214 91794551
22990373 45499041
40142590 86546584
24903552 78840002
53646728 79318883
34209561 64108347
16758417 19035663
3807614 98409754
5271000 70925042
42772787 88840294
19595756 20662086
1508590 86178478
48715426 94338580
13320319 70822695
16065342 89741862
14000237 39271656
1247170 92966988
25852463 85752212
42730859 43183819
956019 88471756
9534707 84561101
18296041 57748079
14005381 63089807
31161163 93891661
31234055 93303047
26168710 46966572
2132457 97433027
72111115 78886923
4697627 93021887
18287871 71210184
57938833 89289460
1289715 99395832
28516983 53330729
2092239 90242014
50321501 96545860
44004369 93959221
933299 10127365
78359556 92494847
14589909 87559635
9432173 42361251
37908270 74654118
61954835 98350148
17787904 32133357
10244097 81124463
29090308 79075119
65475877 99249614
1001409 64575597
33569737 61278011
13433192 50190154
56274988 56556076
3552694 62837869
28399198 42391674
17717339 64237321
365521 99856353
1097104 48036874
6251781 99563469
24892260 70173160
3260480 47028126
11897384 31032799
72091259 78703802
46800998 94865438
3501787 95343829
15744728 96807976
12360186 89852014
63616392 81874527
881404 35448034
51093952 96607971
52769864 67959292
26207598 69280640
2022186 34533292
43213427 54390122
37024289 96962663
5693185 55840968
20903224 73666698
8979019 96490584
4819204 95354741
49469282 86693831
5702872 96511555
5115503 56910417
11784034 14984541
147161 82211157
75353099 91879886
90940014 96998944
4221918 88920569
19359931 98411140
4288871 93825165
12743480 83903524
206373 99784188
12975967 90697019
63935958 92327777
1080040 99161003
8152452 39989173
16245971 91042537
14763200 85606506
27087153 78974681
21620621 65723097
9932609 57797381
16896035 98870382
16983167 21489610
26980499 54143798
17617506 40204403
2934152 90496926
43977198 63050526
40248462 54621713
2491699 21603342
48803346 88199728
5818148 64257581
62940074 94754009
3793814 71712274
26093573 95095669
49549957 68592622
210269 96287804
27574787 77293898
18775848 85314569
13092454 96695256
11175198 98181590
65563 99477946
15772716 30602090
37361332 98025744
84069630 92023666
65527982 95978518
33754784 89619038
62477416 96666349
2232598 93730806
3523881 81202955
10613814 71861535
54911917 98158280
25612727 69687672
9930562 70369281
7806493 20793348
1791101 79513367
8019681 50883312
32302965 85960745
18319650 96637295
6240923 99988797
70383072 85078598
3869139 97816907
1950242 90759752
10921189 99933584
60175087 97179585
28218495 77239745
9711375 67200670
13075958 18963679
29106375 30673245
17219436 98992302
15623983 24991378
10875829 90518066
27366920 74288599
32345790 96872855
321716 23629769
58741739 71626324
19758661 60815210
2653483 58353344
23045094 78204713
18742912 64732389
2354301 76926872
10209481 63393364
17509892 94394005
231917 75282935
14241440 29122357
33557184 82374084
12493923 68727313
2540103 3474988
8584935 99004835
8441216 82250547
17707773 65396945
37534448 60671822
8711620 58733373
20595882 96427731
20502920 64466167
36576899 40838633
36925346 98944174
39751639 61971500
27291668 92406860
54067019 77099840
16407963 51402366
41787012 95097407
51608742 96199044
28273778 37580351
60969781 97550666
179642 99768804
21330214 68826909
16866792 98920953
37425436 97557965
4687451 97036352
20467856 94076808
94314112 95890755
85438007 87112194
2916117 95854336
10555052 79186023
3000320 93183146
19997273 84960804
35190987 56239567
36972824 77129213
2346839 95928218
40008 80418512
3708326 29300880
9665587 20820331
45525849 62778319
4675508 26060348
4084949 69188351
35308202 63992448
17490091 98278526
56920242 99614431
4477231 23173565
513879 82359244
31603536 98801763
9066357 89012597
1768376 76461913
25969860 98105680
71685090 75100813
35229176 57760946
39776012 88019167
