3374 2239 2756
211141 42914172
44357086 86553129
71607850 82722472
35197443 38859578
28026851 92190024
29005505 58043620
39322290 60321444
36613387 70059841
45335297 48161737
16941525 82597446
66104905 68410276
5788818 97429650
18361872 89181224
16830785 28012875
10023498 86591662
5891093 97717766
68550671 77293340
10629273 78483003
33315919 55034868
9075351 92899036
25954802 73203608
6567182 87392694
22741888 48433006
38874792 57825719
61069573 92595618
12861312 99422747
635230 99811431
33551387 91991083
520867 99950825
62840030 63805816
9999363 84382714
3555377 92230827
8410546 13431116
9866987 96669537
9786578 14506214
374019 96229409
3381481 96763495
48412026 87105212
292531 99715864
74885079 83524199
14939916 49751654
41299416 75707938
4381753 99062074
31553810 89780888
7738355 97632682
3600551 51137833
25412932 64349810
11512421 64820977
7147201 97944999
51437720 71545932
4455342 99363149
7325792 55548101
385140 99139760
12397332 83410616
2956408 82307845
24324106 61279836
2779682 21041704
4800317 97373532
45441245 99730379
27496784 83027462
4201493 83845923
14251581 89808421
11815632 99275677
23149833 96637048
2417278 90753631
22601016 97924473
4073035 97033792
19482155 60779612
114514 99504616
8446082 94774588
20035098 98101116
139636 57764971
3046956 95563881
8575611 91715374
4584453 75713355
279886 80174965
26095935 87643493
38908480 85767901
80969 99368575
31811967 32318545
8164427 64576572
7372526 72594999
16340471 36736456
15918701 89660330
24845156 45207205
5512830 76213322
8135355 49410101
49624449 88809625
25578009 89821674
16641675 89386149
41155356 92685734
25754265 91080789
3405433 34922499
8885446 92490353
4131124 51653913
57577148 59754159
7418408 93195278
17976385 62181723
1013782 94009992
41070955 99780024
37315755 76595457
2242028 93911251
12133999 99904357
29774966 99564336
8178854 26350373
9140797 63142221
54629157 77237542
5360278 54297781
43696764 56130488
265059 99525456
22885401 83137905
1882404 34899097
48533859 75708381
9706184 62863202
20526814 69477028
3157043 74061916
18355472 89828183
23089902 76383394
68437083 76891444
5214801 97530822
29589036 98157370
3254013 66913700
5734270 88451108
21446739 37913690
20365414 99611646
3475849 99814548
69478468 85152876
58893087 76645392
4805338 97754036
15518254 95473397
12052787 95923109
10624544 69905296
22374877 64626049
4658578 39479641
2516066 94760273
31189885 58310019
19787078 54771910
20125010 99608505
90943632 95596406
24058940 47983868
47093072 60312935
25120595 54261806
78594294 99844304
14227397 86354502
27826293 94333564
807548 54340810
24175959 69897751
631978 85907784
62105101 83790232
14088119 17748664
3681513 60490906
638927 96389819
2552121 96933728
39470096 57562169
6128690 43306960
18118648 82777776
27916119 46976046
79380843 85847883
30574153 62706287
24306584 90407249
56949096 78386770
29721355 66629533
31737821 39147327
29893012 74814656
22564596 25544314
12523163 76152821
27549405 77153802
5256427 99948741
66590213 69090867
38623474 84166918
2679348 87592214
92628753 98442973
1458727 95804932
2361780 94040094
17173694 89563035
20968181 57253763
37632747 59325887
53330276 88123312
382451 98981546
38805325 97957103
923628 99877676
23889098 89623045
68744596 97911078
70267168 84378291
61080381 86222385
35002852 65439352
4930679 44317465
16749303 86836419
63203860 88067130
73314806 90537484
14205396 70171447
15964987 92939756
79796582 88859002
29150017 90176018
45050761 65718372
13883941 93725089
1091840 99704349
12820681 87592491
18716331 68546352
71114209 90403603
27354869 49644031
9168346 20452237
88821455 94887220
4549196 98924624
49132505 53059364
549506 98100828
18621925 61061119
5574506 96578968
16501250 45047777
13415453 97348403
16049162 97822588
52347451 91840085
84305669 90769488
1982974 78853036
56496623 80737863
7889699 87541773
46395761 54024997
31933340 43081544
24162793 41976746
62679908 99446085
361790 89427779
7713750 8283287
11454067 99270691
75872543 86950386
26215252 65713104
41079820 92274921
10645713 44011673
21291452 60184579
1284195 99335866
15428188 84928112
15868315 93896207
48376735 95073350
25581491 94594220
22132017 59537716
19990038 84862178
414732 90377394
7678742 69808504
96585 73720006
3017831 98917586
19454975 93084255
52420914 65496743
12148266 51283619
53957719 93882901
15780446 57699464
17710283 43344405
70341 82144670
87567 99753283
1463098 85818112
22802385 83076760
1588972 12497752
6824310 91852047
55682946 88172470
7888894 73139321
16605274 73111372
12341060 95133346
24712153 69815708
48359816 77819029
39206319 49868381
2868154 41313614
2080706 99499187
36388602 46893555
32482353 80174369
1678318 47909436
12072448 65031071
32725435 82782224
35416250 44251926
8251735 32149690
6278468 94512156
806589 53443796
9637191 63867304
9908879 97734796
187777 99969080
5843064 76353819
10317340 94476625
47919587 99492274
41685253 65083396
13855939 22437420
20703053 79626407
12886402 43347189
1815635 80516193
42356827 74568008
7356778 98199400
6146505 92315379
706328 99042207
85345182 86685146
27440244 46707770
41063977 87063411
160620 99835467
15187867 50169420
41956946 46065551
14006775 95015834
12919678 95680447
31992431 48479001
37046458 81378622
7111525 64523661
32370760 47194363
6726272 44954667
7103112 47652800
28779375 30365378
1719561 55860130
9444133 99483071
15392529 48863349
672496 86961933
24667771 55802440
4825988 95445754
52345137 96457245
24504206 93573525
14325089 45880759
52596580 61693798
18314674 63261811
10287163 67703865
13658644 49189506
330464 99709837
30950937 41083047
25644878 44802003
4473030 46056506
8887304 13445459
28679915 48109127
13459713 75873010
4020730 39619262
7171263 13699127
86217773 87499292
55623904 98274424
2245141 98166440
11511046 99566222
26684277 94362010
33989912 82082226
115535 99879684
1887 99995195
10822253 90613721
15554447 46988830
43426392 79416535
14560706 64604539
1574851 79461331
37017142 71647271
59244501 69381023
2796191 97630148
18393356 65280500
60378237 73984802
74537442 99283976
27352281 64652805
21841428 95386723
3195832 66517271
14715879 43025447
4995693 72212131
3262483 27783614
236661 48190960
27650110 74663939
33651306 46311468
1366365 95461660
4520442 50829831
38725074 78437919
28377087 93939137
20535387 68385699
45211653 76817753
2870251 96023992
10680238 59837939
3557915 58682224
8543394 62255748
72188818 87398045
40966461 70637133
3083303 78933879
8618254 89116064
947970 99750125
21603225 80721598
72641864 86361125
12097458 55647063
12940373 86585135
14545081 17273727
44296926 85154123
21770588 94917725
66786380 78900533
43355168 93410803
70894886 90914388
25538440 87649411
3778711 86308936
31181070 53288604
49522811 68876530
10407941 73691746
39853026 76975369
53175213 86926373
14132119 94225177
9763812 91985001
7045048 90666961
19606588 38665600
39667131 88851564
4449170 98344991
3815488 79699342
37706298 43401824
30717302 56675767
12035500 32948233
12757908 96793370
49780813 57465344
71363950 82627297
2900682 77842210
28777614 87318137
53090012 84676916
1017148 67268830
3625055 93291058
31869586 64889836
13104108 87864120
13763818 95806909
34115224 90493087
2489223 84438866
18864070 64953669
8735973 87776625
15719074 37465364
7478878 74257798
49619028 90076402
52293704 58188235
968476 94896224
23183362 75512875
51049073 77881521
67050517 73351733
23373872 65746932
9325999 51469595
52531521 62009226
27659503 58083096
32370426 83976139
42425550 97477352
81211523 99785786
2791054 95842477
21578112 56131067
49871265 58297141
36229672 43223788
8790284 94561084
21390177 53640406
46889297 77736921
23368027 91866699
18700211 66949315
2099552 86931400
12938945 92634162
6655041 44110991
2131216 26323848
42909783 92865164
19262768 81139113
222884 87420191
30865991 59283488
22285653 26792654
59389223 88693323
23068208 82512691
44817676 48259004
11776179 28443250
22363765 77259792
28503228 55328325
21940253 39892287
9391566 93503910
19482122 54337850
24330753 70401907
2770572 24659892
4443475 7220689
78533152 97585975
6931672 97682161
45083097 69922076
17657134 67340714
27277784 96781686
19183840 78002590
166066 93576915
3107889 26291165
61310904 82413513
66788549 96463838
48109081 61350501
51360280 94926969
60435130 76058481
27065451 97831557
75029374 91334718
728548 94788789
2856101 94923310
23200155 94578930
20771573 45417664
11386290 77582551
70612632 76139242
9098041 98020841
68368076 76995485
72075888 90711922
12554131 68864867
59058420 95512666
35351696 83665140
69434344 89405470
10518676 27189018
44880323 60445060
50426319 82279746
4552512 55984088
52173993 78055921
23925338 95905192
33708111 85270501
56847317 87926036
1691983 94321202
51539041 82401729
19979937 89742118
4226484 88288983
44447629 94447105
1384916 95075040
5209102 94675543
75545653 93801278
20931988 35483515
1066390 76353572
15234635 77723068
26884347 46654085
1194222 16539536
2606836 65512285
18345092 23090087
24995367 88863268
3020423 93529219
8272374 81774318
212867 92849450
79201995 88962427
9246287 54821343
284984 67417974
10410209 97849297
9125609 96713060
3334073 88979027
30902791 48127742
28733428 35626884
10645494 33140527
778434 98376556
53537336 99779322
1052231 48177472
7480598 98023383
22620458 98326577
51143830 71777700
61225208 71910778
56833938 93015586
23727550 87689792
10023905 93709246
15698042 95438806
43613746 86138161
66473243 74560920
13635115 94545471
9406385 74146549
38248674 81456905
9432622 95790661
3727451 96787711
18052653 90824330
3767924 79913662
16976074 99496902
21424149 93975269
31269207 44041909
1412193 83842810
5494036 17767153
3000545 97715696
2642668 99350093
62800684 95013726
15665035 73934480
62442689 84785517
66736533 96994970
18957750 79075794
22082192 73631148
20114706 99434492
5416073 50735406
20693867 42467797
5224556 60623985
12476495 46779537
12522723 58364136
6245320 15276534
3494141 91828874
7626605 69312338
36221176 92345666
79434926 97829277
7335697 14474459
12794871 53213978
12675353 50426153
70210145 90892517
1566113 21612399
65899377 85011206
17700504 37090433
34981002 74601597
1864822 53413640
30360873 94687529
7572019 98982846
6253 87749118
28514902 95458990
25693448 47509033
20178036 61297022
38597859 62742994
51983512 92750310
8363108 91162643
12831891 83296741
18966671 38628801
28788813 95581361
7403475 84118042
6793441 11642840
30155545 36520009
35615825 43042018
30178270 35256048
54850562 73806829
50333053 69754418
21932579 94380809
4660728 85918547
6736825 97302512
646824 99244444
30137662 80330957
17547358 86165243
22184406 96933347
21313829 80684833
30050755 70447433
1927514 88260958
30698285 90296242
18769206 48925831
4262073 81856927
18910687 70786686
5180614 61932123
38908602 84727255
44420867 67636293
14079541 52276176
18214826 94657787
13039352 87984978
12717912 51350876
75921682 98912362
46290270 94301497
42316625 64290859
52255918 56669596
5209999 89612178
2619376 95382607
3671747 92486184
12291457 97954141
438137 61903683
58183206 94140513
27236878 89877265
3822384 80399204
5488176 60706642
5598634 9835321
6709964 40959825
8880724 83376233
11693401 71224500
68090239 75339163
19608308 29385314
22544599 31759781
114541 89289604
6179823 93383126
10780974 96599907
18992712 89710734
11478807 14925476
2802625 14125169
56558559 86066176
2058733 66034621
11500343 38333330
12082748 99666532
4059134 58905778
20354269 53212195
2294653 97415018
2475119 51778069
261 99999497
495622 97449135
13178198 38870450
16148523 25479720
13390534 25630522
30877936 33048598
30420134 64086363
17894061 49811358
47988170 84002360
59545550 72968781
13134763 49447395
9059157 36771280
1668276 31422512
18180013 71004651
5760930 61126156
4317911 88488808
32483337 88038582
23770512 90093384
33681946 78452778
10315452 85208835
1313748 81816316
1484827 92663775
25929888 58189979
3875270 80306341
59462193 73735513
47600082 77032983
14447564 69348357
11604330 97383814
34675457 80147245
5040349 74951918
36654664 50047980
44139857 55971295
20147601 25890461
2153082 84956611
10944123 33084357
4243899 97107642
66984561 93704583
3404382 87470318
1431547 98228362
49652071 65263946
70021911 75481044
4176946 41405694
7621803 99212851
26485183 82055218
16641885 73690029
7122665 82106579
16338379 64740263
52842842 67655116
24849635 61838723
30691521 93367486
38543161 85365029
41157667 58656775
5004130 88366551
4831577 58813609
2379338 34211317
32481916 93840185
40470577 67942762
23513573 84368019
3362978 36579295
4414669 78648782
12546029 89749381
35709920 52297488
26656532 31188971
1820660 95359316
51174180 86242500
72030289 85723790
3128980 65254327
14886357 74888975
66693720 77627385
2339067 76815110
15475607 16158760
18010960 63821643
9802124 74980866
42716917 86274876
27842819 99618468
3147706 73944084
4311039 95656713
12930497 83818007
45341031 64906634
27008597 42368885
16884275 34607952
17243953 69501980
64882445 65634557
72043654 94910299
12561750 80221175
13532448 63966941
33995386 96842376
46292245 97457621
18829695 73645825
93609807 94710248
30349945 93930743
6231571 77489148
33710313 77449567
26216161 87798078
5507095 92840672
56946483 82176466
18110532 85809787
18525193 95955530
26686536 94772778
56621343 66955609
49932849 58027151
1681042 93961020
69192681 95969446
38173825 74447436
6623248 76878978
22314162 53885808
2290610 69991314
10633818 65163936
39814381 68952994
1557091 51031184
22703183 92988246
42561741 60611934
33308177 94300754
35270817 94476811
41448879 79544764
18222602 78889486
8850363 61459265
17132337 98375230
94070001 94427236
21035378 95481042
35261157 79967182
11447425 72346276
28327719 65584528
14428054 93503042
396451 89224480
53273459 76232532
16863914 72298699
57954477 85907932
17909212 77061887
22958388 96446325
54939119 83155497
20458606 78578593
24127774 40640721
23121981 94544100
49747171 54923552
5123358 81106370
27848876 66926864
21898224 92469054
8435326 97315567
5838617 87596975
16146212 94592190
96089507 97353526
22483422 67779283
8393371 69205404
16017009 97047749
11693019 44572367
27215635 99137926
18012290 89726852
12154703 49137852
5487014 72697395
11828673 92267723
9864647 96878049
35363002 35885075
14351351 69104655
15463830 95644695
32662285 82919718
18007223 95611546
2810741 61692806
1973771 94744789
23777425 83051906
24820131 92183546
26055548 67254037
59143485 92872090
14841796 48428558
42780240 46485899
49362921 63852355
50044149 73756618
27593202 91397817
54122321 91041244
32174398 50336455
36229028 79737080
9282725 95940669
62675755 86949485
8078154 68619571
11560910 94209723
741848 87825595
1986543 93293580
18011452 99630236
60869499 73916863
17885761 34695341
8728709 70794770
726631 98301270
19545601 84649368
11962302 97705324
37256110 40576826
8561387 72423064
81328988 90867188
58938779 80444786
52907270 59077543
19187968 57766759
20614268 82205318
1846674 69028672
52412489 53424081
13767982 62112291
19400938 73809077
2470639 23455523
56051359 87849327
67052646 75755377
47184743 62733901
3699397 35608035
25814138 59636235
4941875 96462685
13478943 93290744
3093428 97149786
78234189 82333688
36690082 76822464
9247518 11606094
40106637 66524037
22149800 70046833
5403751 25906603
12196895 87742769
12920457 83778418
29720018 60813833
54381790 73211851
80364341 95801703
43782953 98745168
13437878 54151596
2313268 95820153
980133 58986221
19963027 56384579
7402208 92778718
18060407 84538996
37754685 38901680
36323496 70284382
14528126 32249135
50675404 79059645
12394609 89091213
43271291 81076221
2834403 91881662
9514346 98079227
2572140 99443935
10753077 91739418
54463001 66266090
33736237 88507221
30085163 98008642
1488551 86820385
5021075 12923199
40641361 78790300
27864109 90277462
54183772 96304124
81991222 86548402
28068804 94845399
8474178 17353725
22692237 74384381
7090417 78640102
93111623 93888067
21867658 97302685
66952068 94548691
21138878 42846838
12482682 99521660
7569261 96844646
30962029 66110258
16504384 86048659
2339330 97394156
65096314 74236150
558166 99952681
700949 98186548
19557511 88747937
51671059 87568874
22281696 95488707
34463209 86349430
1249691 88358850
61015514 97494109
23759959 96107089
2722611 84563739
9666020 99426127
14299314 86347541
42796361 81055246
57161755 65098171
36098805 86737193
6419221 97908132
39061519 47781567
4390905 89782696
405894 96627430
16699866 96388226
32388472 79284933
75446483 83200859
80028823 89455882
26663843 35467752
2425489 89009689
12621092 62474514
355309 99933007
26523975 81670824
14248051 83402717
5363541 86296263
8420425 56801353
20364337 60111231
38304669 94597460
24572862 69857254
29159090 63529064
7613278 99635850
3107389 96611997
3136892 93973718
33424006 73757244
106416 98266636
36960313 73072027
1469535 94496167
30550810 93838682
5218887 95796848
8448036 43773894
53938103 67820907
28891080 70785953
1949588 34181375
22716132 95509774
61896330 97236120
2911189 92793648
4411505 98758560
27313026 50143675
50686 7051370
87390 94539706
4600629 56376331
13019434 74251693
32938305 46196372
4176943 92296828
61768026 72545389
27762337 99932741
2235428 94865854
33526908 75967175
12364491 78190392
45134932 81693537
1154404 85003164
49942226 80354559
27545331 85412432
1877702 99571900
10356855 94821565
3993062 88161073
36467519 94772078
1274212 86171734
21306536 84267237
74753425 82413316
34345718 70749283
15167074 28975797
6708606 39774117
43689542 84966271
18036030 29695152
39699968 57886575
7855910 58742144
15181526 23608708
7217836 83009638
12277185 59327940
66575124 76680659
56727980 99291503
17192492 69466529
15886968 71635002
42101704 63749411
22751226 34814997
36073480 81539886
41974274 60295907
8750903 80236838
12764253 86606467
1916559 83814405
14778446 51432000
13482959 35275772
5296528 33918915
26190942 85213570
8488488 90924608
17056797 80624533
15862357 71647330
4502000 81450764
10458353 45116348
7662957 50717682
53841713 73251964
56044047 98056359
36196336 49264396
23282837 85634398
34637137 68433730
10863982 99367440
34434331 89656144
7638736 9253105
31757239 67623038
13289263 99015694
65312424 74600107
901265 57922399
40432323 92125548
8321285 63847987
1053511 18170854
65987774 90767780
25924430 60486687
10771795 81605747
30001633 37138990
23762504 39030836
34654572 36016440
1552115 98467011
11429096 99059622
59413060 81467210
15422 99620302
4944779 51886942
18225571 64768961
20214258 86544174
3700774 91027285
74744877 94842035
18494529 68942420
16233861 94158535
549884 99222103
42336294 61762196
28888907 54886386
50694859 77524837
3523462 79290421
2596416 75790496
49335425 87438615
20384672 71543121
46309753 91347759
4298214 88504998
17913249 44331105
198211 70731476
9874628 83828337
10156752 96936674
7648026 92406342
41158146 83781037
16024224 19181491
51677381 71605711
15649376 37114157
34033996 44892974
12532623 94227305
599541 40004643
48037686 74982792
29784306 44632385
35856801 93576210
41173727 63838101
13976502 95607359
10669803 31649823
7999484 86421941
63088297 95729778
52222494 97787982
16564435 63015515
28976073 41523411
633994 89014947
45056853 86740668
52569887 57577662
16287181 97553197
32886294 97639356
2879881 97403784
6997671 93133415
5149555 69067566
204646 99830936
1402661 97142326
5725559 99522067
40910886 52035145
10396265 87578014
9565162 74605461
32581350 35992639
19010589 60432794
56099225 66070024
20184568 38280047
12545007 84883125
1231 89650742
465182 89523736
61058884 67145697
60007915 94723293
18957041 75334105
24145903 54020193
45765067 54831353
44998119 54499483
37134332 90886515
12328694 95771918
1562245 96399242
7955712 25558764
31214585 75051778
6279941 67768357
25702388 30538900
6335989 70533367
4246891 96824305
73611 13259601
31837718 75887977
2212763 98846947
10464084 86973240
36516509 92875303
327700 99758845
20499562 55019327
10183002 40317119
30792211 92676593
6873391 97004974
32235488 57913804
57567767 91602114
22597300 98745985
36979304 54205981
34081606 86507961
901649 99791910
38586331 74841403
20722721 43030901
21130335 69850077
1576826 52718388
47366002 76418786
1037635 27938405
38814442 88033336
9238654 17618881
6011105 88701954
4116643 67526352
32574221 80461560
13012160 97852662
53712117 65971439
24398049 30291066
37550183 90769448
13819597 88529746
48272109 56697776
32806851 59489944
4547726 69108276
7547640 90007637
26238667 90655822
81354854 87884491
13836526 73825408
47643660 98214662
26623156 96475168
59671382 73557313
436294 97913535
204386 30694580
24551890 52848944
12373000 99848867
26814592 96718393
33711465 89280558
16925065 60533492
1923892 52069129
33467449 93690521
7069077 99095048
27165906 74616011
30372703 99417077
44960807 57274669
44853518 95139607
35007872 83550912
7324477 31045885
65819513 95227217
783981 10069817
7376692 31810434
13216644 59316486
30857988 74413244
1268521 82724304
4643664 94506718
9682937 97492117
984094 90419785
78037625 94680282
13663219 38245269
8529496 8961763
1247247 27623287
27602036 68894021
20046470 70598654
27533840 70476073
33846745 97242160
8412087 92270255
64240745 74763591
2602955 93758335
41973225 78723594
37402635 75541832
27033029 73217875
9612440 38783318
61517725 89928362
7235610 90817842
2642526 93406220
23115417 66788963
4634989 99487055
7792515 89642840
79550670 86880658
10399841 84575263
35742212 67683641
24911793 95004581
8110877 63395939
12373849 45016571
5998740 62150453
455123 94902957
730905 72775610
1080160 70398704
2225445 99878163
85598126 98180211
9374865 93959405
3299596 40905356
27796486 79912762
7300742 83777533
3622404 91552672
85128389 95126647
31339449 89145951
8042051 99340583
4197510 80066001
41824645 79854677
82305916 91753767
30993820 98837288
17977817 58294611
30051227 80449702
44237229 76742921
7295632 97910327
17911432 91837388
3969141 78258692
35930575 71336949
21823026 44222105
22972119 77408374
82165876 86217152
22085257 25138691
69579765 95048532
9258213 47966651
18958556 91933154
11714172 66179023
64399932 90214058
8978613 55655695
58010615 72488498
49288186 97576396
5408994 69302106
71452430 97216868
18153580 26772419
23943155 46001773
2337961 89148833
13832457 77011160
3072994 54452242
16910465 64642808
10058111 98572372
102144 98767534
53112762 59967994
43415859 83766889
26384368 88130743
44656082 74909302
32193725 99141529
238539 88948391
46598489 66851712
31094244 48580649
5129197 82844575
1655334 35518222
4161561 14888880
21436482 25976874
25784325 98526496
52296813 70594722
11029054 98317359
6983834 95971448
5651742 94702066
16077219 98109269
60310019 84908610
52812995 95900068
14929623 25315628
62611094 81328286
11757548 16523098
2460546 16957334
25762382 90950754
30998476 93672458
17444968 98402487
7454271 96727144
56912188 96698497
38432862 80918799
36693233 74231079
32097162 98567185
30079073 39700741
58248016 81285908
13454347 86914290
1801084 88462609
35792173 77343991
34052605 41623450
46432033 48414143
23967000 45172749
24441603 95095865
30193513 35928039
34696792 37590594
10756823 99445848
9899173 73916929
3631418 87395181
7800555 98620457
11953928 56679550
6129847 99627882
103867 99920772
13180746 28975671
13236479 84995984
88123236 95934101
7368522 61048802
26029441 93213378
62562024 95434996
81286897 87359467
44759753 95248252
38036974 95626278
1193509 34303357
44050738 89083950
25630392 32239640
17528758 90407390
3126866 93979924
62740705 85028376
19082801 55077732
2606004 91729236
22632053 99480398
10869552 92946804
39658330 98417844
5911092 89351889
40091490 97295775
69053757 80696315
10718970 22598663
24145741 88335885
66310 60057808
40638096 47842016
5164743 97815621
40532931 86085200
6039444 69466837
9006108 93088953
8766939 20175610
17029122 52710211
42539842 72346951
17059300 22886959
8992 65668320
8697317 95536250
19143811 28190097
1582301 95202642
71902883 93563334
491275 96836368
58713898 60806143
3061145 95558263
27690455 86283621
25379744 65940042
62124556 90292195
15296923 16932751
1287434 99226306
4067729 93828187
40805781 59887490
17023745 96003095
11274351 30674108
26815060 53492743
10221305 88858124
43876621 72698950
14479134 68706799
31513706 96403611
12465657 25942613
1088973 98572318
69828783 80926171
5468032 99870850
13198942 85087713
8043670 85991867
57506312 85630281
11354914 92057053
466767 66884865
33209629 61184138
25315569 94074648
21473330 99323230
3204158 95461188
872695 97046602
9112783 63970546
44740104 49567838
18145307 83693937
9845570 92390930
42082960 89894588
56716417 72873242
11133659 32303770
5134548 72584921
10732063 56047043
74515008 79212330
21300568 87864540
2724520 96804525
44381 88054525
13028884 24534274
95751531 96546817
38116699 57023651
12133891 12441070
19372752 90225411
9074911 80102446
3358086 93717288
21607732 82504904
53683668 61051612
38357301 97208760
6161869 18187824
20938520 65266253
10225247 92733317
3718802 97674291
2463577 97475439
654473 87913540
6450905 97491802
264645 98365898
36732141 85605340
35905190 39963841
42687379 55212069
18691864 99678037
16561279 88119493
60805838 72593221
8236461 76619567
40301276 43551996
13238500 72086207
1342251 81780229
41216283 91052009
45392116 58583838
28951677 79092976
31635943 39560757
60051119 79846578
791860 51161036
45030163 52553760
24457607 85083388
1979282 96339113
25399459 97763455
676597 94010046
31734592 70719482
6170470 74414292
70963147 76531709
24854689 97814107
16111250 75201209
26591799 45012676
42940418 71425931
1733477 81805589
54026858 68175430
4848883 56984982
25146193 40857684
11118419 77357143
4380245 81258378
32683988 66495036
8783590 44866721
16407200 83185872
16575239 89136981
32560731 66202561
49769832 88147156
77435566 98825627
17909663 50717895
24858082 60873875
11768356 60725643
11553282 66872718
4747100 80975441
7125913 89865509
4307470 95579613
1420976 87114560
32036928 57550273
18147376 70965004
54729743 85862070
19797825 99923983
51981297 89184703
10189103 89390977
23220138 49209793
116108 67079730
18251785 67852540
35047 87855147
49171305 77686750
2329695 59494231
10028844 46294887
9811874 67137031
28834174 35075537
9627400 97835110
4050424 31855677
17027247 82263101
271636 94954156
55802160 65389883
28218956 86511774
24312996 35955737
5487186 96105650
3155856 81685745
7912389 25154236
45513448 78985543
21528933 92694611
23275667 65819678
1213680 19847744
9604085 97300882
30841016 33247122
35241431 94451164
24422000 75648522
23026605 85948925
109563 99388682
38360694 91680145
8526284 88676689
27083794 96383920
49397552 88416450
13262595 77828600
7000266 94909820
11463655 61934258
44736460 53392118
70199658 95521207
28953374 79422761
41587862 86856748
35038076 87226907
2961807 31553265
37282361 37427974
8169451 97149954
28852473 57852303
19812593 97836094
11701328 99204693
3876981 39583921
23574875 76575049
13217315 96886666
68854671 74487534
1536721 85442459
34058712 74166311
17833737 94539977
54467258 89937182
61219563 96352932
48686706 74691624
18560861 77040200
40798235 44898864
4493971 31804256
23420651 73414749
36529 99911527
22589309 79847540
34262458 97731318
10260264 58763900
32058201 51672765
4267488 45444297
57631766 66417979
22174628 66782309
17785361 52606285
52290365 92390580
23406381 93771760
24453879 54372716
2503928 62246170
32874261 75586144
1410051 99398264
77110913 86963212
85113020 99733033
14110607 68557274
5298690 96760513
52143100 59812290
21214367 55912194
4913075 76745049
3184897 63745605
51744471 66182945
7163040 94878556
12195493 59509900
8401868 41901208
61766177 88671861
46179333 68957447
15370763 79686850
29989434 78028403
7393355 98524904
5450986 36322713
15278890 87341889
19007185 91377852
22186344 63317332
3084113 63189882
4794048 95630194
207474 78733765
46750774 64327219
13707445 50695538
57977973 99885056
6102226 96783991
16622578 34536296
15074505 48306588
18237474 79846949
4679601 72111088
36406129 67534011
21873792 95419642
6625054 97197002
66060972 68599837
7832776 86477377
1081228 74971943
853744 99803822
2186648 87946541
69556699 71661803
81865626 95037984
45931007 86147417
17280030 96095316
48079224 52520720
16353349 91340005
32515876 94041503
31149603 89462139
860127 54733442
4841170 9564112
20864350 75312319
11137164 94720447
66135090 83698135
6876773 97521223
30180556 92576335
55259087 75192447
76639379 83227695
48137437 73093408
2620731 63594510
65787697 76145125
45288798 76756666
12225514 92965817
8655736 9151463
20617793 85300912
6258504 83326459
43057200 63470068
5020988 71339433
5211531 21999587
6889917 88211631
12465551 93911669
10064515 98540969
50060790 59562061
2072066 69102685
6454996 99735912
2276759 98034959
24535383 72223870
367892 93839528
33469299 59960713
5858455 92823481
8020360 90581124
38804764 99004239
32692871 70358364
976641 92346576
15419394 51879982
16804720 79967729
24141506 52447371
36868832 54291020
11235841 22835467
8734942 27947005
34781503 87434510
24264559 46479052
3001841 33960391
1983945 88466448
7466295 97831467
5978604 7826218
23437935 24046105
31325551 93992412
31939917 76129388
1739832 69637701
63575992 81969735
2900850 25942462
2148177 89346706
17370703 17935338
41534709 98172990
86083477 97254054
55970750 83126288
52477768 77189685
25780879 71948644
61733235 66367138
84729528 92879015
825913 68990245
3149976 86521795
91572172 97313732
5065627 95322614
59274972 61392721
2506151 87433879
34228305 85649556
559361 99589128
30968833 97235321
69541731 99023552
294553 83014784
7300266 13734656
3850741 99592021
67761094 81828262
787484 86019551
77665 93326229
36837253 46656712
1924956 87345883
3105100 96325735
13177660 91755064
23596651 80744902
9809663 92080449
17008464 98460129
5465933 99466461
25769 95458463
60263074 93429679
23212991 80311401
7045636 98894741
11840697 69630957
21162443 35237096
29009318 69866355
13369498 72566723
34598 92100116
42173447 52798409
23477866 75615439
76219980 89082768
18961016 99389419
26236398 51172400
3989990 54776486
22213007 64985480
7542165 42021466
27346172 63494963
12203710 83679739
4262958 90352034
3378363 88662231
75932754 76532337
35927380 58624808
39774515 50055929
39945256 94034069
4060757 28468346
38862391 78890002
38434955 97870570
12634403 72828454
70254837 74079165
5122572 97235775
23815357 94268930
18572540 63114315
665189 95334765
9955167 99927566
1802448 91028705
11455300 56425994
17341436 19884239
21238019 88194236
26267408 66565922
45160480 55181446
6642062 94472893
24560769 39531877
53394941 68895009
19983065 31937696
40618352 97501340
11209168 23736003
9304758 83985722
26540785 60165063
17665886 60917388
7510321 50095573
33392191 96944931
5691236 45979120
43132041 65943842
26485936 84604915
51258864 72638104
4836610 10424894
2280188 99379038
3988383 99426989
5966089 84350089
44081337 63029557
30573606 55840879
11983520 58469590
1779728 50525101
4710865 92790686
15860136 99783766
44992659 82555266
3537898 68512524
26860729 85252208
41784137 84965607
77359790 94106031
1663345 91129368
12752672 97138619
40965590 43395937
58994620 94680662
33554953 50955905
6640999 72656299
16264626 61229573
50434061 76225532
24419127 93031230
454004 99458070
1783244 25473616
21267808 91370425
62721681 92060814
64188162 91353359
11774857 52374182
16212794 97962653
3698711 86856291
24262078 89284856
36600996 99383160
5896144 93856849
70688592 93406580
47308040 61375495
41907786 87043407
34828839 53889378
46430889 75968101
19375938 97088712
14536020 72408296
17719729 31375226
55862321 86302774
27793755 37923282
24030564 64977504
13975702 16070248
5147070 80854000
27741107 67597896
26150001 90162110
45879577 92207556
88686617 92701975
35952212 96770401
5840380 87093700
32405501 99389541
1794941 89335001
33951987 96328908
50013171 97298675
12350574 92281780
9066943 33811955
36532725 71544342
858039 97998406
10572612 36653417
15703787 90448247
30522116 31292879
1023487 98226392
74305931 74617531
47099378 87086495
3725959 99712162
22406411 64777693
59872401 66227822
10235700 85384569
13344356 48418558
43408238 55597482
3501078 91025824
34123736 39866276
2560503 85500182
5519472 90061846
13486880 18758523
7374730 38444427
18395235 86126882
4453550 98094053
84964456 93020564
25962133 61331970
18483167 30091480
1186884 56468105
18087936 92751192
44249796 70524730
44422287 82510790
32213626 53601060
43263402 51693401
19239602 96305394
599594 99949736
1099577 90898350
19799921 62238925
16056429 99413519
29003993 71639947
19301123 73793632
44621300 46416626
1433445 99362051
1333909 18872515
48480159 82399291
62930533 65004492
17736499 61336337
10547301 96326902
292134 98998038
8669439 74419146
11403594 98198833
9943147 41326729
51571467 78013460
17932544 99894082
29386123 59658625
6004772 98266761
16569249 67380636
4964021 26845024
22073965 79775599
20984971 94613940
21046 99677079
34675823 70297451
16695197 95597962
60231735 68119709
12331439 95148515
3656029 97470209
43951323 96446517
39951301 91823143
54946637 97509321
8583709 78803541
1325407 83590483
47462806 83259471
50472021 83114083
8184584 96920769
5632390 74092933
20816015 76622988
16154239 33931753
9993335 14854147
37500345 96960408
14029852 45795199
5061621 76416630
74111924 90461667
30439468 64173597
56969082 93230056
21683416 63216586
37302184 84663611
21724303 83914565
45634088 99544708
76492001 93080673
1782270 88022837
58649964 98615914
29966526 52596803
65447220 99691224
11103178 99134365
9924138 30261250
15844874 61089509
4313064 79743971
27745030 98406920
48846664 84265818
9907918 85505906
5524474 47890328
71536026 93296492
4700978 74010384
14093133 99462153
21001878 33369243
11846930 48306816
43806347 79074410
19847425 99786693
35315300 93348099
76801569 97635198
10268311 89599412
73815394 78832176
7806122 93313757
44681832 77897053
34876445 95694487
72884712 89387919
12865406 95814285
22781122 57592853
24655065 77689042
15335554 15636039
42423261 52527837
992398 59932347
51981671 78725031
1921739 92216270
65647637 97777733
40969234 96197260
32239973 98276253
52408189 66936125
3311010 90514298
4260901 85454870
15678789 52718424
24772578 51322228
7269266 87845150
75717787 80310035
57489686 65357308
48849332 74336594
50098630 69461775
45414052 66715418
62452266 83356956
924847 99789759
21583711 67801281
12190981 76478693
67740922 77371577
3066500 85717480
25582126 69038528
1721944 99242473
9450218 91963805
3638442 97386633
3151282 93855809
17229135 99722057
58029118 71063465
18098698 50348424
1729841 99007052
2973736 56164572
14649831 40793472
21898715 65745634
1949808 89489346
18242822 93948474
1124385 54090099
19501886 99154147
34394069 82333283
62426863 94439085
14217439 52373245
46186571 84577130
26872993 99055438
8219378 67503419
207578 99624209
20100802 48512366
35324301 55983948
51031263 96315220
768016 86166569
38879775 70427720
49019348 95475293
42109582 88258318
26394266 85506710
16050715 72013306
9030401 99895356
5739231 90327183
30301980 98813168
10423133 66537817
5978509 87986440
62067637 91871188
14761282 55814251
10957082 46249726
81221055 97549381
68844957 72993463
65334943 72299424
20526314 69449307
16528472 43845531
37150813 46217041
9523167 66046773
3798904 79378901
8566445 96976202
12273316 71610322
9433065 22040424
122590 98043166
27703713 90714750
12564223 84626360
8706119 97987578
12619782 83069996
11550220 71384484
42954362 89406772
13168945 92771515
68796349 92243791
10063697 11885768
31344133 97094715
850084 97618539
33337629 97309385
30975403 69203294
7122873 76360588
10305137 17683990
13690581 85082635
41149902 96378596
20481203 20943898
61759499 99568756
44144801 69483159
9754810 43927693
70935830 75682476
5853943 22280705
1547620 46181429
8975283 49132676
13834489 56593644
30058611 84135535
1093953 98802095
30577330 70363288
7506129 93165733
6947380 55502946
18781334 81627873
2454063 98898417
8492181 81079098
36776991 37379958
3607631 61004243
6273544 99665623
12100884 22305060
60979441 80489174
16532956 31306089
54479516 78783739
15677417 88753340
15248906 79471658
24417459 65674853
28948938 94783005
705251 84672788
10749904 90585567
13213406 92951749
1247889 95525262
67562124 90469676
76652083 81797451
81072068 86823484
31379580 89911806
74843975 77990953
36011903 82876984
30330873 85742137
18168911 31396552
16589781 87269484
45827806 74702188
15222665 90657159
6406754 83448038
17042407 36599358
18186049 82491942
36184550 78048355
5558174 94252777
3730192 83178741
37086895 82909900
69510038 93542784
176776 26880529
10546185 83633664
2035529 10485160
43842048 46156244
26463765 66599180
83885432 97671462
4668854 99787210
549619 75512560
27975849 32200506
32214960 72475270
7425723 77640030
208125 95309394
78865444 83589088
5441414 98792842
45807839 90194623
19461361 58739286
9917951 35523287
20732574 25559008
60008372 82058790
22853211 79440351
3620567 88413994
35090757 40661551
99588 36158750
27369113 82759860
2966505 50698986
37590920 77613959
56166438 83790186
321231 99776065
5908461 92253763
26623512 97654697
940562 99578791
12198619 87564435
27319727 72137536
16429185 56180169
60762457 94261798
8274636 79687876
1364418 98674454
57157576 90146421
40784661 95859028
15378273 91993847
10085562 99804752
40581505 76080141
14097992 39448994
1538180 4429694
7943499 47945886
19633721 22167878
12883337 13277161
25034340 99964305
14487624 26814234
3974115 8262718
5463828 5593904
7686374 98538242
55790852 92949366
56597658 61574532
54467721 75026111
94130384 99690780
6501895 98625857
15555280 41849812
19889341 80227294
3927680 18820964
13139244 80971610
68952760 84722407
64766499 83317490
5778371 68267053
10722033 79124043
853000 84603181
53709004 77093757
55752174 85807068
38417895 97730678
456065 99042479
27006725 83775066
7705158 51296842
2052933 90632980
2266545 90140862
21596294 93885754
32658249 99380551
29872987 86666333
56613600 99200757
35870726 88520264
22265541 24556447
487160 95357779
1229525 37796055
13591368 83797335
25108152 69701033
837548 38772049
6875670 94461416
67983853 88029872
11792262 76309407
62833119 97977442
4563380 63814675
20349322 62745196
42469123 93950360
41088961 62552147
4734356 83513137
12918578 95791863
8653471 91970691
6696956 80791890
8423978 92617881
328226 74983144
12620082 72636952
65614456 70423971
590618 99744001
1172467 76829151
51670739 99956512
38181090 89603696
35236257 99413047
41473349 91389486
53967353 84306076
925404 78911248
17249241 99251693
5637491 96556934
15226663 79990429
5469778 86915856
2186078 49930808
41238380 84592674
54862946 96276384
8933919 93226506
44523359 49146699
41372357 91852766
32407010 99052850
50235829 98679848
23929162 98486290
2529276 86006783
23604555 46583058
20204103 29490998
27207133 44852017
29085630 93009595
12183779 89573039
42118905 96395149
300802 97602611
2491019 98389171
31111489 97551747
57493509 74511047
13271788 52228473
51277232 55703638
443401 99229323
41684274 94005813
61614581 89144828
1479003 65088242
33835876 87669905
27108563 44380038
8315242 64907159
25735284 49772008
29998814 72551469
66752223 77385985
3374421 75200836
33421937 59857100
76421860 93417365
36811700 81530542
82969489 89162120
20027581 83051364
17787150 90229735
41820701 75264571
75150229 82699906
53987811 56885528
17782842 60615463
8731910 72194622
39880502 40415286
29190716 49820873
29206724 76788763
11235746 20506277
19625875 95904402
16476785 63170900
46652075 67723126
5300262 15990685
21897801 41867081
8904790 95325212
16678234 93850993
14353937 90878711
43174769 92550222
4176694 72653864
1493015 88916017
13455073 21606191
9263785 95899447
56185622 77623913
692241 67250320
32275564 67163005
14007526 40630232
1487521 89184958
17422986 97769248
34607995 95158359
1413305 84598241
8237622 90779444
60279238 94411897
46805967 88256651
50318381 98727316
829191 58527356
6947388 34985130
36506680 38802068
25909068 99087663
21153795 89309924
26798816 48603679
2645250 80812517
26260006 95044672
78503161 90880062
7576313 47069226
26271404 52543015
2297233 29690769
36156234 95375845
11451845 99730438
285814 95318632
33892477 96296504
32411622 87618353
11765342 88315807
5645753 85796435
33981379 94480964
28390012 87642573
47105027 83196006
46547913 71486107
4212327 83907579
33298795 73594793
1007810 94828367
68189486 82873581
19199028 84321752
1608599 63346973
19886763 30340644
10703433 25810204
12147587 12523644
46991280 96019113
25793737 80204436
5943418 77915034
27455367 99759699
3983700 69770901
18423226 82551843
63328633 63351335
51446087 63796472
18044432 28870236
46847548 55839904
376226 73338344
17859737 85059091
53171280 84730049
800978 80481461
22527540 92624615
23535417 94609811
12720749 73837190
2467309 96305799
11892647 97681768
18437935 81512471
11057445 36365962
8376194 99815403
32382800 75943797
23425680 97731251
7443217 98495420
10783021 70397354
87563410 88833540
8526012 39584713
8584102 33215963
14203499 91044939
17215390 47662989
23468039 61612519
16054237 22286356
43352928 87617016
42664003 96239318
34344675 69274605
52176347 72940842
44956352 61578422
43409060 75495624
46036308 76140850
30621225 67506699
9440186 97975419
63993087 74976558
16298457 34928477
12864982 44894820
18685147 98566286
7040219 76333785
2768967 94354401
5618599 92179829
21862553 88107420
23192748 80382502
673904 99629241
16249299 83086047
88915686 95876674
29629700 57177200
42701920 76469986
39220348 50102654
19225338 32129867
451190 95125904
53968498 67450750
11220212 90245830
6180517 99920508
42390268 90612127
7246568 42200253
10884019 77019730
4763301 99239742
16423950 73220565
28209604 45347860
46850376 87988731
1020053 83286992
8167785 95945613
14465609 57728629
1610795 78403796
26661360 85684223
3808249 97832564
38384796 63028866
7506637 26418121
56447391 74137651
13301048 34983003
31720856 61535508
748532 95899972
20333251 22995954
23046206 95515089
251893 96914203
36584490 54581955
46143858 98062274
2508987 89099476
831514 98026200
47868196 58126539
18993079 76076618
27219572 91505054
62454806 69323787
25675138 73001117
13352462 89347773
11141159 88073357
7860059 54205381
27409418 97428293
47680544 65243475
11387122 99836978
14412136 98623582
43311882 57451720
10471208 83647170
27191845 38430609
2861643 95380823
12452764 97791798
12863604 96503169
25106403 98815116
59468238 86933575
19835389 57591600
46470348 94447252
16607073 95614412
62688120 97627677
30661444 81048995
2069778 77588371
5688227 98336063
29137181 75142493
5932905 80307922
25144745 37415785
25675316 71271003
54820170 79189003
18066382 76021627
60892187 80395745
24825169 63826552
23142724 95702438
2082457 73797467
7981848 30037578
33452669 64843972
1653006 84531739
16081489 97366389
27773071 41617626
7801546 82880680
8722126 10106133
676569 65750974
49574541 97043847
54156052 77263849
41889941 95366890
4857098 76092699
11725098 95183445
40351107 95550254
183505 46403608
21069823 79643192
16301717 59829197
6977679 21842161
46925468 66675827
35144867 93209778
10027283 25068025
7799936 20773648
29652709 79248375
25072032 48853680
34317407 67333091
6110561 80270640
21137081 41357443
2299487 83038981
3171969 57309850
33777453 39463920
3357020 54446129
17002759 77296826
42963706 98486812
2253496 76541787
7865184 72805573
23725557 83847446
43434013 89954605
19611504 63069860
9300207 99450858
30539177 83533223
47167552 72574625
27200347 31643183
89391590 99507151
2478204 95201616
22256658 98376534
674570 98004901
55242023 74203208
2145251 93857374
12331363 26577350
33325093 42283741
456471 53471366
720039 94989861
12272 99851942
30891625 67607455
62567705 94015940
11543055 43470651
11122816 73966344
24091618 98086683
1010295 78989684
82865808 96084493
9477311 91826501
10946039 53992664
86399590 93348214
11532015 58949808
4347650 71645382
42405564 95026094
36712937 79488068
4127248 10112286
20193255 90614450
13345185 51760219
18067638 95834512
11453030 54250411
1283227 96773329
16954522 17215437
3497739 93657668
38398510 84372626
31422696 87866572
26922735 32968682
40619390 54784196
59130207 75727984
66604 99980173
30968786 76247338
32457278 87750619
10420774 98043686
46465038 56440159
155328 98819339
28470309 59381070
14042150 63138877
5955055 77849068
51840196 85794117
25364375 97564958
10528715 90770071
32108889 78657312
1538141 65974210
53658364 91140680
1011614 96200526
20602213 91352093
77332169 98032022
5802277 65417568
16698660 78588257
40091863 91718506
15198732 44588491
2467830 2830722
61588388 77823788
40721941 68940809
30882582 31269909
11715888 95282743
9705190 87416440
39718185 95559734
3741706 64735707
10324296 82193436
73427321 89856692
69476389 87540501
7658235 92871396
3234442 56755438
82559660 98505254
64410077 71783394
67011132 87687627
908018 84092896
61554078 90917276
449496 97850594
33055 99080864
5215571 84886683
8928712 61665165
3829332 87503719
24408424 83905091
4562960 68543253
50133900 93911859
69595610 75671617
4125114 48266717
24956346 99311119
5491336 94729719
22620102 79951962
4447845 83443440
5649772 75235924
3077463 92375251
75256745 81428275
11725377 89290706
10814828 62037173
4193005 97625675
1662577 86177089
19200166 23036774
233010 98400016
51573462 75154099
25501542 54891840
25974141 93984036
41296167 62659744
37958817 46648714
13855080 17712427
9472209 66674220
6386789 83591290
25898924 68019316
6837589 92917992
55099372 67790964
35836296 55896636
10904826 72569322
23216635 91504495
1050056 94193070
39775881 94678605
42027027 89956705
42023530 55068058
51674815 73480550
31033816 74858912
36707946 63755287
10518650 43600391
52464506 96329730
64760816 71139118
30905767 87302551
16704155 76588439
19629202 92720183
37899195 85555208
7749398 17657949
37138720 96701138
28699261 56787000
5895110 70238290
2582860 80971092
41772447 57730625
43495337 61439950
46751008 57387602
24562738 93158570
50341201 97817751
10270619 85883768
31613419 71859329
46737366 73063143
20344575 93164942
27520975 98270038
23681246 45445917
34955701 78629031
42006106 79163152
83025787 88882636
11317356 31764964
40021246 58888786
16546347 96085573
19890498 95705408
20103997 70279142
17174796 65848918
17847964 53083032
50874679 86019979
53996589 65066813
16906802 73703868
4920181 86803646
36714190 95430026
50676794 86191541
25556907 71557378
272320 98677472
11416035 95095331
56143662 97401251
38223892 47844992
1168394 99663755
2045901 11671963
37893968 75391334
2031368 21736884
3164738 97751008
53510870 57485977
14312845 34218927
8208015 94354321
2283136 93637301
47794358 64428809
6504643 33190505
70865851 77611222
66932373 81202668
29427627 98320805
15510854 91001443
45288322 90999958
11525293 98126555
24742351 38866723
28023166 88617277
92150255 99721512
65364378 65735329
50057705 75020122
15865051 22885267
12600468 85283176
4266847 69720318
15138058 41868208
76146193 96763541
366016 99260191
3360894 94579226
31224538 32633005
4901733 31997197
18381293 66659000
36010235 95626848
6447490 87014385
985547 92280287
12378272 32939670
36322368 85805729
869121 87791948
36558311 56573819
45743645 49708069
11090274 48847227
4791440 35632011
89635451 94320597
18111717 20736716
25642098 92150912
17641276 80348551
12204532 36466602
2654959 77828893
22010526 94403456
37897700 78401243
5700051 33709313
58074525 66480209
24386501 96184437
44369 99981058
14685261 99339985
4480920 95400595
9704478 98897652
2657828 59295618
24257736 58853180
10727341 61383671
25070111 63011783
9778919 84666369
6520450 74816939
53959200 66341959
31354078 89966277
13156858 78497339
16499603 44620235
7664872 54554569
11041025 57324505
4170572 14498353
10660257 96780849
39827069 83137346
17697041 95766729
16430401 87481411
27955493 38326015
10039892 77298854
342277 97804869
40265537 59281695
2224310 89904781
17870281 57692124
42815954 70329733
23043866 91204939
9048821 64904522
35291776 73493304
38552294 42060434
7440874 79601695
7167973 96164013
12391111 53119113
45281657 62341167
36809310 89336421
15476073 66450509
9744659 18452684
65506441 72112037
11189599 68180001
18394832 71350332
3349350 75748567
43846876 91444738
9102162 80800863
8448314 79938278
93786 99515091
3772528 96923745
39078849 77254721
3188052 30958671
27803187 74178068
21307889 51756352
10579487 82644858
60976779 83956354
4566342 33891967
13253938 71688062
1090781 86238933
2447157 71590359
3999736 99762192
55610020 97894567
9152847 79181613
6026996 92414650
29073211 52640777
30079250 87685188
9888523 84297829
1500779 92586452
18784816 33630649
3752891 99939470
825424 75169928
2745800 86955945
62181803 90415607
32336524 89417104
11741809 88409571
39736800 64816141
25602528 90949211
9590177 59138477
71900506 75949672
12337530 24239348
11371371 20863181
14105205 63263887
3815954 78020826
2130211 98823340
12133210 73602569
33943630 93634820
35030320 98688511
4638913 74341174
12480599 47538418
90244 94855467
4310161 91215014
750032 2558392
25648758 74790294
18322234 87741708
47069156 81600451
21207917 84750875
45324930 85957209
1932609 24613140
24158851 90619296
26613755 49241049
19214253 85985844
57207216 91655778
35677363 98236747
1724924 12553368
12335673 59629599
31525807 65605544
11422378 87536227
69161425 89524355
15610467 94529244
224239 36696291
34859360 58898071
18642318 98309147
3067992 58098710
5583336 27568902
58777471 58979513
33784869 80733775
912540 73669078
60630866 60969700
44409801 72366717
3968001 99573838
1425813 79729800
10844321 92993500
5161981 69257029
1139723 93275852
95699 99960916
1217704 98801130
21941294 76468059
16083620 60390583
65915359 69235695
8307482 60820953
540516 86489091
29569326 41248239
23939592 64681000
23170901 87776911
5070334 92763338
12475838 37981625
7209537 65339848
15925406 22032941
3161097 93770162
21204988 77453709
16488625 70522673
56490148 66978987
15572410 82073828
21276648 76851889
26408114 53315908
11478557 94944155
58757162 95021764
4695945 69818231
31911186 65172053
61320585 93811600
8315114 97905895
34036613 53438884
2793959 15367483
52373212 82441327
23000097 95462665
29610246 92600832
60762854 92386335
19224415 66696610
50962300 77182974
44156689 93158042
62945490 92400566
2157534 73971542
79319840 81271791
26936699 31468698
1493897 19776550
740579 35496520
5119525 39309011
1494709 98469835
23144593 75305902
16139 85815336
33495431 72503212
2068479 81141554
15254023 92872546
22849521 87666801
14136565 76934037
1011181 32171920
8297678 81073735
76935262 80647791
80966678 81682091
62677745 95507561
10910551 84605836
19925129 84235950
37950852 96659462
4014713 95896693
7332641 30561155
24997857 59456372
15831915 91508225
55716052 95280450
26466264 48395444
1650906 99571054
33779328 34138654
17320517 21609418
48558521 88373594
6145676 98990073
48110876 64408724
30838516 38442204
12467724 96931728
85092919 95934200
47890804 70718276
4084535 77462759
26493273 84042223
56796941 63350436
25956697 96204560
20210627 76010726
9195120 87337368
4100367 32750525
34127644 85166486
23533493 25590798
25947238 70175959
6770487 86200238
23424380 98249933
4911584 80184644
12068461 15727570
6153972 98495790
80292566 85738191
10775501 69241819
23445963 63795494
12136384 82449780
550265 92997538
10637393 60379687
38842311 65121877
21020661 69899994
121801 93648641
9988981 89346846
35925870 62627745
1026443 96404786
2752540 90892581
19743593 55606456
7274282 89669816
26984218 73141510
32900107 44186878
6573531 13241373
20894433 86754632
12828597 14516218
21554215 40213615
1271431 52955766
807500 94455634
1444476 98868542
826394 62277822
57698676 75448263
8581598 65354825
90394085 98419081
29148551 95273238
29110592 56884033
1518741 86373463
25063702 95188145
30760449 49581004
52282130 64943211
71718092 91786918
52476344 53389939
31040775 57005489
48388568 76826876
64299398 77934459
43374537 62790040
48279097 73356170
56383632 73293093
5507485 58894369
5973535 96535105
35493885 99679230
9502438 75549409
14662620 93182898
18083440 92252558
23277475 66408609
14454004 61345051
75318825 77977451
7217450 98458942
6080572 92024558
5853571 84034788
9745142 95188811
124860 99176803
68604571 91422658
12074695 93638084
29449106 39512873
9520390 97308548
56650436 83608223
1546348 96019523
8262528 58373623
20669441 84216908
9583858 65084068
12271274 88980099
22029770 99694182
10929045 80168147
10343422 58973081
12591570 97566772
6779697 96302757
10437526 14847485
33464340 88999848
23247031 99136870
48212498 61256447
852159 87161899
26165428 78473359
54160189 61691209
18106875 46755202
7154578 59409370
1705806 70911052
43500758 87130684
3444413 56144864
6058669 49999896
928578 98751640
18521019 83183306
36342411 91178110
42606225 60848468
50484046 84316313
10878029 62514561
3247518 38612849
440056 26199039
35932881 78925446
33736616 66749958
44143301 71196635
5766895 66984564
11811439 63863481
1711415 97102404
2363824 91777791
5652736 53708235
3111860 60432676
37762578 39601932
29048262 93103974
7872988 79865505
10394847 48659134
37853767 41958801
52471003 77141730
11352814 23325506
10145602 22989424
25227867 57334083
7609909 94749832
44863252 66739213
30885727 32492967
54675069 56409546
27183891 61390984
35067587 64072742
18956542 63545335
36544466 90634433
2179603 94087909
11085428 98716863
46715051 57161458
7209348 86693201
45019243 74528468
1225106 99864810
23626962 90546792
31360324 36102773
10615074 68837924
16463868 74784662
38866346 72426011
3956509 98389342
19172999 92992103
9445497 15443720
20540064 44975901
32828060 78585461
17245878 97428837
35256298 94455853
5947158 97876716
7222774 36742502
9995501 71720516
6125421 74541160
269880 99893768
21074690 76552099
7127377 78887680
27636378 66067665
6765994 98723098
10729703 83225941
12552684 93889128
13331599 92569590
24949280 66565417
82857700 94092928
9931908 83767017
4156565 67359899
30404472 54662475
29812612 53891425
57446576 74596103
20162448 36112457
40404696 57765802
11137895 81683843
2117810 74378789
21325307 83266239
11249916 84993275
7070475 58466511
1162175 98621704
18607727 95794400
22624382 54088357
8663565 65141957
2426524 43779166
30362360 91003818
7512605 93968535
555813 98424544
47170149 76752965
20297216 88084427
6551981 90709471
462682 99323791
28817543 74427567
31716897 95253482
18592842 82074721
40223104 68212365
17105958 84828005
57249303 67694379
16890221 87700783
23285373 27420911
27420209 96118369
4917085 96778402
13323036 27352111
5011265 72518504
16450982 91437079
16881075 28404996
38983484 86524637
7839664 63555571
21354650 53132349
40332381 97391343
25251146 54837499
11051823 19283284
23893015 66202267
7787713 38468052
28781519 72830586
12860024 67003121
2485735 82819819
25875858 64990316
43485780 98288318
18076771 85082339
17598683 52819006
5588987 87805308
11218638 85862532
4453058 87913105
39702142 90883878
24511897 93427841
1607343 56283241
1171522 35427146
7690080 57736318
3608482 51484851
29970871 94223891
8659609 99826034
44926286 99192169
6022920 93648083
2043473 62296139
3055096 54644051
7742826 71357667
29190166 90527674
46565308 87234796
12262600 90605001
12782907 69266608
32052925 86019124
5697588 96898906
2292842 16772357
5201170 99562680
54759 99805303
7255741 79157968
25465152 39921924
2997302 97822475
22076539 89181089
7949916 63697267
15934428 85972468
59158398 80837811
25867018 98688579
3150820 98109439
18280443 49982633
88957158 99613098
59115204 92927194
19271557 32205819
51253902 93272649
50252992 68410565
18330607 27861102
17352789 46816744
61433705 88591006
34731867 92410504
75931802 80428937
13135388 89112305
2811243 90801441
8766631 32562039
48525029 68170585
6822335 95388421
1653808 79323878
57806685 87606074
15443730 52941574
11622994 97120481
16201741 98906271
2980640 55030836
15438779 18324533
41803908 79927618
2613937 90459748
10763377 90776825
5148462 51474242
24083633 96030797
6123227 96274405
55707582 78146937
46058156 67435260
398590 51767435
71704514 83126525
52849257 96257818
40999137 42412651
13655454 80604313
858612 98196661
50283574 70868650
15674601 77683465
13799226 51487797
81730 50354265
95392893 96476333
21157613 88314754
32198720 77091177
44646757 82676592
32056803 39929664
16929184 70148816
2492166 93537156
34367206 52813810
19575198 94835613
15405569 42176306
59268 6137431
58533439 92452696
71847070 78607747
28079982 36401807
21599072 57732535
24270083 57202911
347738 97967180
3769571 76390648
1621101 95657264
20091796 70574523
35479473 88893718
38126343 57640281
1947534 97013583
17667625 73040285
53748294 76751633
4211271 99706262
67680056 93632604
10302566 88882929
13461240 56198587
3170601 5994547
65492885 83434526
79511561 93659445
30500354 82278831
68897957 96832451
4115744 99524535
52233399 70000947
19690368 85187167
21949387 77306777
921226 80041075
12638802 91842052
6521476 81860324
19255581 26124395
71865939 80179722
10886935 62500134
20111906 90424752
90606162 94606311
64477927 94832261
54968170 57837103
398833 97652942
9023141 72544528
15243601 33056781
50152452 93832755
3941587 95485790
7358900 82500702
37835452 42784221
6227575 8893027
3233867 88321795
34112508 98056285
10092932 88546031
10306024 60884689
1837735 78602101
35944739 55747974
1536900 93816902
40512961 67816318
2570120 88716695
38080873 90690532
22270949 85689409
42596586 90531079
5213814 46533204
2073109 98848190
19735780 76578762
57692956 84567692
646826 78228285
3278679 93586726
12287096 83424886
10337743 13165212
79381499 91410057
15903943 91099998
12746027 95854412
899709 98277837
42574735 45211127
12316030 97956388
26938818 49108786
36671149 83509744
46807368 81369350
20205230 25890572
19171738 64332158
44657085 98170339
36191334 70536107
1788471 95221063
9424493 94348759
8584266 84412790
4637882 97254613
4847585 99083232
8779900 38513243
2213041 95965041
63707003 70076290
6243625 94952821
11831072 81821150
1514523 46661735
90636279 94517289
60247431 76874870
9861675 65243301
2967515 85695982
20136453 99381408
846920 98122868
39641046 89444014
68448836 72055072
3984994 68039783
25019794 96809553
61439014 71720628
63840876 70577715
2980453 51685076
59181393 70501710
34477836 90481367
1263867 93655761
58147563 98730159
66994311 98207823
5731014 67329081
53525346 95578507
42983895 79067944
17862382 62830344
7511654 95404781
58875584 87114929
46973926 82350942
1523609 33083826
11946358 94204746
10778310 97259339
67492237 76355287
42927117 75528076
914239 99997121
14345455 70890053
60311400 90617753
12764842 70434209
67344820 86745337
7306008 33716672
83334719 90978538
34468576 64317694
34098359 53250205
5252904 61553258
38571307 79438749
9003873 81570285
63236617 93936037
25113601 87077550
19443763 94860827
1480289 75772376
22359601 45761221
17104855 24361767
64253083 86575180
61182801 65279504
1992219 65615951
23106184 95604257
20233647 54195174
51781510 94649911
5585739 72560948
22291250 42488313
19553113 73764952
16920220 89180629
15976631 69877218
90491059 97352394
28680805 72050125
32123425 57985232
7211623 94914676
15891322 94523602
9375132 77396320
13857682 41842497
30877007 55976947
50238528 94338231
64498366 75017403
27343202 55011640
1877389 53494693
9630404 47639726
65774925 74898444
5059246 80615167
35213411 79767767
40855271 50683869
3523676 94526588
9229551 26267409
25235205 65298738
8374376 98060823
4375965 11322479
10767351 90726588
2818187 72368978
5342001 81975454
42864568 86599939
19123878 99782908
15955331 96241934
29056655 88121723
44902032 75443670
59070484 60492361
16719453 94189644
12409701 97216572
60648828 88798093
9238541 89373283
20609701 93537761
608009 99446795
67160343 95878176
39869896 70607322
72855330 93232733
79573658 80289844
33882362 99732026
3029241 93092801
230994 97448780
50634199 83617077
18501634 99471302
23864421 80317068
45029411 66139674
1084117 98524151
30462533 35741711
5214254 93811156
54499379 83474996
36540854 83548002
29182978 97472465
12204009 57664206
34051897 67940478
61998121 89557659
3119110 99977230
10846685 75664513
23272565 98052181
26954 87275184
59436394 95688859
8677677 21510233
17892758 60098805
5869144 72296861
30215985 48550390
25441562 95586168
11051768 57000530
20577914 53920232
16700634 75823262
11930642 41519362
27068437 47357293
10964574 60589481
423845 54422047
39242845 56167907
77383135 80878755
16633822 66754764
43590698 94480557
3366599 63613384
33627690 68714018
23550215 51101712
24304758 70984544
15634821 83300546
11168968 51447460
22849852 95172727
7825674 99931696
9220216 44140243
32520847 83996375
74594612 78800975
77046111 88968997
37545233 97467467
14332465 83494976
12057908 30093776
85875789 92343529
73856248 75590179
41625868 90890619
9477369 36528800
25180076 98170176
19437512 77002685
6928228 73547404
2530544 72464943
12216519 30549991
44377751 94099942
22957783 67885986
18382288 48009570
15347459 89384010
6289893 80367680
58346608 85408777
14757632 75547762
46312455 59259676
9924768 16871422
133769 93757173
8058385 20085496
2186393 48141616
8327790 86055274
39114918 70671948
51928717 88442500
45514259 69310136
20736207 89775887
41386037 80351992
1519513 90767450
53211200 90127193
70000117 75903864
16124135 42516027
16211770 49716627
34563663 81519183
36012526 92793515
21290236 63013296
6218447 97218414
15352757 94394956
7187998 96037705
70734900 79303081
11731657 48181128
65108670 99271461
73409429 87616423
13199054 98640584
39961150 93625016
44513175 81080256
87591039 96880253
8918548 17945409
1521009 95935532
20394513 60356079
19775783 81455384
4401865 28693195
2487559 64977167
17562655 20311390
70634317 96244280
20517379 46794774
6166931 80226048
242009 97116505
1207950 99181671
44798369 90756612
59370792 88715940
354131 8646400
29400691 70861143
22992792 33058086
22566116 91689566
50125602 68740287
11192271 63974629
5727019 27144611
3814416 33053005
36031294 82931368
5525813 73229669
18861315 97153974
3166422 96300011
22897642 72490888
453206 15570329
55401068 59497157
9429455 16784275
4200255 58955299
29175041 68569489
32643648 39808745
40825573 89181480
36635637 40067351
25029022 37981943
28556514 84923866
3390055 97995070
832430 96441317
3651580 91652711
13415205 50917630
11161390 87692414
1703514 99733585
16195591 90044663
4584241 99611682
26885001 99929769
23951708 25492741
18440189 29081709
10875060 73744379
593101 94466849
156832 76221690
16472086 46542006
2224657 98831395
3054616 66243855
59455161 91798159
26316172 59542651
6078296 21876243
30096703 94022341
23694600 73187266
762480 98223239
12026651 85053406
85780494 90397515
45441124 99627930
55979473 82394830
1442073 85391650
14539493 88122028
8060619 23453531
5499621 96454728
1121615 56403447
2377297 59840831
615493 16584240
2668540 90410201
11933298 94788354
64264262 91698485
23274486 91043685
3045009 55423611
66135786 94295827
36096474 83403163
44037534 77055323
12332397 97227433
32721028 62419484
6878512 7425651
4099530 50773073
23046594 90612384
20948031 85170371
10102880 74251891
1540650 55260000
55428714 76321473
8643676 71299174
3670234 98649733
5368792 93042964
5099614 96877253
7828847 76622470
51789478 95819968
15146660 80290084
773960 67533872
7205826 64750556
5992131 90741854
43643888 78955589
11201580 97421276
42666514 46088889
34284603 47857795
32426270 36686206
20481593 65132231
34565702 93912358
24015445 88095642
16664730 66620761
33411436 67605630
6379821 67555124
16689548 95632120
64151417 64585330
17568492 73141720
13962036 88196231
9686649 95812972
46416561 98068300
1349637 93543125
15643020 79955124
9931950 64170193
35781164 60004221
37228659 92294928
33414883 36155638
17098630 18600691
33998148 42049990
48188969 50725409
8634904 97578467
70426918 96065443
1446129 77278392
25558257 65633155
14176654 74728985
28629915 86624379
739539 67708390
4688812 53467647
3928182 61463005
5837283 61706821
43845365 93323369
41575683 49557211
17903764 49002492
3326104 86644979
3993896 71944978
301300 99511150
22180459 56654476
23941597 71321065
5589674 84645643
9897625 95224150
33636203 66816663
9921213 79655905
1029208 68970581
60827478 63963296
28134365 86266879
38123298 54818089
2428938 89054330
61172738 99050752
6542174 87517667
7352936 69886847
9937403 87448253
28452389 51848445
22206937 80054838
12972912 95316695
2910719 85825691
26576271 33385526
1555924 88386500
12167725 76113420
6167653 87968540
39735613 69933965
15219962 85084686
1429453 99952277
28941090 67813762
6139026 43885726
43684524 51498672
1883942 98755003
53602895 80184830
35560171 98347597
60150668 98396512
2866581 82008512
68571783 88634238
57377727 73250782
42393408 89126567
5649682 86170170
8089415 8761796
20616852 62387350
1261900 95896010
10104169 76483263
10434451 83723999
6025469 65357997
3744524 75472518
12499873 13339059
1127674 98176012
1374717 28883507
1070043 98943274
22979542 66252832
49279669 52319713
19799087 53418071
300493 97525299
52356138 54938639
70455190 94647312
806976 99791184
27917792 93420037
81544223 96055964
11693275 66302747
51450155 66072900
8997544 19278210
27105090 50703005
48957996 53092894
4798443 63875708
62069633 95884303
77798139 92435774
19720739 92556201
70979420 97969408
72563924 94179756
17276519 20150634
46696988 88315111
3022851 88870931
5074373 99377733
22365078 69183260
11246795 16505231
37144043 83475589
35135324 39870934
5865459 94176330
67533246 77174188
40555015 79630176
37071545 85693302
16743100 46513231
6063327 98604011
4124937 94928271
289945 99449105
912434 46410890
43946263 93400933
1578224 99376221
38334370 78592253
85161662 88804717
13579160 97437770
5892883 62145684
37853974 39237907
46186133 73404904
73892545 89691389
28208091 35024701
9213496 87988074
3627146 98006546
2599368 92548811
155368 94398140
14951676 99359338
17188900 72725441
86119624 93244295
1268466 92566564
25646048 70450056
5966944 89528086
71452765 82539376
30051649 89787537
52582967 82695619
90053347 92430981
45286353 69653186
11276995 99728159
7932250 51739393
20566084 86625965
12843483 99658175
78196417 86445109
39399103 93866125
61552746 87878586
9456730 98513272
20890559 98790862
4442945 88677181
59853482 99371568
23536768 52552437
18754452 71324052
17681139 88912334
7388628 98283698
45608866 89615213
42909874 50675162
8507629 79480795
16855187 95659832
57590440 73538805
1925066 79475683
61212470 98640151
39240854 64361858
61424204 67670239
66686379 90301955
79673915 94117520
18347140 93812818
14281814 40520131
36831500 86366093
8348357 25102349
24200517 99785478
56850056 96519877
10143773 73912634
43284876 55778261
9590293 99445461
52070860 95134252
757086 97563241
1597173 38353996
75068041 98192041
1325977 73172018
9109006 97978438
10324003 77054273
14056950 52027991
36275730 77410104
59671839 83949366
82504206 85124404
9364454 44715132
13267408 66350216
1536769 72198794
17502742 98480516
17829041 76211427
88060958 89157362
51196534 91346625
43403640 80380905
4798263 98546643
6444413 59387877
39567589 69895142
10844333 16489142
6453539 95440195
26498580 85361015
89693677 95582923
73400113 99989121
2362581 95551176
19934017 94022439
4484911 99869238
26648864 93814529
10204202 17531808
17685970 76668772
3353954 60453787
17356035 80533188
2284637 94818250
8707922 47879323
13925421 99870511
89558178 93419187
15994566 74085041
13143461 22304282
10770282 74448152
7768518 70333326
2704280 97107728
53733755 71364133
5177386 5179543
2047813 15024707
1067002 96095404
20148735 67553972
1745752 69065060
786696 59828705
19757829 79931626
64605358 66863325
3315044 6865660
27570133 55974046
34361763 69957526
2097827 81715979
33100994 93083481
34687537 92946955
55940262 95170661
49998841 83718483
3486229 99175034
19403 99777087
13232942 94663929
26622572 99377267
22923657 83759390
74805738 91652229
189724 97987046
41413010 85888021
26047704 87327635
35170500 86904505
22225686 99948767
25466166 75013943
83262370 87176188
2523959 96436850
13945111 87716417
19830337 70172019
58051968 66039413
55767928 79854570
28207735 94636981
2109107 76627836
28744026 85514693
8591536 86980798
3065711 45974767
35606921 84377365
6060033 72902213
60856053 69928501
17084444 96563410
19518926 74602828
20011115 99827402
677473 99790951
6010157 99962489
668357 79845126
127485 48111728
16379889 23389335
696555 79613007
5463645 85030079
91965302 92723205
72607087 76111229
23237244 99984564
256673 99606014
18135393 82720536
56336737 77578225
32886234 99053845
60549480 64882838
16798255 95391437
23809895 77561665
8639430 96660205
52289873 60475242
1955354 72838229
5280460 55568408
4792161 99416919
51399507 56101741
3670082 92695149
8975894 93403442
20859057 28650543
15270615 60775973
14408790 95709528
31784689 96085328
30685219 68551903
91601519 92980269
49279783 99084797
6225965 85938542
43328 99102613
19940830 45605570
67588802 68051342
6520353 98929396
870641 88659248
30280235 93435646
25229794 95574010
54907922 93624636
21184844 23643936
24890274 56153047
29457011 84742170
15993189 77717433
6222723 72420654
74629350 84488926
8817432 94745554
3519624 59639917
10419655 71265001
69779620 98866546
62275981 71151735
548691 89183558
1139604 97051661
297860 99745694
89755010 96608267
69940384 85137411
29569653 67967171
72486994 98936467
5195814 91655545
897780 98171524
8901076 80590701
21060331 74223749
32894860 50583088
10031905 68144973
10359569 58045735
35352647 76674886
8165586 96881412
57415140 86073543
66360247 77076383
312249 52989428
7257 99998414
51906125 68891642
88385572 89327989
82656170 98954594
63283285 91423376
36126186 83848213
61067743 80160055
32747766 68909017
65269843 91232767
20164775 82361291
4783544 13614083
35965453 81136241
48493153 86956882
8387055 95802682
24233376 96353002
3312008 99388708
29425800 90735534
50208164 81155678
6319985 82592800
10298365 99508135
11694902 87148273
24912880 26181117
6978654 9434996
65782136 91686856
12573174 46514172
32159970 40107599
224414 97011378
25485435 49184634
45017162 65488605
49563073 88577150
11046946 81658478
14313037 50023348
40422690 86853534
47839737 48752512
11588332 54603995
506340 87077538
35272184 43493522
44724128 97639453
42469291 84794357
19508605 70593567
53830222 75857109
24173231 26813320
8126076 69643411
17802541 97047671
53562216 57768329
5886860 50329208
61715149 73248139
57241620 60457931
4573872 77119440
56549314 62147802
39955952 87841720
21521947 22585732
3018139 85677018
73740932 93679684
1641824 6292489
11070076 24203310
12945529 97097304
37125199 41333019
2527390 99770948
48897516 83109080
8153541 78367050
2080658 95791112
19952076 49967242
5470331 82230913
1878223 42453058
45294463 92156432
22925964 35394508
5086964 99270554
3133638 93361154
12411343 70575168
14987001 89545358
75379578 95385410
34542511 63119398
72417786 94623052
10807054 85575737
1165138 98957329
70092466 74111802
18242393 50157033
60309922 66450355
18913726 84586236
6494674 78504624
29509288 36378494
3319747 98875493
47629956 89808690
1235579 50486161
35791526 77594237
27478338 85869427
25278474 76075793
30853094 56289047
68014763 95643756
17507331 95895372
61047925 89410420
45350258 84107776
48091124 80451076
18540302 73315933
15910241 19291720
28910809 66102128
1937592 93852906
48810649 88745738
63021469 70716447
43041529 79486916
3490810 84292790
18711235 99589141
2844368 48414977
28004872 44172749
15712684 93150140
21785080 71382555
11991149 12742972
1517415 88090894
24253233 99176231
2022917 87310360
12920732 35651857
38104649 78672340
2593349 93608541
66982404 84401389
13950186 62766110
465853 93083634
9850565 62051687
40129595 99475316
58832771 84900388
63479623 77911092
4012073 94072032
12714654 91560503
942271 68196564
11467174 99954514
31928080 75390627
31009699 56399656
36489143 91818269
16171634 71636113
36891517 48101952
82553236 83556677
31706617 34135969
8675119 40042481
30880127 52394358
21189505 63841295
91484165 94041778
11437611 98155823
2181593 86859179
4777819 76626828
20964570 99528062
11064656 89253442
17790290 85300035
47243581 47679578
7134405 96080652
21134754 67723695
1168104 97526421
7936896 79940521
1666881 97458186
48545551 82317290
1354667 98919146
15281561 95255818
41087157 84229264
51416305 91970493
24703675 67529759
4538568 63407768
29830313 94084439
33378951 67735492
47078817 94958469
15092452 98151200
7602510 80194017
16318388 97408626
2868208 93402538
21476388 33370972
1029358 98569742
11513725 65402054
6466195 82373234
89175548 96666688
31499462 89300275
48259890 91119166
6894119 90683061
26112014 99456023
23816903 72828228
20533856 90827737
49140782 89166449
23606869 85793879
7219579 60022639
27720419 97110566
11070361 78483845
681203 18508218
1425083 97481985
2936164 98847156
16428045 91235179
5429371 98718916
21170822 92961281
47719551 88619006
35908485 97141785
9272823 97146075
27937360 60430741
89915007 96077500
9659578 32776788
1152937 99720287
21134232 88095085
20611302 57949518
67170931 78828237
18325662 49618524
4680585 99627730
5916137 93146100
7205298 82743087
94764 95223117
5070886 93956564
5233829 80785387
1800301 99246203
41093987 41547900
32481314 99175845
55175842 87252958
43042385 88786739
1540242 96355103
44498742 92955573
53423359 93689294
624929 92235532
10734282 48236225
1632329 97440571
7227519 99243357
22986130 47323269
13755760 19309313
38138294 89304891
31443178 38066626
21418512 32187201
14836982 78704317
7685940 40411010
27875435 58491242
21384268 46841798
2178591 92711533
21176726 72515696
45380287 90695786
24899407 82643273
68310610 87409519
4488175 96798513
629946 11530352
7656498 35370151
39133 92464385
392756 60142862
8567525 77853518
20838960 91448514
27737139 55682990
13770588 45442692
89601537 89945742
1767203 96705754
6214265 49792626
44303733 66126363
74436129 96465081
87898693 92409648
13875981 62758172
12831636 78338478
35540826 87632225
25626533 54209970
3492269 99695853
23015975 92465023
20214915 30395659
59518666 96688336
18827860 75031266
87978543 94521773
40053172 98933033
14555591 74136686
12478390 91841549
8863436 69528590
69242536 99887165
68710307 93254014
3844669 54225015
70331011 95791399
729551 99415712
5285482 88531642
7398543 97804381
2702417 96903786
7714698 19118118
16676930 72920309
7975944 91026102
19915786 99692251
3013519 70309267
30116484 69252359
40651064 58052874
87810003 94065046
35045861 97042783
42593023 54155024
41910371 75354023
2359873 69988477
812704 99760248
10203112 85251029
5601596 93417570
31301053 88915031
10600438 57419067
476630 90463697
49731213 49989682
49699939 76234041
4671532 95937600
23345279 73000340
35250635 40955222
11789151 52229019
74310540 87067431
13399933 91411157
21521609 30106631
27200805 48683531
41687771 82428268
45217641 94602797
57892624 62214072
20257793 62562341
90326570 99102103
37908534 51675260
79196754 91188388
14627034 75013068
28740777 89768804
29505561 79328082
5750639 84821927
38448992 95363741
5318307 98423751
69551617 95888808
20412687 88522053
61807093 78756305
3810378 92239866
17967847 42867595
49481414 98452841
25653074 51092221
5854680 58628509
4266265 98397040
5757930 88836533
13422602 43114329
7323538 59511521
5076362 90930144
40083619 67226552
42277291 52127306
6269025 97196299
1572346 62303124
36198448 45397658
29447925 67290263
38189250 75916403
4276611 87141438
13110711 91701756
7107889 85363271
25125802 40053641
36457523 55963027
40533313 92293897
9409208 94258383
11089459 86348250
28712818 75686052
7104469 96262301
76117081 84737514
48123475 80269439
31771759 89281238
4301739 86850325
230378 98839441
3566905 65063426
23142632 78576966
25260626 33313009
5850662 96753412
24576531 87586419
15619497 87670308
9255539 94898876
18073913 81821108
27899301 91148891
7204689 75929396
6037471 97532484
21662330 83027726
488761 98011762
3049708 92585712
42005357 83571989
21075246 85778672
57747614 61247770
11074533 42738137
3156524 24209083
261363 99503135
11612810 49474590
2960125 95529415
193318 52047029
8409211 86066427
3078806 98504261
31479261 49957483
3956236 97070222
2755715 98643435
20453614 69068390
9514197 95611407
3847780 57889207
35249452 97590245
7515662 67932665
10037233 72550305
9441787 86431170
1214965 98505574
61314895 64376498
12657472 42454105
1098506 79956552
29253006 79400990
31783668 93539351
21426044 59712874
31576958 73451495
46468419 52829619
24139034 85117416
35490259 42194685
349025 96827936
71882283 74160614
51730536 98828858
11308736 45405874
7989283 98905486
44489575 80138054
3179651 76330795
25386587 73351958
22616890 86210286
57954046 86200547
21546085 42140404
32431212 69546698
8332855 63997370
66546497 87961614
21356888 73033986
17687285 85409560
1893198 95725307
7640608 89679169
59795705 87490902
1038415 99093155
5621068 65278276
7181638 64351233
4358024 94816854
9392658 97430893
52106240 72469807
13648 91942030
1473850 95212758
44591710 73460652
9584352 98847892
319560 96173393
84629590 85756806
21516120 54817490
4367160 13452055
20288136 38197884
9600858 45341657
20285411 96830921
32666545 98121133
4964274 99362719
67367343 98266220
40049034 74459768
1764577 90417527
28488441 53532060
23244346 37983768
55566174 62700187
35074396 60637709
41189320 60658039
19733196 64859644
5533951 63231609
5323782 46142079
37330259 73293801
62033 98533284
38974217 84594535
13913862 24822027
17489095 69191591
3368233 87803613
33887345 49155671
1595169 94330252
3533512 98073478
19400996 21333027
67955941 69030861
786669 97191166
25714565 43948122
2209067 99916796
12155531 66334745
589204 99697609
8019904 72107625
6368808 84332841
15537393 18191552
36876692 47059532
39529603 60427843
22915464 90540388
15070577 17811992
57487521 77665415
44157581 54090512
23409629 96741044
4658356 60233543
582161 77022914
38005320 53264788
496628 66064492
3508324 97917127
7564807 29824638
1489178 97820593
18828618 92055048
67821436 68702309
9625375 55306076
51480307 69220782
1601336 92934099
68307205 89874999
671632 98322490
31239233 40782119
1778311 83862407
46525837 87582670
2603542 98469129
28658086 75753077
18525550 55950778
4139355 98594834
20258612 80433065
13779 96798029
5083562 19555149
2592471 99056668
31793557 79056410
8758290 19563243
9948517 75327407
30693165 84071964
2601114 91070734
4147019 97430002
72303 99994933
38147170 93916272
4384838 96754628
54885221 98169486
15595450 61731028
15617101 99922322
10103751 43009920
6023585 58965643
7039496 43383595
7603117 72237931
16725267 88830139
49333475 69723818
1585684 89595748
16437742 97574055
11610374 98032763
694373 99601638
23474954 64959174
1792835 95988962
91314716 99076064
40121474 85191117
37660611 68221442
30731333 33467123
21412120 73945633
5848390 19600526
12571384 51210150
23190662 79428793
19533973 87216712
18175176 54441399
13726551 75791403
54415307 55652493
19537341 21507839
8249997 82219452
84394589 89094729
14980236 46528857
38427281 71281222
21443767 82882714
5851853 91138870
11664042 73054802
88202009 97299852
4821896 93975492
41721869 77390084
609580 96230719
20636733 71920923
6862269 16481205
10470024 11974886
28849740 78754093
15697100 73273881
2835113 49689523
79074096 92253945
7659749 87812482
5908822 84227906
1122099 99847945
2823740 98274078
8547368 55289067
21530783 97628668
26252717 68230561
57756846 59044972
13448730 88815684
22999702 63390225
27992659 44162294
13951379 74576837
6642269 96445041
29887033 85451139
5899110 91183048
22870761 40844223
1933657 70921190
9793099 58337293
22935198 93667236
2149731 44665977
15756753 78186457
33151655 74976864
26276920 79068719
10949731 94202804
10207660 96239756
14308374 39074696
20584490 99103019
4190905 94056182
8126308 95739623
47365009 88470129
2478847 84808607
16091462 93817057
12770997 74143038
5676011 79355512
18932237 78584797
5654215 80640639
49598180 99398867
15558456 67320993
1354901 99558475
41108712 47659563
54731654 72411837
37788991 83359088
455337 17745156
7847537 36693440
49243320 88823229
14044728 99094429
31170338 94924713
13128836 97805595
47844033 72688147
18134743 45104358
4216149 98325085
28831013 79437691
53816391 83929059
45286863 70792555
1907876 99860629
3024988 98120065
17789079 31462362
8563341 99927722
12687894 85860268
19918604 82655265
40870050 59558968
6126161 99539904
2081161 12955592
15226467 66822582
25680500 96131556
21617147 89012682
46614674 73601407
2128665 98139815
17091006 58761313
2531807 49242961
7384545 92027013
43818722 71683153
26836321 97581318
6194743 86564198
2661107 45163093
69697516 97768396
87592760 89967465
159430 99407931
15631249 96059988
11221526 90456960
607574 97619330
534108 98223553
2331159 99984455
56160 94375292
3831381 98222033
2103367 83561572
62765385 82543441
13761634 45920457
59785573 94286190
34244882 60971126
21536252 89192282
1878241 85706978
3053500 21215325
70812162 98475814
49276975 81818972
1400436 53848309
3563065 88645045
21373973 39309192
9894265 76846986
37356013 77099803
3449787 99914696
43514897 72513907
15642629 45605397
26314476 93453691
37579575 48519166
48794809 80653442
67858323 92608339
5427628 70533042
2896657 97951272
39619612 59525621
38538360 57567502
39420399 82867366
9381 96342055
17518329 77993039
1570563 97112071
43717932 59723967
11981043 70395437
22768318 97969066
14268760 66541259
17069809 62669771
46307603 99403152
42646323 82693673
6383431 90587169
57134556 68810452
21058120 45400461
55413009 70583350
50033165 81122259
5838760 25909267
25619533 56864360
23341621 72767433
18361888 35594812
39786638 75859228
18760837 23309619
27925795 89077163
6523889 96068020
482577 72471463
2469119 98326398
5032594 56195582
12130795 79162601
13764287 98884646
8659692 27522667
43496494 54157660
10259456 74889864
40529695 58341707
27760055 91073849
36092129 98424711
1647742 41532971
70630727 78366372
15539470 99799447
14610859 98097227
13250369 82150055
14559623 98897482
45484422 94779669
15372928 23408543
46630864 86042407
10273647 83277133
4759766 34030857
21950485 98486265
4004557 99145659
4407688 97947226
14415307 79741265
81056 99289856
3853749 72651969
2005806 91401559
28998383 50039623
64499158 85551025
19264944 81245849
34171231 51051371
3210912 89358480
6002041 97356973
24652142 82795555
3350809 5254361
1223240 9196421
19718561 98800334
21423726 30836652
6723836 80821584
40979469 85647049
2730284 68364509
120604 99584288
44795920 93107359
7597553 99768185
3527427 18172134
8202361 68561850
1632537 58719337
8187284 91134812
1890242 22141311
17034381 87292697
32908775 58280809
26682321 64191827
8505617 70345432
27190885 63058159
3152293 74545741
55951622 99838560
41774638 77289075
28063642 58897271
4571030 80700835
56276110 94913769
4723790 64359988
81884416 88249295
45318950 63494565
11799281 70568003
20018104 74680962
6679753 98882344
40117677 66582642
46998331 60988963
6698492 97874837
8389000 68816960
31281688 93046649
25514177 96373075
4443462 66169999
3885182 58966074
4720868 29715134
7264643 79901743
5433753 95275137
13275944 87283529
36127425 46692948
4174086 92671186
28218811 86515751
35271485 40990501
47325919 95482302
70157124 92748504
15353699 90510997
23665284 96752275
8686551 98483530
13993816 65673130
27733564 94829771
8419878 86547689
10494553 97593242
67226448 94580446
234233 71229624
45104672 57162200
66715459 78123132
3529163 8086504
40827756 76219837
1778684 65924921
30343340 91273026
19788381 79852756
25293323 58794500
11481587 85815136
64887765 96451849
59978123 73286853
58672407 60090700
36474525 64801824
25697239 87929506
12170789 99120806
29634525 63271319
4864022 99669148
4377191 54049907
21226267 92730410
30006297 38044360
30337555 42461833
47133028 78093884
19920686 49756529
7588195 75886599
17035535 97858938
271970 99765733
6075260 55839693
14752259 51323882
20852550 67207626
10683110 77943461
69066050 71413103
31300477 56712657
23716875 46756169
49825651 70514970
1952515 94749296
30535 55317369
47224474 81943445
3936512 21750334
14129536 24182547
37090684 75421053
52440585 64442496
2794676 14995252
36762757 85065958
63741530 65276948
26765176 70925086
39879113 98996358
205636 99305474
13852326 56456082
20924960 65736626
69671736 80802805
36247856 44698899
18074255 48429183
31647054 35462584
10532176 70464988
40718144 73839411
20202713 88542006
360277 99854928
38942976 99218491
13649874 26899432
58809752 83360822
1161014 95875092
35822849 69870662
2369752 31393133
3578020 90076000
45192849 88375194
17107768 93587429
24876576 75567900
2734030 29083493
19108994 94060277
53395577 64821685
6876100 91147048
4028087 97982298
34923812 37232889
45332010 80474256
60249199 71393157
62464989 65384268
10887622 81859573
1956888 89633055
1647394 59513748
3151443 95882673
30925629 83566069
60213176 75155688
4063697 69494627
44573199 65997534
34878219 53920397
4552072 93529128
32076492 44663099
8738186 88780274
4592935 99058131
10600486 90721034
4505154 66475542
23599269 53609919
8246809 60491787
514557 97726148
1591436 61922173
3644382 97644198
16574279 97069265
1016271 67448812
56196153 86691714
25332438 36756066
2139516 96996210
5905048 29860616
40310602 53133677
15517372 88431628
17764435 75957641
48865153 96453512
24719737 58744405
35175084 75747876
8884026 20016146
26534396 30340839
92062463 95877324
76313350 95705110
11815565 47057090
38481038 94880284
656287 90777638
44027624 47561079
26550020 85972674
35523227 37134793
4278819 84329495
9954580 86739119
39929672 92507604
3791264 86833833
47784864 71683852
29296170 70657046
8581147 98544620
14254517 97376138
76242105 77870706
27156038 61299364
381803 93783473
12645920 97363486
2760954 73488249
68265746 85020598
8992823 31446432
22652916 62997860
248015 73361564
28352239 82241157
9456142 75300869
28489191 89577060
72682004 80486423
7465891 48585564
9025853 20487658
68515475 75707787
7156261 91086534
20914745 87971072
34236013 92258747
45634257 63403096
18007185 66331496
3140063 98392303
5877389 84880847
13192961 88706471
47056533 69749427
18246499 98083644
62047547 90257710
79137185 85722482
41232989 91514484
2540300 98570572
44054230 50807322
10642857 83086187
24147042 34512260
6737089 91300797
27098745 95532206
43451993 95159548
3225555 46687782
4408560 63922900
25125831 43503439
16465477 62633632
47978928 85461074
12596529 98741591
11526613 88654187
1094358 87778408
36233472 49108146
91751179 98162950
34496873 92078593
9088366 81079995
3058053 69375092
16608452 97538881
9992595 57231342
45283580 60541890
73774948 78173956
4216740 75291644
5883756 89549081
40614394 80774102
14419143 51859284
27333358 48873308
6629836 59682992
803626 93989224
22751061 86561521
30470049 76174546
55556179 60709008
22246436 47316750
37026452 86193642
5317411 78129014
9645596 24758189
1242664 63773651
32493691 71043982
565410 91206239
36440094 70060835
4887414 50367636
12833808 74950259
39156311 92311087
18330997 91361479
5751434 92071631
12434788 47842348
9398142 97122516
40955588 46115646
24880356 71569132
15349822 43839179
37597298 55851641
13286085 32070145
34245368 95244607
83739726 98378506
16376886 50789698
93484829 96044668
27678960 92586104
35397906 77586452
46284163 93740496
11143642 89620271
9714932 63683050
40835289 48210987
7939405 89003441
10842865 52515200
1581402 21985844
12971376 95985402
6311971 40753931
62861015 72143671
12545667 96625864
83142817 99305281
13259550 76183440
533577 97974845
20846724 82629461
33455188 71530111
1262111 62349426
6295974 62369177
8444097 24188090
2018526 92352640
7541192 99987159
23566411 45872239
12071868 19679294
11690941 98604078
16683061 33425551
67332369 85179388
14225264 74607219
32979800 72333933
1108505 99159046
2290881 99605673
35027341 71530916
8197975 99969841
8319371 32816380
43373262 88901880
11279575 85916847
25178220 97953294
37347741 98158947
1846695 99714091
30686919 66486103
74310103 81400507
19691418 70242293
12711910 87646962
4231635 79397476
28924611 37683967
50750703 98060972
29507081 67313266
34787594 52091360
1123693 99616213
2393719 94432045
2742560 8028368
43688787 74409677
13923476 51584360
82802094 98696928
40918162 54603847
2125329 81361998
18185937 73006250
5183830 67075242
9701552 87673754
57870057 73339390
2644717 97553881
10025868 92196673
73045137 75422751
4070117 66324459
14453110 99917048
27739304 81211428
1839507 59518505
38124291 42706699
1802204 76216915
37961448 74502213
61391743 66695155
25842228 27951274
12108352 55435908
68211224 77038587
85797306 94422110
41383441 78551733
42865228 97200470
5212236 95584104
29959824 92485341
25979176 83921633
275097 99568342
30271468 65552606
53179335 77690138
8236510 83449419
3208953 96940401
20357453 67088455
5012649 99327170
12456653 90296158
72307306 98051556
13665253 43626063
32188396 52788251
39483329 86531595
6339496 52384145
17938794 87130401
52136736 71401615
1515287 76246024
79041279 99972468
31917177 93174533
17787970 90227216
14664867 85577848
48152662 56728505
2872260 68829984
2693224 80733216
5161566 98447077
2933714 98405077
7885828 45415262
14670474 84512747
1458869 95798043
66557469 95385596
17950125 78187420
20060050 70435837
4668597 60852131
44747753 66117426
16120388 73283897
17501502 93578541
14827691 92000750
6144778 65085235
1786378 30394754
411582 72935428
3225046 89265816
6377604 73565373
61437453 92224156
39271849 57362092
85087399 93242085
32450500 43882785
8864754 31049027
39596545 72546818
50190786 52022862
51146049 94773344
1143435 70986464
46829354 91862303
12710962 64305242
