64 66 33
28184484 51951786
26496741 88293146
62886145 92601223
11634459 94153476
44372739 70034436
7940969 81744293
43682687 73889106
8895246 90040238
42794069 69035243
64280909 88717174
34358851 90781513
24851783 40487180
19247750 55985275
50435033 93001196
19432620 98377604
20357860 33467445
45645250 84321303
17389783 90212091
23123076 64850343
49691703 52440040
2806813 97249195
1421811 79981754
226970 93350812
31365096 49008301
10131368 42771920
38763868 76891398
51039494 96507993
71730839 87757605
9736771 66572058
28600857 40717423
17011729 76329913
43974549 91459118
5472275 91078556
25315387 98306876
25378126 71353444
2730805 85512779
1721009 76061391
21612564 68334738
22575120 71874684
152832 54441148
38116178 73684640
11735917 29302043
20444305 96419080
38164089 83968794
12594718 18819596
82804119 95308356
16874833 78993843
13684350 76989987
7089172 44620242
2421723 26340349
21570959 86910141
28067159 95911437
1698272 99705981
20796118 71230564
28796178 39182792
26841205 83997357
3775830 97153843
2544994 96988082
400679 91961344
38630479 46698069
26554463 40816302
24530251 68725495
14757113 80651267
5496149 41193149
37227758 57980443
29593743 92875474
27992722 68215373
38233908 77980369
30857266 34375745
3958678 53706101
9105796 85725941
8637147 20860455
2101843 33762648
54614784 64678800
70318714 89954652
13304978 83826859
41251434 61002396
42011 99756146
5872661 97842525
21194093 65549897
49027954 56007572
23248078 49247777
40411116 48308052
34842948 83282347
9598949 48830979
46186667 75604416
19584093 64191721
4688662 88610068
1867850 27092632
60460303 76237582
12425228 93678678
12058963 50318746
10610895 91739260
15496125 56194502
45143307 67775457
32406181 85562697
13330227 64724129
12099700 20967346
13653366 96873621
