3327 3090 1909
4895696 92866857
439101 90082874
1270357 49538110
38160767 71944254
11879313 93290323
1017227 96507395
87448298 94017883
17437560 72537109
4530570 62352632
9132166 88407749
7128436 93493760
63793744 74416781
14648186 50571662
81126443 93719100
7898926 49442437
2716435 91058317
28312592 88367243
32233626 79481245
8127372 88501089
7653031 19755519
9065187 80053904
2724729 89535532
7548339 92617773
20054545 73259007
49824794 84551571
92403251 95644125
2888729 81444130
32095273 63190641
9754777 69165401
15051415 81874751
48111592 99076478
77688978 95357089
940211 99864741
42609891 84594130
26760467 76639665
47891240 98624751
62497699 79509352
61903021 64614132
20001532 71801199
62098234 84512170
1834794 91498432
5003970 87087362
34738349 89730966
72995073 90823016
22709387 70886695
18647853 71972475
215009 98659154
28040657 63466738
17521192 46148063
23216727 95180226
62624512 93578540
7443150 95810388
342210 94125335
24756193 98288083
6880648 83016582
63175782 77806684
27227160 76258530
29704385 49331740
51360566 67045675
66362673 69407677
50811363 92863787
8757615 85974099
60203941 86268477
75374030 90462394
14017536 58048349
46617810 63654747
28758013 61922796
4581090 61778530
57387810 90055160
16123073 91990511
27408693 76115170
29467421 57546005
21024646 96908609
1437853 74193084
10633656 43693292
51231002 69470500
17576175 90858306
24873444 66294435
56497269 65546921
12804774 90319512
32051203 94951605
55719225 99627226
3233208 92448784
71932176 72341271
1769803 89042767
23923398 86625347
32324589 85478186
9337068 19549645
26073333 93586103
19591952 32628952
784921 98530068
25479658 81367823
29201208 66446784
8633786 92421292
15187311 91312117
14968992 89501920
13637518 94448062
9007715 99787802
214358 97094024
21308831 89442210
28276845 99782223
136890 81610172
22857989 93865919
19154090 95744610
15942184 70209469
1652186 87256258
3953977 39708815
11789577 62428833
47523168 57921785
3594911 62281796
36803327 74315145
17466912 71375058
53691152 80903263
4710 99965168
72432976 99401190
37062137 39995525
1255744 83843589
15651183 90534788
17519297 38194744
5398924 91189363
86804762 92411350
86755343 92533546
71629644 80401655
28473050 36761748
1066536 97503879
9462361 53339283
41557457 60970939
25536853 90306764
20291616 94773179
85699274 90936331
27569257 78561368
59036419 78489429
79239979 88729282
35608516 72557843
57956303 60302242
55222043 66006064
4629495 88834738
39854397 47304569
16238405 53619318
17928815 57315329
27508516 58704590
71861810 83191538
9289885 86856503
33125602 36984576
42639971 92161160
7218011 29338806
30795786 80222973
12541013 63278527
31993830 37074645
9308883 28354700
12839852 49552040
40400568 84498199
61189834 76611366
3511095 84415343
22827306 75602958
17290098 86090272
63605821 99595017
4488201 82505755
338181 98220126
31678597 74542769
12601346 97249872
31700829 81192772
15417294 94884561
14806215 69150505
32039502 99996365
3974792 94706155
6823041 51084450
64101499 92173106
17273906 85391287
8654823 88603837
58903139 80071657
1954244 99258240
32892520 61697761
24616703 87424916
3142875 90419764
42313284 53332212
27070992 94188923
3640489 95930057
20677517 84344152
53172656 84237428
11895867 36545004
4458008 75643431
57753574 84648291
11661089 99567124
2655166 64199343
21278509 23354462
19987392 33965328
7622211 79771642
55756437 74019952
1012486 96385858
9097037 98822715
276782 90302226
57762745 94171252
23557264 92153387
7753810 84337675
58423778 95101728
13056090 65960760
35958884 81744531
60926631 64798127
18874907 86149399
20173840 76183527
1424220 50550647
65698525 79386805
11448266 53110387
19869510 88959249
34854621 62055998
5867706 94525568
45692286 94613566
22298039 28293300
34054455 85920707
23575650 24421836
20664109 97669060
6393839 27465057
55957854 87368144
63433912 75967969
20248811 98802360
47745863 88187927
37790433 70973837
387869 99067945
45906794 87372806
12414231 75043970
14204580 98498030
11546979 95753056
8479186 45099532
35539625 73451446
25875004 84043501
47642088 85490894
52361443 69555855
3644018 99827218
28370440 89595917
14489456 83868143
21485452 83290716
79818810 86284701
7310865 98859081
2456322 99286195
31269338 38667532
19746016 42628130
26523283 47671739
53399979 76887260
1013849 95068410
70294098 81537268
438148 97473423
42859489 44864059
53879200 69229698
79368807 97079446
8936484 89140548
43976061 62444530
32638725 44323994
15325527 39927623
11983733 87614031
5005869 36898088
49473033 92866068
31888747 84261160
23924453 54283099
18059729 95986170
12451572 54276300
15731966 89931467
14444468 86489724
11629245 25721888
12235696 36050185
31649239 42958292
32579375 61958952
11969754 78701272
21397371 71403500
59306593 92560585
23577346 73059483
16292479 90393958
15091546 89618061
10592421 98790796
2095384 72863215
31065778 72103154
7077672 37903761
34804337 92264133
5812528 83697044
7903879 57937539
7540069 92127459
28797693 51859535
1509812 57372092
10458289 66955653
42455760 94687988
7731662 90742036
44662789 91938698
37000137 54783003
8776939 21042365
248341 63897343
34552311 68900146
6813648 74348277
40189568 90522683
24847671 25079773
30165466 38904030
1771554 91920547
94254070 94631286
19576593 66527862
79370662 90705599
18751355 69047064
7829679 82680517
13102610 18205450
10836448 40039008
15105458 57216858
18694241 65462959
9442223 96827426
5245065 81000971
30822501 69694079
59093209 89968102
34550527 75014809
6840141 84318177
37677749 70734630
1018553 99086046
28071555 46756208
8236480 21784828
13315813 86467944
65657126 85371554
10171702 81939948
5872321 98778089
7054728 11329651
30413172 95569794
38314456 87142176
10634070 98915946
44229857 98635962
55891472 84181375
7104918 94610601
5124448 80750037
66602281 69155927
31972255 39419940
20066489 74984540
6808858 30287993
27304313 43877099
40435236 67423846
14302955 96446438
8775643 67745347
8924449 81066206
9223593 85609752
68164321 90793208
34417485 66658943
37876618 55101836
4575684 42418397
15232408 71460845
27118869 93572864
10765638 72073463
18133331 33279670
8709249 18097823
19537008 46917994
8904580 52712965
35976540 42168375
58189810 58302120
36096286 51920292
64371806 76196177
27936486 53377441
60508525 70604148
27136187 93039390
7527808 91295961
20419501 49100686
5461576 98298359
46068581 55904576
46758534 72610434
51729186 80146769
18921505 35188634
814710 99596463
26563714 67428084
17411185 91748842
23809089 72902288
2325993 87109428
4152890 46269346
60477609 70569596
31411930 86223430
68712880 82621027
1238709 35681113
23029859 93787686
3323606 97605101
3614772 97772252
28604166 86088962
36376768 90904306
13893843 82546874
49240907 61348509
4529020 98865675
4368312 98878896
41543266 70088615
5446955 18279586
47816218 72350866
34081850 48490776
27990959 90259048
17771087 55885634
16387454 87479116
15400672 63523641
36620488 64407720
11337136 89358400
2676922 81541834
5567462 61748249
82727813 84821978
13698198 94529199
10201438 90812542
24179714 36181394
5641195 90580669
16420520 91603895
87281572 94596175
34681301 82385762
8162090 69484321
20179427 99797411
24564988 91668078
11568227 79310991
12279164 92628462
7935093 80735283
2863722 89299109
4260726 82422504
1268380 92666592
14551618 87901004
7730594 51846560
11027499 26971311
412525 99869697
68016303 87902276
60493140 69241607
52470878 76899119
53591858 93604588
1051206 95475795
1978631 97379309
57824326 97466061
42578458 86230768
81052229 99134623
21313313 93359713
8404387 84731776
11398682 81080306
9379007 94217709
183825 99646344
12867218 82821772
1025993 75950479
161601 29478891
4350456 60053482
3487066 98759837
56026318 97219759
26774250 58382397
17103916 72977735
7847890 95691240
2495186 93857416
36357408 56879500
13455983 60822866
23215043 58158587
26516423 84899231
43245359 47821126
12306553 81953697
48270823 83243171
45292457 54284763
17688498 81517293
8133597 89294697
59207764 77759961
3976163 91590364
30882196 85428991
17829118 94300362
45782094 73361316
3699331 89069126
3277578 8008076
40869795 76279849
4075051 58875436
55931690 79913311
684939 63740118
10156493 52985994
31749244 44820190
28585271 97807207
27776246 79819934
48159358 67070223
5818090 85823280
75673826 87119409
39933692 51309006
60431829 69618719
34109194 39113858
12180540 82397317
3364644 86058190
58980533 67084585
52384828 89545332
34790302 78795619
6359844 85732984
70693488 71777547
55105072 94776890
20113607 81530297
84969852 95468050
45264666 90484145
44377982 87699086
22159641 46712818
44839052 87926920
2330440 96034948
57385088 70172043
5235035 66015587
10620726 39935447
49358943 79672546
28007637 68148710
6242489 26015401
380613 84785995
12328232 88724156
9936815 86010138
15202038 78788536
26736886 46475205
1655232 99998851
4257378 83501887
30881108 41746002
5760822 99000550
68857252 97240750
18569726 66713452
26831925 36910828
28900019 96229563
16348318 89385912
68470354 87164041
2664253 96868246
11711960 94511697
8222851 79562166
855393 99809284
19871831 66226821
27591541 65904668
1021319 87106930
3187926 83267306
7021992 96957718
2623142 42293132
24542200 45822259
46202897 89212327
447851 99926974
5719773 87510526
70723717 92023659
6855250 39105971
6962154 98353957
75733225 96603493
7877714 69500835
57141275 88747550
18233623 96249496
58994892 68113883
6373963 88567718
19905564 68721414
24786921 90814046
39658569 82165645
27886274 40279858
18613862 49362827
6860490 83670228
2835688 56593431
6600936 86364444
8120271 47414052
40823984 92620633
27249964 41043716
62244119 75371967
17109027 99261223
12715737 98182983
39521902 54356051
33004033 38077431
25302066 70775236
40787508 70605361
202945 99322286
22445341 92727781
53994302 82202285
40574759 87118982
2558889 71046906
5611642 79694961
1135947 10261117
414505 98479553
3316798 92337290
3903684 67031653
25723554 69625111
133139 75547668
3926471 86356202
15995220 49730386
83485899 92750281
16812631 99353357
7937310 94872126
12829081 45705227
27421597 61991649
7858324 44814029
7477356 64900929
25221551 95572976
38730471 93195721
48339953 80231459
648620 98051718
21120142 91092957
3434917 31173815
248484 97074409
16868360 71731983
13380509 77829852
5160505 25920872
3002201 76120930
24428626 78847440
3946678 58184984
8160745 24977828
19430498 93489398
7668438 75837012
18569715 87304346
15989010 96277674
1274336 97915673
31071825 69167936
3750512 99542758
63147410 89451531
9621446 49377276
1202329 99481184
18899083 81232885
35085728 90293010
10451564 77301978
17683165 91382609
13038567 90773326
31051363 96080978
11530604 76707412
7168538 79872122
42501146 92191562
28014022 79076814
48986926 93832371
356469 70721268
16802575 87206821
180078 7717144
3978318 99381709
63059871 88893499
22022611 22849375
42355560 53196853
31957676 91050826
18682496 67864926
4024950 65825238
9221188 41819307
26577240 94474899
15531265 33078788
40005245 81831065
51172366 79066552
19561744 87742046
32752015 34504741
15179831 97836568
4378166 97218100
33232490 43083981
13027640 52562965
10370099 60509272
17178103 55024582
27151330 56094379
14070669 64539695
4774058 98359365
65248488 91300149
38890348 85173241
8410134 99455136
64464312 91180705
33424069 98654104
185452 99190845
15230277 53289864
5286363 83493280
2214363 86833022
13120296 93293685
16065991 97165784
30848300 52088722
62473361 70018951
850799 70846286
43323468 48630546
35658013 60365822
62064799 93982565
46265532 58970352
7363879 87781818
6385155 48865603
13930819 94039582
53192551 94685198
9605338 99848741
57412526 67949320
12769651 38388688
44384850 79862930
87958 6511457
2481059 57538898
39877661 85409879
8097557 69491266
31719700 55058370
227023 99913376
12294732 97810848
31585000 88650087
7868289 98552701
1082149 99438844
51179118 85709943
23973327 47879846
81514869 87571370
57545280 72469954
453416 91894982
3521619 54449706
2610545 81884744
4387986 97628266
16594519 74529371
5721387 94390338
23168943 52821034
13404049 15225708
6605400 38802638
239111 99625769
45534800 86847238
21856518 86637301
45438483 95073893
12223903 14071010
41482452 77939570
77398285 82663352
48108492 54751799
29760596 93665146
9818473 89061291
18051439 96519499
10553150 37470970
52172179 79940661
30533121 75416552
942864 66423623
263887 99462276
14175807 26236652
65191082 72531854
15710545 69357990
10765686 96976704
23922859 84556555
32816953 78616347
49340468 99089381
45871617 83117351
30963956 73372824
5916385 83950814
4068872 46671631
5279866 76642405
16018070 79559362
59237208 91768701
27722936 73240685
33827909 97445162
12130944 98630735
14234687 92472073
2365703 96241370
36129411 73755524
16957516 99065118
12548605 71297924
78134923 89704474
38527652 90085163
10479783 68259337
73770612 92969461
41395710 90894056
18479741 57473231
17943515 83946593
30263698 92120392
31481804 43289901
815198 83180350
47448098 90633265
65364104 73390322
43341485 77067218
34565348 55036948
8885323 82755417
12285123 87175198
13162043 76376528
12811796 76038064
37972153 75563075
27392209 74614919
32202805 80773577
49032882 85169190
40947396 90019650
17793329 41343080
69988846 96121421
51465649 69623141
49321932 50206473
68494763 78030254
217374 95981456
7897762 90048524
94296044 99090979
24129179 76566431
14611065 87045591
22875978 42968832
13415862 64805072
57866175 92596343
14578707 91643387
30212671 88908356
31658241 99924437
1563161 83775205
57880455 58317300
12091787 17865052
6177041 31800296
9326496 89620830
329132 98459215
34031189 89537249
61098466 64328294
15279970 51212231
7802110 95738833
3148338 16297432
39684577 46678888
28571236 54995441
3396223 98913891
33213934 44361332
31860870 36719848
31642559 80861232
33750921 93441351
40778808 60512411
31011034 68752757
3522831 26082977
11719401 59035641
18746039 68220757
5998382 10518408
53676677 69441710
6556542 58385270
28320860 42021144
18174413 56127533
35532737 44954492
59878707 86923409
25941737 43206076
16486670 75165205
747823 84326978
91060756 95994606
65797654 91582807
24878987 28748698
35427701 53328461
13997559 80949517
19133092 36474935
31775091 84218892
3900054 63539811
2719446 39605207
45002634 91852922
32845304 87676041
48861822 65483833
556001 75913081
404401 99511005
7018386 31759870
8885470 91018916
63189384 69355423
35890976 38055708
5744055 74074188
8259874 80773991
42944431 98874637
18870826 47741014
1857799 97705058
31799046 86508698
21716993 56448675
23425418 87864252
96469600 98590869
43168360 82624479
2692604 29520864
253132 83936553
1553150 75831047
17454923 73012974
1579303 23306878
377551 99569056
8654955 70369498
58912032 85322713
19432167 96265648
31566136 54777999
52274659 89329383
68160213 97707573
12112625 88027119
514098 96079689
34823174 87255346
17591397 99794101
30238094 95976750
22699353 63177338
8400894 93775268
10208305 76445186
11223811 73253558
609353 74148071
378176 77415560
28903154 94231944
56897437 85367687
72147535 75572451
5123075 44551514
6528948 79900883
25498138 97196190
21750190 35435834
21190622 50484504
45015 99970072
8839466 95372356
34422164 50168437
8837357 89550201
18600532 43624397
43839935 94045907
54324976 68106030
6481077 88096972
48340343 54281515
16240128 80807628
36502154 53783959
13141769 97722749
66742571 90559580
44685292 88593199
21262771 96832418
13478180 87799643
5853357 76996390
42356028 52177000
47601391 92901291
5867643 92602920
13850684 91102984
9166321 98231552
36925725 56436231
32012579 85375768
20263364 87135967
74090982 99641620
1885604 84455497
36915702 79776957
47516296 71316407
3047383 98142350
55890692 85500100
49360595 86381495
1483904 97314023
11353785 80910234
13036986 24913380
30743883 70299115
19643519 91340315
8072185 94237424
4629946 75900872
50062299 82238958
28767807 71326983
19161381 63880049
824319 99641272
14252290 95079170
2473559 46597904
28687375 97934200
64568824 98950270
57147646 98427446
23511297 72849259
6599624 27446353
36077514 86511172
19104010 49430053
1224954 98060825
4062701 60344949
14569351 94806142
10255258 63884371
21388191 61420036
8054545 83477219
4181687 95778420
50892462 65039486
14789387 63272040
33556912 50113007
39485245 41298397
7945302 98314012
30856395 95428724
19543055 33727872
7051169 19452823
27406205 69642560
784719 68884712
5785452 99620778
52692855 97978759
1415498 99536511
6266056 34303533
10101642 75544414
9996666 87961901
74910324 78406322
6156601 94541311
159830 95855866
14379982 82554768
889933 79139377
68425052 83663679
1731075 97875890
34084919 71339151
7521884 83496191
25084900 96810414
24003150 59423631
41092524 74288468
7966339 17515429
18361028 92799907
19965959 89281922
37731338 93253896
17344601 73776061
18111661 81602512
64441203 68987860
28489637 37431558
9987345 31348862
3429206 79343588
1523706 96885055
6586291 86776979
30783069 66294547
15330605 90467319
66643677 68063207
48095479 80284897
40067892 90669061
2566720 98686971
24261896 86991363
29492469 87756428
18375833 35340317
16610006 84202922
23088556 92086887
23594073 50436804
23580600 64884343
13577993 89144314
726088 99765055
5366681 27297947
11086649 37393877
66071185 67860390
22996710 29084872
6880728 75791305
1731312 36252603
23132399 40410084
56434380 98933295
62868150 99390340
34163033 79396403
52254998 75821917
798578 79481124
22059235 43110821
34831875 74207090
81868830 94549478
10862063 69224330
23218726 68848821
28294364 35453544
7859454 89420438
26462310 91761389
83573217 89189149
13899397 83568361
17365902 71512649
5991639 94740738
25858405 49568645
12123850 71344166
37556386 92384195
33436126 84354003
8394064 45950888
43257265 98244038
48070918 76284298
7508406 96623919
5658938 52107546
55197906 58093397
2003433 63955299
21891259 77061965
54744392 89920698
79452464 99705233
22515142 33944904
18671918 37055217
72475431 81043570
23125235 28312127
6004060 42546194
57243558 88984462
18326889 74660786
13702997 27982209
11751357 97671267
57160757 61891379
13216155 90428818
45277630 58799833
65898030 96647390
7501869 96480417
77925782 96680026
83606635 90465780
22733112 89062734
4348470 83395024
19147993 60659925
1073354 80746656
47908147 95399376
20185927 86093904
6494476 98378317
3936940 97965844
66539492 88193257
20699753 75324064
6925401 40390248
70459576 93850956
38528239 92798285
6963566 99262156
9228293 54496048
22466798 81706318
28667940 39833600
32623734 39969263
9025483 94392058
17052762 95029527
7466617 96931093
59759282 85001418
20774621 93665130
32685505 84741296
14692578 89707434
869057 79303179
4064607 66160842
81397589 82417584
5982435 99164692
70923762 92252136
73281171 89743543
47604648 96812022
22111137 74846918
1062321 91336979
14959507 93019379
7186744 98188934
6465014 77336262
13943404 62177218
4433209 97715163
51961770 96406135
61126637 95162068
826746 92613130
59343301 76868937
23150149 69389029
71960074 81979126
60453054 73971569
13734009 95117723
6998810 97573624
45274231 95196687
46319815 65137268
4825835 96201340
12029421 81184565
404970 50228228
8608243 98267121
35356878 56557906
30778555 77206642
7670132 93052403
2646182 83847992
2146786 87627441
924284 99402568
16746540 87997890
3677951 86917501
81796491 90264746
9461062 60898310
1299646 76374260
23795640 60004974
7068674 91122228
37847924 93107923
36714028 84796607
3811845 66786704
73042625 98185028
37582169 67903018
10243841 75132962
33786778 95951586
51324487 59998699
9019731 26960163
55680814 81168937
33495924 73638623
34210234 94189690
2092551 96205504
7703924 63550894
1604428 85612704
37354191 89309061
52908021 99418333
38386309 64005843
22347139 97124217
25272745 62268116
32964192 97832847
28283964 33628886
78616006 83570866
19043698 33666599
12976046 82788616
1953706 96801889
6352177 96522338
6228995 79827658
16573872 77985442
2187901 96171504
4597713 37519894
11706908 94855902
17628622 87687553
47907987 79242496
90954048 99160450
12801431 74440183
19171708 74643735
23660978 30409877
39204561 92882645
3292232 98898299
10881587 84410160
53582867 64355611
234885 94927808
50251237 62742235
10519351 90684656
4470931 63793756
22165399 91096942
9182962 99296217
34871714 57410765
2451155 96487663
6480439 76456230
6876937 94338380
852768 96891380
18036794 85505682
8785432 41479178
18642970 90782017
36055069 77325021
6717513 89322224
9729811 30041654
12973643 78596609
12710415 99111751
20252755 99584257
36183028 65867855
10087842 99639500
4091818 93187619
31680589 58657106
23120673 90830975
14158510 16922523
8544439 97536159
8775023 85819112
60957635 68553237
3722583 15928483
2198282 74726714
11016375 98929772
6590192 15958620
66901215 85283531
18827426 96632512
51088859 78765494
10822145 93080873
17575335 93740384
35802085 49542302
26335305 67485222
8256235 84945513
22921836 27788762
231323 83734289
46515950 51185310
13885253 75010595
3623011 96590255
8153363 96333106
4121879 66134146
14666029 82095670
3534532 54732804
38801400 79477259
46735831 72528764
14336942 47975210
75554573 99484192
22330023 94643280
35586508 36097599
62471455 78145830
10075816 99080106
70167085 88810318
12495775 63118236
10772466 92019082
46094376 71004476
26039363 92722727
1854754 94556642
10625377 97720327
42584173 81362496
16217383 29073246
3920389 87682907
35022939 88887911
14129802 81554214
37868045 95663691
18847140 28099952
11399248 96512673
55042410 97176196
13914117 91347345
74247745 99426375
17928775 25717194
45583908 98970673
1474256 84514269
70482217 79751337
45599747 50413163
30236840 97957687
20259616 49427432
12958941 79644142
42394318 63660379
2575446 99604539
40177501 49350607
5564954 23497605
55672925 91440195
33716735 73455506
36108413 99570329
79269825 84866799
29781812 86687861
61626122 70183177
32004573 94700772
45414067 64091573
12785804 60091357
54979977 78095245
2442244 68293721
27375085 77480089
34179083 54482512
3006059 77549256
26827407 53871251
74661824 93592568
17261604 56901398
4597881 35912704
58549497 73589523
32232612 73055239
22576086 48960949
59080887 89761030
20347862 62162914
14699092 89498828
58100370 93307783
16290256 69877597
2669683 97908325
17634022 96673984
29959029 97847896
13138478 99134515
82252923 90978282
2126785 88201125
15570481 77054651
60120817 69914050
36182341 67287301
22002682 92248027
7202106 58252620
6738513 94756037
1516276 84420332
24442486 68588193
27792842 51415223
36780494 75323565
5651801 97867614
15783675 18860074
59842484 81669730
43160465 96729027
59909242 75300436
4011679 99464796
6830710 86391245
26122991 60755370
5401318 96152869
26083245 98404138
72958184 94052998
34127927 49064094
13658389 51683447
16998986 85012148
37009969 49035035
2602901 76330664
16434770 40917562
17397475 89573372
6233159 79554163
43701003 69186178
14609711 61330010
19147665 52339090
868337 92686356
50621586 85683437
24730691 25672354
10495364 61246251
14690824 61873985
1393070 73562433
2159208 9515173
33826763 60968838
4152362 99778217
23290092 79794769
30418505 36583660
44513090 68877124
15888740 79057972
4753936 86208093
14299714 96336525
8554834 39199673
13204623 69488627
19814647 62296911
105240 98514184
25519311 62299435
14170530 88326847
19910549 24351766
1291454 4746119
58564925 68920848
11262922 85221553
43393016 89930246
3539681 85808210
61661673 66428445
30244738 97549169
18260151 95572561
41764330 59919511
5336972 96715725
36619747 90483559
80492082 98015348
69454332 88616557
13526356 21773305
39991470 80449197
20650248 57170104
22965532 78706577
22648226 62759088
25248414 68730065
52526472 67164752
59822463 60001459
3571799 54069976
11221260 80585999
13593387 92506032
53086520 64625502
65035334 95811469
29620574 83416740
42673234 71472259
20661035 31520910
155086 41494687
27824917 59972556
8260448 38138361
4923242 84328904
59646665 64894166
27785263 76604919
5644177 14676602
85090300 95500060
19910889 71826752
26060824 63367671
3446802 97449438
4473542 72073173
60978708 93912389
17815675 27987327
43366015 79195957
2707857 92875780
35097965 51685012
26244547 78254336
35813090 89339395
23538936 69977036
6351485 44619806
1081948 99466340
34001899 36341222
19050338 71377787
20428759 80174991
34272659 76904013
4501049 75055293
7530879 49474715
13793328 14143814
10245438 86617730
31150940 85689346
8894207 60312676
25142794 68002900
18553584 69248651
55977987 81436420
28302155 82535029
612463 64192469
655343 99729181
25307228 36758215
34145454 61021042
6241240 70463436
46829500 92769249
26727228 49372614
46245092 88399119
18568235 75781740
1912157 99337225
49073488 96265672
9879634 29316029
216261 98211235
76311985 78583231
4191773 98609588
3783022 99604534
52119078 60218316
6226237 88008310
30542906 65616778
4168439 88975345
10039389 88462345
9267004 95897752
222487 97612621
32547671 80972604
40050692 75981939
45561171 96121414
32858237 40547948
62093501 70185227
23350750 97131195
24031803 90095119
15113772 86107033
86126 96386383
9826147 96960543
9851831 93114693
7769691 95086536
36340731 55567755
13830551 96794732
33373789 60109036
11991147 43818639
85434545 88603343
37303166 39702911
11462526 26422472
32354230 71280049
35297617 80658556
26445997 37469445
76888569 77865313
24780670 88178156
1555324 62207547
1268429 95682795
27490010 91911064
9632990 83700841
19690943 57119914
30572446 38336455
28977539 66083007
1658066 99381906
9941144 61155453
5267617 85034385
265675 82804010
7063263 90344766
22768863 70452039
18370413 63442127
160489 99964944
59929955 71414178
29425739 57119294
42028047 45069292
9061173 94678001
54993422 91192972
70211708 79799880
988653 99106953
7636622 90129500
9252145 98381755
7042059 50191721
3188823 12658073
20741044 46194090
11737480 78120261
26010326 93825361
20550738 75723800
4083270 83521943
22524337 72976300
22163071 83575895
56917431 83383578
387702 77448220
10203203 98062918
49856347 55192133
7964470 61274641
43118546 75994613
18996016 55209584
14365973 42885497
6559176 35205771
2806003 92458145
3613905 99031917
57267730 95380843
16806399 98540898
56654414 90640425
21347451 72394856
13997434 90306229
6451040 97374938
29783716 97288567
641421 61399362
31265537 67995488
55118469 62367074
52476041 90792660
26012237 51106724
50656147 70963877
23065488 26666475
28674653 79552941
418811 98857890
5119570 91038830
15121175 37690559
59441713 86994794
34019880 95591852
32597751 71931656
4647439 54745239
10569218 17560128
824562 90954113
43615264 87780865
5872773 97411317
56382764 74619501
43732539 44239772
61596141 93302798
14729256 65833915
1935034 30826550
8850452 82200484
11050974 30894573
14249329 90480987
35509490 68147356
15959273 93513144
25512538 99273256
6457696 85776372
110461 99699752
46509844 51309194
8569745 24629276
17416672 93828444
24328242 55470169
72946997 97092690
1526429 61477144
15848410 87263337
6083203 95986237
57499069 72152273
21670318 90186740
38038243 59904156
4129052 20933187
11989290 48770258
16780725 82476393
60236921 76614862
5125642 52889242
34252349 92113893
47349405 58524423
27915946 92556738
18158392 64657814
13990975 99424316
50094382 53274068
50266238 86595434
27354394 32933245
7823602 97513084
3946323 55953408
10879484 75135476
3369036 50668019
23939345 38666693
16310955 86866536
26321384 44863650
1337384 70669977
19494044 92977561
4760735 92468015
51716814 81899358
34922048 80592844
57675041 58407326
23476027 23886230
50946353 68512430
11440467 78990899
10955988 79793297
632526 95788331
59278268 81941062
29453940 38076920
29931092 42642368
2963453 99123630
1043244 74924267
69830513 75545446
11295893 95731716
48740020 54899237
1031020 15266990
1235324 98827792
24656468 61094862
10837443 96414383
30930364 79032684
2351027 98796361
33390638 98775146
88468170 95050823
35258815 93298625
65612962 80435404
15799083 96703781
9164096 29417921
41767689 85184719
7571045 89881417
83510528 95615899
52265529 84793693
4133990 93101448
70595490 80694833
29505210 76028130
26635183 32129218
31088728 68543310
5585876 77399102
29789490 65771007
13725820 66949671
4314440 99767172
47862874 56400794
7520576 58203214
14647889 96067981
27881844 77069174
5142002 42406125
7905587 64337534
34435104 66370197
48078520 84809790
79820227 92195530
46087298 80936107
64556159 99709144
231483 74903019
5844013 96043794
41551698 82855987
31872099 71723404
23922618 88072444
6617107 51239865
18090743 81988351
64355759 76533569
31949969 40181357
9825184 75836302
166084 59280916
25571539 96147913
15381146 90303804
62525499 73027267
35545036 98607605
49054771 58011390
2850097 91911802
31349054 81868326
5141281 14102760
8951955 98916871
20126234 78920379
10174798 35587528
14444253 84757070
21586446 44490845
55824471 74196988
35040113 48123601
51869621 68642353
20604372 88933195
75683513 98946873
39311633 76182935
60895194 75100242
69296619 95813619
13958059 61029752
75071072 77987080
68509434 89551819
12063272 78597442
29531218 59882137
7289334 89283866
45812407 60543520
29842963 94162582
3249008 82673173
69026539 98544201
2497506 39968973
4570114 80870449
57661588 98134157
3382483 97010982
4486089 39806522
10011213 77323252
3147852 84028669
13898347 14625201
23505792 81504579
1366266 52186465
48658911 64397692
28318715 54299213
2839853 97542205
11897019 97408404
79086303 85738418
66389040 85715538
37235704 69247642
10051328 42369698
857643 99213286
8690270 99731604
18592626 60795674
40521194 44945051
25516437 58389661
8409483 79333323
10511396 98773974
960027 97335999
3981952 93346127
7994345 53338653
5949342 33949812
26312300 72219518
59440902 65805005
43379428 62619235
5015741 96856114
12820588 41723033
45149566 88544606
10365272 97483720
1823856 70839905
13222102 49445000
25304715 92426108
45556348 55956991
3947859 18023250
15987741 81420487
28715144 99595273
4456568 95859707
28014849 79412610
10527622 44654287
43536288 81792632
79016441 88869493
12857368 91567366
51746632 75507447
3631136 98535812
4885219 65272887
13036437 80515249
17580095 77260501
18673168 92962369
30202652 67374290
1598858 96782373
76668307 87415834
57316044 67101497
3207410 5162214
12894467 84315863
5313053 91776651
23451524 70381512
12682278 39492351
44521639 96488485
16387091 94871986
71291407 92188080
11583947 98691477
43191437 58018050
1006902 83174193
36411522 43041018
10637188 94271565
2175966 76323789
2083070 93731679
5000376 83845442
5004920 53435097
1458500 99456390
6929642 91960192
7837250 55822540
2300404 28437649
38796026 82246253
58021120 88013672
33582865 95266140
36125362 86780752
2368077 94132435
2605632 90814550
6610909 77500114
78981308 87922933
30146757 62315664
4081365 94414263
21682374 86302037
52384446 98453967
20732268 67390999
29423153 90455660
25580386 54470629
48948671 64353734
3876432 29842893
1315073 91162255
24319665 70773361
77669 249673
45268582 82974110
9397163 45180985
11550549 81679041
1484949 99421486
5555791 90933831
36628052 99016656
18430747 22419330
26228059 92915500
3607655 98309270
81461110 88545100
7147863 94101946
71106249 97138722
231710 89574842
13146227 41822297
41471324 95494382
32258581 94572485
37254310 51184388
6502803 43893812
2485950 50870560
22867533 57107451
1400408 93665274
18061986 96828933
23993399 85256237
39899799 85982454
2076034 98605443
50687761 61237846
252130 59530408
31114147 40157447
4572202 97422947
54371156 98603998
3629589 92498990
42306173 56304809
85820193 89909701
6795799 41535750
44235210 65208111
72670033 94406311
52356242 70613620
55484350 61355010
5103399 90924080
19800186 99043429
14238580 19227301
5366836 97492599
10320162 55773221
27839718 64248237
45823668 82221312
4275369 78366161
6903332 71488222
14007937 50117381
29843438 94582805
1255721 97719373
1622078 97804022
6985461 99121618
28095217 64206346
31373874 46768121
2336042 99968194
42996741 84860526
16233075 98156121
67915029 94455173
6532605 47480051
42119927 98862879
23100475 79040801
40850572 80158000
5817669 68572036
17493914 23647629
135399 96494100
5049687 99048459
59936807 66172508
11242117 71857429
5594099 47854109
18214268 98511067
54644573 88434425
4102842 92577958
73751161 97193343
233758 57478844
2683643 47848003
26042620 53075660
36565541 79313619
31715054 95738595
25171784 93677096
24874988 61976497
9817971 20264382
59882231 69314738
11146608 95097551
8242704 17477571
24298595 57751463
45378235 70756733
25127543 52959048
5718431 62602335
15337004 57523381
39398402 84333039
32855929 38653527
41386089 58563248
6993831 64287288
40466622 55699342
5486544 84705878
56152608 83932340
38657811 73537917
24362942 66975367
2658291 99453436
78625128 91248113
50502316 92099635
11537134 86216798
5246308 83460535
8386029 84891935
24541476 89503784
77940385 90729094
35804649 84109376
1326310 93812185
2184165 97483743
9529292 10737259
2373245 43270556
44685494 85409165
9897371 64722795
279905 99454559
10906234 71792551
5147641 92755126
85759129 92193173
23632576 48828946
36989115 60461581
6093355 34032086
50786193 86656756
64463176 93932478
55436775 94900968
9751524 54037528
32643845 87861752
24501048 85086102
79352547 99632747
3963747 21115346
5595844 98889412
62112380 74080486
5581760 30203535
17733419 51033501
29034556 54763695
11992158 45264132
26163241 98549765
45908327 55495783
25404701 46952720
9715251 40794964
50466511 86011928
18698507 72374117
26489 22530646
1524420 95697484
8729074 62004324
7390474 55740768
10391109 92529733
24214573 75550136
400936 96436393
45074226 65420595
38459502 52762648
11629989 77358450
252481 99533078
25116162 37490595
52103209 91714047
31518507 98717651
481659 98308799
442916 99777344
2182994 98477874
20129559 29530925
9260481 80191412
43439046 71375678
49001935 84480350
28442434 42744799
313040 97074790
40702586 89568833
33708155 99778121
22889794 47534142
6385663 7475914
8908962 44717713
32814797 79164025
67883620 70420190
53573095 63960757
21712785 75718834
66641834 99827012
148298 99917217
837905 92742396
27487263 37449800
82053926 89989005
40369869 89743222
3011881 33838049
24719474 87311524
2654821 99460331
19281292 82499919
11254653 34560785
44421482 92509490
10704962 41958047
36396829 89974531
4965333 90168520
99017707 99992330
16409782 47396137
75505795 91889987
76048178 92358056
9680369 98337398
15480416 49821962
58254273 66078822
72763706 86778256
11030227 85621774
28685880 45209826
64706205 76016088
2701675 97206138
4130496 60367167
12821847 95526458
32866923 68416201
2434314 6198162
74786837 80599337
44963148 70369596
13048103 57683009
3169138 10073020
42633789 83070626
13391927 15351980
95592771 97107469
72223599 80014447
69870638 83856078
32167474 98180297
7329246 97502920
60506391 63245410
48903941 97424654
2296483 99698587
1437435 86291380
75200159 87552454
27437798 93351999
925226 91428770
3433934 99680842
30376654 92867600
10215599 93294535
5113439 77021560
10569773 73086447
48980156 85698540
7130035 15900914
51986690 60395821
2936458 96569384
6128816 88735090
10006759 99301946
1207518 77832136
46113335 74548465
3584001 93494912
9374860 59873228
4632085 25349408
12980318 90442441
7430289 37067401
32862824 55784473
4367822 96427385
9014845 49440279
59259858 91997140
34569469 57690803
14475463 45634580
44614110 59506831
10607234 79201426
8800856 84510378
12785952 33264348
10155928 91338543
750489 99992660
5642399 97989306
20667042 95884071
21198436 28281100
13027788 19233022
51586474 94426347
55255248 83439678
34665073 59266594
15704421 64775761
4978713 61447397
4288867 96200723
18598692 84788735
28464894 74458806
65232680 76187569
72241 99472785
20171639 97251599
11149976 97182837
2410543 95171547
2079231 86054630
55896334 72499980
23617788 27478252
28791250 97840642
1880645 52918964
34411176 35198431
9296792 97171950
14559746 94223325
8392263 99853690
7838437 90410497
67709993 85107981
6940206 98277613
56983303 95982364
2683579 72335294
60974967 64460845
7628560 90031414
43584479 95482119
5445604 90676714
6928318 85608218
43099719 63184314
39348346 81641454
4526647 59937025
27132490 60908316
21195833 84237066
44831107 93175185
7909668 91823859
81769572 84376243
32384454 69706845
20624412 40947866
25512368 40511531
23127161 89996304
23283021 88045240
67146764 72182959
1553755 91019944
12556093 97897367
39044365 48824002
27743245 99078537
1614630 73419767
39099708 66321795
8213081 81861859
45081038 66801233
34626424 54511786
29075248 99171244
17849984 59176608
9093072 28476627
35954471 49043083
15694553 86046526
27324759 95311662
22822595 94178517
6250857 91476630
75152325 97324939
55702830 69307354
8060686 72226647
27603055 99895026
22314195 53124903
37198586 87046508
61642236 74843995
5457608 91449060
1392 99991000
8004693 99640449
1707685 84954657
19518356 96790790
5868076 39445391
5547576 56704242
27520747 35382815
39415785 47658152
1514631 64602327
48532520 78457334
93444168 96205398
29043688 88693690
12501750 97124362
37684103 70845202
1016764 98734973
3155076 96662914
20153591 58866468
9210439 75383656
2670475 90587662
60568911 93054884
51381839 98482053
49428128 83227127
23286053 66600942
65672443 78430866
55687885 81939549
5544428 97242634
63065037 67490569
18507164 60698324
269115 99706786
4334014 92620900
2541940 86097246
4893708 63517782
16720013 96519277
345167 93455189
25843626 77158538
38137223 67611685
8259852 93143909
88060803 95612119
34531216 89029072
6182225 93913732
29277983 36501420
36524999 93117423
20703023 98944898
3378476 90504243
3887733 77581850
32991360 60876615
20378084 97929342
43018837 72977816
48410590 71513014
7581217 87224480
2263910 22419545
13402320 98692239
14700216 53060834
14518255 79212459
12772028 84469688
18858068 34595056
19472363 79435063
66564412 95223683
20990155 41491715
72793133 87960882
12442818 86476834
1710530 94065090
25321143 92425388
49286281 57457330
5146322 60816902
65028461 90255385
74914486 77256822
30577946 97019770
26152696 53743214
40293278 99884947
11882437 63253064
1537083 92901215
1394689 67563735
19045016 72714257
52971086 91305903
8318014 84103485
61630024 75432081
8317096 98030205
50503537 55688891
13975125 37909775
39719278 77826163
3375040 91708610
32587729 75656048
13710855 91825999
19634642 86420910
61212412 93155497
22541730 90034162
16279683 75793431
7523404 7736839
9284688 91196781
14970562 90780228
27064996 41405584
9343537 93636850
13197411 99983658
18986903 88129987
51715750 65188071
10975510 73332239
30443326 94980534
7323146 82401063
8832415 54765449
14433838 80459222
67950264 72407627
8772523 95786621
31451132 54264597
678774 93830170
30811519 99755950
18585413 68355933
5850730 43668794
9516034 97030976
35344622 49439525
1521558 99695568
4360702 67186714
6627378 99013315
4187121 14530888
621483 99277943
12202178 92636032
715576 47528691
44280196 71751951
11760103 12805795
40003485 75005828
17034299 99934798
17691644 55805417
1300048 49126104
54393883 64447041
4272385 43979327
77871473 84148108
12781426 99430283
51126237 74899376
3577714 92672653
25676191 49670655
14886247 91758690
58495641 92321846
25642181 53004358
1247916 98630788
49144752 95288069
19143556 75706631
22044675 99989058
20821747 53993446
59281903 94198789
1942956 6422157
1167485 99918806
33195047 82164778
28372624 98765736
9547157 92723546
6380454 33625993
28781179 97645405
21443428 87158062
11459689 96957138
224087 86668452
4206698 88008216
11653258 95795240
206960 99967738
8918523 39789082
8485061 86521516
11983214 94001493
9072901 68318075
148348 98096407
2707087 95697844
203919 92986875
6866456 88544229
87004783 94654446
8379210 60711831
59949612 69921468
71880870 96669201
11069647 73946238
4171533 4715301
57815848 64039436
37513268 83651404
23042856 96635734
43602466 88964617
14652694 55053292
34275809 41061058
48895855 65263045
15092976 90583741
11369855 35353287
22362928 91465626
19426610 31452212
77283099 89919095
17576355 59689686
9143050 31685252
77135448 87838747
12801362 59007630
8845210 98411165
14232346 75466776
1881177 96190705
77729316 82042629
3763527 99103930
2010292 43669793
15471497 69247699
13133083 98605532
684606 76042170
80507834 89943639
1995169 92629225
2876397 97364837
34605472 88201477
2293786 91072494
19160945 96222816
11196759 47116040
5906739 20804331
10751221 85479665
62995336 80192380
5344116 91228119
17068515 48487437
43792113 96219024
19293328 72689056
17316887 92079057
1651312 85486041
29528346 89457335
6792142 60456230
14790674 88115994
644515 56680529
18691252 22019416
32731922 77215870
23917254 95066989
7786190 99275884
16191860 90729511
19696784 85367814
21699784 93308108
2072557 44972801
32279548 99379810
19755446 96074174
31230 99946162
4118884 98645413
13411000 78508927
8759472 41377914
9034180 66431811
309363 60050712
61548661 87331888
6205270 86913877
18620301 80539872
13244642 43565886
60566826 64991927
10848153 53743703
23590601 90799649
45088870 47824237
3671510 98914643
2377259 53931808
2055975 94742069
4970846 97550673
1921805 3982296
33664375 97243787
61842467 96440283
13919327 73108776
47666169 67867534
20593427 89989722
1833813 93930566
27929745 50608299
17285060 93033995
19235228 45344691
13424533 92622787
3591768 94913707
63836320 91538612
32143767 70766098
12737665 92369587
34804488 61190407
36405373 41612960
7226536 23063163
5244334 67331987
1255293 77978038
37581321 69742303
12279641 80792403
5548856 97524420
1516870 97125453
29736957 91682841
11457480 82472080
9062657 75934815
52874163 98394702
2326235 76808547
5254451 63552695
34516858 50510950
27797309 57291345
4470358 62477241
53767610 96870249
17673940 92222538
10795083 39400456
33332802 96861478
38151540 87001164
10856858 98751841
22906615 63590170
53579563 91926815
24866686 78586853
19008617 63509473
33853049 75210391
33196169 73800763
20393663 33741238
9730483 91679763
33360314 84026768
24533361 62939778
30713610 85553335
39590887 90892579
6690432 78840863
3942986 90726762
1972420 18471755
58558816 85017862
8978096 83423620
44874648 71968921
7220086 85556842
6784686 84714849
17698295 89610396
30692572 71855325
988798 96901492
580508 85530763
50745343 76682526
29603470 72169383
36219715 96005398
6020377 94166617
11709455 70273701
2769940 40880282
12889606 87411900
8411012 60354818
25254648 62700603
55634604 68863723
13995161 67129375
12716805 41361116
33654181 66527597
8781320 84990570
68480631 84366821
2508230 99151971
13681993 97701940
1580733 99574117
10377191 98683087
20706392 48857568
56054525 56206327
18153158 74953420
40718345 94292066
6067758 65710598
19384037 86182902
34081762 62245968
31043774 70263360
427833 80627425
1450171 88866162
2748537 99698380
69629132 87532616
54097014 80069285
3552386 67349089
23820635 79830110
12543456 42718602
3159733 15717107
4531067 85072079
28738355 75060776
1561312 43206806
2096006 99469940
39189793 93521237
1804500 90217206
2302588 69408838
27823267 99084130
21233840 33903780
102687 99129989
6475032 98167915
42855117 85130225
16374510 97838478
33324720 74103913
31206365 53048907
4742417 94278722
21611139 78804025
51666862 99673362
40017350 88580218
46706037 82600365
34458176 91988772
18357667 86144674
345861 94219302
8560698 88026661
9057814 65376249
17829210 71590522
41330101 93910684
13657249 71423150
58257347 83708456
40807168 63322324
58634596 65845243
19669762 85655765
23109598 70758288
4264458 93755782
54572884 78994800
3131015 57879137
33538154 84740904
69486108 98117067
6663954 95486634
231931 65620110
5298174 93709085
40275570 68898790
33803571 92334973
26287196 77313971
34834467 82126865
20711840 61564155
26626312 81450418
5799528 92853466
1039439 99424072
3808609 95922275
22756261 73525382
10536848 96759111
71683581 84123877
540318 15388220
9437044 93915611
11283627 59757807
6072666 96118273
4750417 97518819
39045120 90910327
37508738 83595323
1810067 99597086
13400701 28691608
26443248 61650262
3557563 63962695
26607626 73258062
26717099 91536491
19641288 82188383
59223554 80989857
4255732 30270453
66127391 72899033
19347857 88121055
10344408 55159897
48498525 94708522
20918254 45825852
31223249 33982174
8702375 36869273
23830120 81900358
27298125 87252001
8039788 83336344
2410351 51687813
11631 99685919
4559380 85210571
10446540 57924420
26424307 79265260
1879994 79529152
13728409 39775462
12160646 81501320
20622366 74184861
14654661 95611253
59725958 73679526
17808716 87504274
5478820 43494164
45168551 87966537
1365243 72809469
30182191 82325914
40283972 89358369
41000039 99684536
53257241 77456234
56208017 76687070
51637463 98878429
1696557 77263766
23802905 88157207
118907 59677499
76155252 78392864
48639524 56770637
60137871 62984043
24281263 98655992
59604753 87019978
23379729 68890302
13771012 99157515
15544393 95670895
7494886 37969482
16893714 55694044
29781665 45065581
343368 89611006
6435969 51497615
25905202 34558697
13209940 75946408
80297417 89975821
30100278 84899492
7312309 83433271
5621295 53417228
894718 64390285
94848335 97817416
37580006 92447924
29791503 63734186
55709414 92306406
36155254 54360229
4248625 94765352
830529 50599363
19203115 77531204
57383013 62522220
18198526 77020600
100232 94395223
10141948 57557047
14018 99977037
7162786 96923873
19087842 80379400
53730392 66604644
26995455 44331716
32242544 42515306
10055121 75270290
37176535 74378698
30052662 81204067
20103961 24557951
49304876 54437342
26227873 86538642
4160572 68856324
27527448 94178817
10944900 41524464
50418040 93458626
3311808 74262667
7930961 62413226
67061902 96855621
16207996 23576325
6052344 80013606
2339168 86387027
2942716 17590648
17168063 31700224
2050639 98784028
2832567 89892469
18096526 83090828
89962957 93423209
67458954 85459379
14819904 99721484
11975619 72575834
71487 86487292
60248481 64165751
22518146 74840222
57848337 86186648
14323646 98673376
48406023 80187791
24422446 43300421
31579620 91131525
71157740 71364145
21114837 95757384
1443106 72982788
21803141 43390002
6189073 74050511
2136896 69500131
34447964 72429233
7924922 45795646
298820 99546582
16389685 95572360
69227779 84562354
15593280 73652372
6412052 85852506
2146547 63234143
49332231 64351551
5101991 21811143
37784899 41359302
26137386 80409496
50329119 80974228
31417739 64394374
5913798 87435235
61679833 92721756
1447600 13299895
5201453 39097370
40792486 57815078
15843736 79422478
4548967 95680595
7867308 93958663
32792044 46370688
9427773 96846949
6897758 97721309
22963806 74601975
8537183 9494127
320765 99142132
16208737 76838178
48640431 60368937
2677675 17322463
1365429 88694625
608742 50869611
37330872 98197294
6907350 33689289
47139542 92772423
13739395 97466133
7359697 77351543
32486089 64344423
2982088 99317615
990761 97899941
50961696 82675738
20118251 64918845
33586791 78609537
6226512 48179764
42628232 96605370
28727311 58351382
15684377 16754108
5281336 54378987
10732158 58770277
48020778 63707182
17217817 71117006
7715976 84300698
59135150 98388847
46571500 80947777
55870615 79416683
17599883 94324238
27514324 91335410
10526191 20674406
5961131 57985498
13093852 65368314
1819381 97306763
19015709 97440946
5679356 69002885
16423364 94914294
90524060 96238153
14359138 69174896
39223843 92317179
30522521 44691397
1410941 98907324
10600599 88533934
1409282 68989153
44394011 79935886
29086533 95596679
8626207 96897300
10332537 64897103
62981012 99986637
13705614 81458103
39703768 60835004
11501727 97090126
47655653 83268151
26935588 84100208
19970706 85299318
38718361 41763864
19526350 92578175
10423831 89004617
73911953 83035776
26866660 95086105
67169159 78178061
16406257 55245840
57498391 90760330
10007736 63833769
38526710 98704789
5403663 95723223
72424371 96136768
44783399 91391514
3978006 70347827
29629935 60434577
80859466 89752588
39341816 65764013
67464230 95424560
11640321 20161857
5713452 66232898
118839 75030396
39171228 63111055
39229986 85420825
1462078 92305780
6349622 61407628
30321218 73675402
47862571 65044448
8338134 88701997
1276361 77183870
69749333 75612921
4283920 87492074
36578403 65294847
53430836 66821095
21339120 56648706
80723787 93104697
34826810 74600372
2246554 65949450
8938648 70718406
7167455 91146861
12992858 92505357
22111789 79748676
85324770 93673608
16110148 78457666
31971201 41974638
11483036 92355948
10821108 62430855
30473387 48931180
1450794 97866302
21459863 58397081
5042646 74652712
24411927 69984515
7093141 18416308
25710383 61469407
38523328 48488095
54492809 95005341
7331699 78511199
30741298 78913116
9477658 84088380
26029538 74258812
39706646 89370307
1366398 87847376
78063746 90944878
130278 99619549
35100887 50877965
1052353 95888423
2312405 47436508
11099204 36977079
26519477 87105680
2735866 99872596
1632338 90599620
60700359 99545312
34806118 41066497
7617670 89075670
36283560 92994200
79654152 96505545
13482669 78309184
6637648 13138632
70165571 80084418
19297156 60231023
19515780 42499292
42338125 52195603
28695093 69731969
91122938 98142860
1412012 8689670
18680545 18818129
82170036 85807356
26840825 64828236
15365031 70073910
33897572 78299829
13118349 47580402
20500201 99537979
56672947 81064287
6073219 85610417
48394439 99275421
27477867 71654078
14503618 93154287
60242728 62960499
25829688 43990452
17469955 39462882
34745354 57654496
24839001 33426869
588836 99299402
1866064 30325623
6713855 10472492
4606781 92126724
48105464 72920219
8167925 79117304
22599903 95945630
14549900 77253053
8848187 97425223
16548347 61356267
49607629 82970502
64673042 99390361
15749383 51369265
55948084 68100299
15154693 68984586
9502392 72787354
39989614 97008194
74000189 94172775
4416272 86943432
4970156 87136858
8975086 96791698
31308546 80241745
7547735 79848071
5537075 89658789
201784 53742027
43143535 86571204
34202560 60761927
9400485 99066871
46770581 54324929
11952390 34651686
16961117 88299230
363694 94227400
16735415 71257776
8412955 60398006
15587650 60991865
10389018 55083438
276166 12418831
3691625 94829364
24791251 97381905
5289762 97297161
35983478 71282153
11964070 15305898
40635059 97741561
5167011 99853310
19655832 45226177
609747 48279473
31419452 80432391
295769 91251089
28590472 78046072
95442658 99787428
34057261 85434636
17312539 19624198
54856027 94643582
15480788 93173629
33040468 59534043
47153492 59053133
8251048 23470139
46938300 59756999
86344308 99417651
33020351 95240381
84461951 99164528
18998002 81662049
4077543 72298014
14007514 92261394
30883099 87608362
3662353 66520865
1330422 99729665
14462863 79318806
20212664 87840896
14424927 94193624
1522378 79282387
8987527 76264071
4868713 97880568
71433808 80227667
8388091 44125792
17241412 64938368
58612130 78221989
182976 98720141
86201325 91932861
13793621 65541678
46012254 77378656
60423923 88021886
400537 90639735
8424028 91570857
9835305 91052763
10955864 97574300
47924311 60319276
22343918 78070642
9538786 60908251
44828391 81896997
52493995 58113893
1304006 98597748
29139142 80863599
6010468 92843989
10421801 90936799
46822874 48946903
15384980 62937682
4908287 31060507
26865207 29428837
42292081 61607668
3347529 22154907
72144490 95248314
52256012 82803133
86181435 93679825
21866908 81305474
43756950 49014913
9496400 99921450
3853247 91263490
23119455 41880916
3292642 91933696
26171604 86551533
29029670 40035596
8136635 96931870
27809070 87062714
14114753 47457675
71886493 90436981
12387590 60328357
8970161 51821100
46472333 62713498
3538952 43876671
2017400 19966929
11291246 55585565
54144596 96254036
19840925 98999612
80971242 93545919
23272727 71756893
7450695 91612844
4452620 35153567
24422376 98301280
2822464 60703350
1084617 65486395
2044392 94856526
24512599 67103856
9127325 97750187
46852086 52978658
48499135 66066351
33886423 38204740
29148978 91969559
46255026 99415043
13402362 98398404
19792994 88665770
14776207 70793643
7661794 74112219
54035326 57644171
8149361 17068344
27734419 99732002
4121224 85934209
14248208 90987740
11523256 89010578
38508422 88401093
6098093 81621203
50877049 71672291
1821786 96916619
27380323 43720395
40651 72282427
2426578 94170143
6002251 52903810
50579727 58646027
66716117 83121896
30957691 51534517
35295529 37440959
18167385 38267539
20921288 86341534
29000210 31811704
28723985 86824258
222376 96654410
73862495 96148497
4662922 50649063
21847042 97415374
67362902 84950673
51545162 78225738
144475 99873142
31227244 96933335
28361230 99750180
31189388 64729020
11268489 90202632
6637392 66721703
22062383 52604689
1289023 89901581
1311298 81714094
7180627 84094578
71369279 75129929
53612068 54052335
23598444 97937908
24084822 91064606
12662454 55765037
5450141 97129522
10411976 81338809
21038413 68843855
18769466 92786982
85817341 88317005
7914484 99904561
16382914 61619392
26484050 68728758
13382304 79339370
62814285 77052413
6576353 21493293
4049243 18762962
53229433 73023597
29447765 79811979
907773 88334949
9726102 45754692
20845378 69270065
19671140 92449127
4429459 76184747
29142748 75576576
4825394 98562745
258069 97058939
16443096 48316501
770883 70649168
14320277 62726520
30361702 95915340
12120290 85190551
4800214 91749819
4348531 41643855
26486210 91640443
12905616 37424725
20462510 87801845
17452599 36572710
13512340 79427597
13602273 15319895
26021684 99773697
211419 88237202
68347727 80114413
64105980 85469717
2805889 78615425
7264530 66193841
74427412 80856644
15927379 97863989
61198814 99296013
5856808 94775787
39232101 85368019
45693150 47102563
30909507 64678436
24691128 92126086
49760757 74034072
16358233 83248878
25997809 83876827
32623815 47320331
37845170 90780501
7712728 99960414
18098043 66616347
14523118 84704125
68041347 84323620
37785135 54824839
39592462 70116412
26094453 59188793
19075220 98718608
13272386 38466175
29707447 97562401
67365972 67408225
11290317 80712696
5992217 91946246
952112 96579886
9608011 25330169
47243113 99823979
32909031 95373268
8617787 80957152
15423927 62740162
85464844 92980295
88476962 90673835
257173 96812185
25060781 72187397
44817211 55292750
28778801 99084805
42369899 79437229
1857176 95753135
81928979 90565239
38741915 70930680
26225159 46052192
66397586 96948295
4773005 78989809
6136556 51582135
8073937 58136573
6546778 94789285
52839557 99085821
1848687 95141583
45614294 68633190
8648639 16922457
34381099 89141188
21089722 91846093
8552425 95696121
38732305 67534324
4562366 9603120
185331 99953117
90329952 98703410
52418443 95461625
6184902 91986159
24105320 60287830
36568314 77821428
25248732 99790572
47073277 61263149
12587565 71082124
41194786 70120693
2419012 96740258
19660929 99154216
51109852 51692949
14753099 34228841
23268922 87445480
192577 99577994
15400181 88752701
518828 89604043
31757482 72154859
31524499 87171911
20064546 73695865
43975669 82920787
28730560 53938648
205391 59593678
38263825 51450277
36646120 60553121
12338111 42372381
43503087 91554629
28425433 69497989
70120409 77618291
1143910 97946278
51437581 74156379
61473997 78464212
46174750 78672531
1279811 89857828
3721861 53327845
2555533 97564228
6561974 87431446
74443334 95887839
30950378 30974356
24348088 83911649
25344263 94212931
12278006 66831868
2886776 87900543
7817924 51220210
65672480 96861553
3755581 80849464
11379705 80169871
682262 64011397
54400476 95082733
129745 87856085
16581273 83195748
19410154 50115393
9404156 95429468
1005392 91847536
2987719 89316010
10172260 93511091
29895931 74393723
2198480 97686843
8128098 94207849
10109397 61687135
18881289 89753618
11961992 51294291
23637365 88384890
29889368 59764989
4467594 83480755
3551456 96269380
21841162 95932988
34358351 61206271
9876953 99615655
7331090 36212646
12401818 85870616
45981713 46203689
7617576 8006077
22087110 86516762
11917540 74752476
19717197 98125070
25467880 95347455
3252539 88584437
16499180 58508838
18894524 99705874
15335839 86207404
34180414 85142672
14462343 34007211
41685430 71829494
41433667 49382239
5860382 73566527
54732340 79340424
1713038 99418879
2836134 31561514
46437673 90801857
84453494 85903973
16621439 98043998
48133862 83447936
5455932 94363169
75727069 98352693
3568101 96640371
35434750 60149722
13327215 49771593
8254568 45261495
61185613 64791625
7708116 35721397
53274278 73926730
4277544 90969278
63079996 71025860
56266560 99801149
5758409 10798589
57534783 93509949
71938418 83883415
75475428 92625926
57436990 72877778
27321480 93993298
68298367 76631658
6723361 31628627
19472293 99239934
9385276 91724723
26337002 62487972
27919675 83017246
36651931 64779085
44443751 62363910
6614225 75889377
22395972 36227654
5668934 93235538
36258275 88869754
60801202 93777772
1648258 77629818
56146 75521528
16542975 95120802
46764418 51805832
1585082 98556852
18476627 92375485
3090680 53427100
15055008 56193805
17972473 80161634
33206015 57824491
1638956 91500272
10361869 44353659
49017026 73966297
5851383 23094608
73610852 96415568
19750543 75763291
14349754 86077235
28845933 93850048
12450109 48393935
23514048 97869746
70751345 72800029
71252074 84589865
73738224 91158706
166455 98962903
16814551 91859605
48467963 79250518
18560376 48888110
7093944 87780665
53768421 88053979
15472487 92324354
293247 98435977
64811737 79761975
26000464 83271304
35566460 41671902
37198901 90151428
17683408 54639542
10264976 30674216
24409181 73787417
30013280 92665140
4440905 30640834
25003944 44340469
41239 79924962
22956861 98621440
55281650 74021050
32235135 59633876
4649682 99476542
30637794 70773876
19970009 61368014
37323600 63304580
5484652 79467060
9416814 96778959
52220168 83665452
5663682 95837767
44446237 82032906
1691514 92316511
2028678 88765301
3161989 94144554
25460801 84314979
78845615 97005362
22702681 48837651
15076217 91155246
14326765 87625021
60048664 71976213
8025589 87778391
6515279 98227735
61833059 98894241
3557883 81550377
11285333 65319148
10127370 99225120
4735799 25245704
723852 99887119
836830 95842706
49995627 52388925
58746776 75461987
10899878 52503955
44932731 87539879
9476895 95626197
11978681 50400311
5543524 98049041
7226469 31882706
41339306 88642129
20269988 93088242
5987894 95745786
11716541 89010384
16902911 90626652
8961205 32555860
18949602 86697581
5066131 14039994
46387797 57533171
936759 58719643
4907967 99910162
1237509 65076173
53203190 70088078
21923444 45061860
3707778 97982855
7013095 91970783
76458851 87350166
83644340 99049516
6783538 38082305
83029292 83952571
3449280 90289352
45536575 78884720
14369473 77904120
14467533 69837661
17521991 37529638
17186737 94557058
9438998 32827753
19824134 25079612
15256113 93762236
78281674 87913061
14686521 93956881
35650272 51229165
19938973 54380354
9637719 14833617
45125759 75492254
17271866 61463320
407265 65311160
54003627 56583465
89098227 94645044
60938912 93206852
45086811 96294926
18283397 24877221
9695903 45385007
91760305 97740243
5522442 92098472
16815408 70364016
31913405 94556532
23219938 86198013
49254012 78065189
12846194 20236564
62519940 69618615
71295758 91683348
13541402 98210959
2576095 73455862
27368603 81026834
11910895 28508519
10732253 43882344
14821905 45687121
15866093 77632271
36663683 95354399
34500686 90750987
41221318 65448397
55131643 60679389
6923394 94402353
923358 4834003
34262745 78549632
2344255 56159737
53574049 64270239
5769039 45484172
267894 99336868
46576363 78500473
3934686 6745537
3963088 28096371
92702009 99325309
65992719 75092806
6093215 74928393
10498424 93110182
20257990 40374161
8383050 94115776
1694596 47042163
1277174 61132369
15573967 58457409
6333913 90923825
15104572 82972566
39655148 41197130
31605911 49001900
78696481 85004886
3391222 64439571
58797109 60382988
79087160 82555183
8419937 88787888
4023545 98346712
3488682 98579244
28381420 39241301
88920367 95519450
32241351 79042225
18047636 87898794
16954474 20166321
1923452 54607640
2853096 99098623
44594540 75779342
8137807 75172401
26592146 40707678
9103233 91576383
1017695 55786757
82205891 86767186
29082473 39225340
52186566 96648906
33535893 72075083
32787486 62357901
12099973 97265191
4267859 97938559
3630272 82768128
465006 99264793
50887368 57339745
18109157 98465011
1361745 97512200
16444002 25296294
68001634 82282970
21417229 91403927
53501124 53911579
2471713 42734861
27700564 45220910
1639910 96234580
30874720 99486989
15030734 77120448
3301944 66953933
20945959 49801839
7779847 86928025
26397063 95847062
2225307 99939332
85627965 90792098
12335486 51897917
8327790 25679962
32269 99132584
30878303 88244290
163047 99232352
29770718 33638635
3347475 96937130
9999393 97570984
4689268 96532801
1698754 99823968
5128627 90018121
56151686 89830582
16692781 67695209
50509292 90955579
47178721 89125120
15500051 62257797
11713026 74953672
1098190 90836856
16500204 99884437
269096 99469646
29078373 51513856
34349462 70727380
12143965 32436332
49554140 82351334
31656321 45125997
2848951 98296696
770546 82316174
16157190 88225469
44962248 83069157
15540210 51834999
32520459 58440766
27109048 90706627
18111004 50292056
73218598 78179365
34330 99852548
13479326 50309213
14918679 53166209
39408360 43561274
2574222 84358099
296261 99977621
63329650 73491670
26137366 53747059
231090 99854414
737445 99128649
40493826 80545647
3356707 99122099
8046800 40951407
25046418 89483703
2968191 95560986
44020916 87169252
24189674 40099088
62098304 75576852
8409709 93602755
42028478 69019577
394531 99477877
471052 99937943
72230200 82736789
97740582 98627432
1363525 82975043
18690701 94885941
37359475 49340163
7638776 74109827
24270924 72227238
23423505 83161834
39020934 88598207
4152737 27954735
17163611 98883621
822820 96686920
15264313 88778464
72617996 88047140
17359294 21804129
22272461 69144472
9552235 99233158
27113502 42373164
5599798 94994143
12889872 92676594
50151542 74423039
47704650 54401183
22472621 97267567
44988020 96304641
46720035 53241074
20880936 60481250
16326612 22864862
32648674 37040316
53453477 71969167
67941579 97038856
60246035 66962747
35770640 83286140
21379257 80215629
25999 81917797
1964228 32896184
23762359 81110250
52982090 82729261
13352999 58415361
8386735 42329991
14841691 71246651
18186245 30983912
75370230 98505261
16636606 88259556
8768142 92162357
66442783 90294075
37345707 99190310
8590664 99730452
32286712 99682536
52885496 93401619
1139935 49985845
2487352 98395294
23880070 31077849
27537186 88479099
18572651 65124139
36673 99054771
2845154 97869808
40428692 44038887
9620418 96207598
11407860 98353145
13850947 64066165
4011497 98334847
8099637 97675186
16344774 87740221
43040863 56978298
12172446 20660995
10595657 96326424
18675649 79575779
14449821 63607369
27289064 96256512
21782450 94279401
62362866 71950126
75513796 82853316
31453694 73285868
36631420 56209062
2537606 80166352
54461 99246877
63341638 83444153
1701680 33897309
28522597 78770727
7077898 96462260
4871608 90242967
92235328 95623045
32791823 92271761
10291813 58357117
27439837 85093979
8515732 84522841
49774336 85444998
4112365 10982293
28296039 32386420
11073927 33937195
20319374 44380558
6480977 42956584
7044787 83280474
24820014 26874900
48130321 90444344
22482670 27288828
4896167 19622714
22520323 55122414
42402347 70344246
29775245 36936712
15286132 93633154
19938866 62793722
71525267 93677779
28062365 91827958
34295348 94416926
12446761 88668190
12213255 12581981
19266646 73257743
22941262 77738269
29447655 38034518
21305225 48304779
27318923 55675329
76753797 80185871
811448 66988318
40514359 49295788
34773093 99696877
31660513 79280443
73015809 87427116
9560932 93668901
25604675 49179783
16913120 88993420
27170929 83733296
40071483 69577770
25325352 33870832
39915435 84141201
33957589 71896555
2378270 99359020
79005153 93346585
913975 83448875
37762852 90158764
69183889 73174884
48521380 69434413
39369965 93128715
22900102 54385840
18347661 71169759
22996623 82137886
15617710 97265272
41432352 85539805
37548134 71127951
20840097 99511069
65683167 86342198
3637999 15803107
23122093 73785197
18355040 42519884
17072218 45505966
76759361 98445423
32453479 90810388
22082727 56981309
47265887 50891686
51415792 85443461
34553350 57886411
1009780 78045952
18575209 39647640
26087378 88684729
43819029 51334987
72026534 88732217
1123323 33160883
2100449 75126465
35928491 52669874
15301749 72894566
757447 89251477
33813932 58845669
860388 93198254
25111962 75536889
16084471 72780164
6240813 90135600
48555851 85994803
10822797 81893953
42414898 98982866
23987960 75648729
37611509 55654254
186730 30907028
52762330 54147954
28890609 95502334
8553268 97285645
19445942 81256646
5092255 60220629
44056052 94335762
29408638 98047205
30286717 97495739
44896061 84409330
12787629 94009233
84086774 95763151
2765975 17123976
5618217 51559000
37374834 79743403
74969775 95821963
3786741 96139160
34013440 99973600
9273859 71568219
29253406 38360553
14998221 38256793
22632713 93087190
15758511 52969216
2180772 92476843
4720020 15465992
24001685 81435015
9259728 61943339
67961349 79077198
45638775 86201928
44954497 90946345
2174944 93143335
43064780 44759635
66809700 71491977
8318762 61280304
21024098 72061329
46740786 68155531
21602117 73693035
32294874 35725850
36453789 87667914
23005535 91323685
563002 78017142
35243189 78807405
24731187 87217791
28480246 66295483
12681650 90744869
13350024 46280020
66879053 89778990
1100455 77932766
33825 88509570
37691603 58296853
18194143 90223087
3862217 98927002
50380531 77795672
14976181 99856216
23230116 59482950
16094760 95147167
2316646 53821063
24904640 85479391
10701152 97784141
39250026 86083893
64391142 92802938
64343479 73895669
3127319 95174204
36832450 44729659
7665732 66360461
1484699 90376224
9904438 14961290
37840131 64059751
6140059 71377277
62213848 66711376
7092904 75430005
3182405 62654216
2122843 98545871
39043723 94663645
1720129 59519982
21169546 81820963
3054879 95428266
7310506 67566835
4719116 99230197
1733315 92146448
5588895 75363434
45755316 96295040
10770196 71849268
19799454 47408471
31581795 48794354
23095068 97490897
16355179 69939152
21493740 70790995
13891453 67132627
21578681 69030997
759110 72354764
21469866 56244678
11892267 18810208
2441114 99306133
72373049 88648675
717705 61459596
4505442 79963356
1760227 94965747
60985703 99735916
31989087 55972385
3911153 42868390
1275818 99738915
34246587 70744680
17292805 67307066
73912777 95723490
825374 63677178
3536338 14461012
799019 81566770
17955319 83472021
11919010 56830257
14302021 86757517
5238487 95401868
29615960 81680691
4625334 84410996
6733439 88307571
31478339 81987412
30226930 71019687
24258792 57487279
952723 98264599
33364804 49980147
43157899 87581125
5858877 56221267
33185190 38243420
9951348 22709170
71693174 78712529
67574430 79061261
57191158 72305934
2422875 96984895
1531974 49111775
31549178 69153630
45472671 77809998
21910176 68569475
5902418 90223463
6888078 94415544
519132 84076431
58211590 62324647
5617236 80342333
7133770 88050979
3676600 60827415
1033963 90157838
40977345 46765484
21146571 87919982
3012339 27384831
10615562 80927684
22370594 59045921
46217051 51606238
11800596 92131824
20660682 81215367
8503751 93171689
16459829 24896564
49758897 86002397
37769069 59796469
11649112 91974002
70978357 91256048
34878155 62763795
3141364 88168563
19985661 54025273
57924408 70142604
7151557 95576028
6210800 53649628
4672734 54004635
22260999 95219198
15850226 97896418
1602923 53305102
13417254 99384459
29281169 97970565
2420110 73304623
6771135 96689086
45365971 88854896
33027035 82208189
15954549 93915195
20568625 64421731
394413 43485617
7848064 39257671
1898304 73069283
83119892 99928812
20281431 98290853
50969034 89122121
13644923 98318580
40245318 96556727
37509409 86149379
936971 90777554
7809883 99782278
16041892 39518214
62444117 70575531
9044525 19277767
40031215 95143405
7569369 59554420
24107934 67142749
30324576 94560049
33609454 92756774
3851083 57984681
3831407 92928492
23037270 74105678
132768 96726877
627163 55473587
17100751 63281373
17798991 29392266
41401146 88565179
16381034 93238452
3058429 38422762
28719336 66013317
16984098 62775066
70058018 79539353
44126695 88981241
48360678 95138870
88707498 92022547
28589629 67734253
4135546 96488085
176195 99998092
24609835 91531730
14224571 48505020
6924458 8714009
56741875 95395063
48176013 75866000
619464 93611494
23084475 82379931
18172468 66639332
7484785 41561119
47788864 86524787
8265303 99528037
5915644 53125701
26601978 92151580
27261107 81581202
3173405 94618172
86867369 88451994
5710337 87289401
78652 99503889
9331545 46764077
33833029 60746499
18972052 68243271
38001013 78306522
20124124 66927903
13489219 75213484
70400609 72995124
19585588 30778635
2004654 94906123
27684903 99087740
4941846 71970890
21059419 54319255
3840764 99500738
5177470 89632332
27323153 80930573
29136882 54607914
16245930 87713647
8104118 86109463
3741320 97665099
119574 84554834
18849080 43411680
29278760 41254655
11858804 88094925
1998755 69790435
36851785 49833178
990151 98219893
12239944 76608835
57496033 91229506
20009511 72418848
12901198 79903050
29834970 89138776
1404438 66348041
52433286 69427088
93930808 96757622
45397302 68546616
11653128 99799421
15351424 59979810
6612170 80654427
67153668 89806718
21948257 27746111
68635787 82871673
18216338 83030940
31189067 78004858
34351486 57450629
3618321 98145961
68702878 88300935
10866459 86442022
43622065 95870690
22462391 99178763
26503791 95736767
21467064 32407873
5445843 86663568
29538525 90770368
34387705 73588841
4879864 87318981
2565193 97546891
76257885 87612516
2172620 10438673
32998110 96167808
13276946 25750315
3374942 87352918
23344371 44253717
45882438 49090308
11422 99993001
16508917 82649802
3026757 96660118
13797907 74053062
37081930 72609240
10579198 62342241
15069232 67387172
42128563 84795490
50596718 84656197
3387253 96979054
68537085 98736588
4844514 82369385
5041777 98642827
13214854 87376333
9197364 33084411
11409389 74838059
62584125 75842930
9546748 76432995
1941943 98728936
31512915 76153485
58589182 91223717
838046 99961028
21847452 65983350
19939350 67360210
15966250 83327826
22302453 89803710
61885873 76961049
2329988 55023690
9721576 99526651
14865763 88714635
33922778 80721448
3395002 97440707
1451904 99829519
9634563 43518366
28567294 88310769
13801458 80067989
17897418 62000710
43458328 92965558
824620 21468060
21763662 39618924
74865195 91322084
634262 98885201
41028004 86155984
174834 99421618
12245866 67599861
20845277 75458023
19011144 36626238
14125600 72920103
41862602 95537295
1577582 83859547
11748876 71381955
21260756 64780219
1331253 99027473
46736455 54134765
27963510 99799291
23015791 89856570
44546226 54566347
9491679 93201426
48530946 73784488
30451519 47699952
8310853 71022892
4987965 87804989
41819590 97100691
86268 99808072
26409338 88634874
48632227 62505154
9532360 80094637
79352114 85942660
84164 89453488
35400642 59744411
4306076 75459652
27033876 71565507
7795231 64059031
26526959 92439381
15465743 73071537
4054744 86197813
49241596 79312279
9552550 72207959
44151575 65250485
59276103 90639817
13138455 89711302
40323830 80651534
30257931 72027316
4868027 97327323
8261509 97732613
17957571 25727269
5295994 48287715
9155697 47865261
22777578 91615480
31647254 99593384
63237117 99952071
52867621 89625717
14208791 57936665
36961262 50304842
53379297 57700713
869000 95346145
39894766 90526753
10156821 40657900
83272294 86090290
14412169 19053300
91855023 92169864
6239121 56924193
33903996 98776184
37594010 90669310
9900663 69161393
36365349 43663072
4965860 24570597
5520289 87207381
894106 26613322
84643465 95337935
34740154 72703542
2427256 80598954
3457901 86031740
1814413 69430770
34194773 77032342
4833724 92363457
34507533 47968053
63884487 71689045
31533933 91229822
6331254 18849849
10952122 89803434
17935006 81166690
19043634 63940934
22336969 38549709
34402720 82312898
32316972 90508505
189498 99544174
56988623 95612780
42371787 90926063
29790124 76724742
25005903 38635639
22845819 39580705
27341231 95278123
15185270 85170611
13024996 31139883
3216180 97503244
34793375 99352352
50344381 83383022
27788883 58145192
4020830 80355832
21393588 63301583
11679863 16222508
5536591 74677442
65029424 69091480
11684023 14611502
2074854 40075624
2450554 97227326
7357960 18049891
3369094 8281475
61896561 68744620
7423565 66297069
10890847 94488874
17718641 51245274
26188143 67883162
10813410 40724167
969727 86326640
71997830 73999291
54204601 77193987
3584205 90283976
8070941 76464556
32666680 92879688
25734144 73281592
47424649 61015097
40751071 68865762
16413741 55191434
12692020 96782757
23784163 64009903
1077146 74636232
16667150 30093796
85166527 93350152
1744327 46769182
20990329 72088639
16402925 58856407
616118 91624621
11490113 83904273
1980867 94644046
9018485 35752039
46262278 99814970
19252071 70123954
10471498 95416046
20593628 28851793
30621001 44343521
54755194 76486372
7233232 8662098
5683899 73851889
64597187 76719372
44005123 81710369
22825688 78331863
42844218 45307607
55182198 56620102
42124181 94381794
27282596 63813411
18731026 81097824
17961966 94006534
53484087 55400071
38964492 50266982
50301217 71320917
107402 85768797
12393163 94284324
44657718 91983726
29205196 46461735
7748025 91096490
49462107 65001992
17369368 96481984
30373 94465344
22479232 98508898
17315244 21460294
34359233 95377404
282524 58950368
66124275 77889623
20913063 95931620
847832 97391040
60425650 99079999
65786668 68432245
56295451 62313179
4865633 75146001
40060856 89522374
6475771 37599477
10110642 34790286
3038576 71137391
28771107 58775585
9609293 85384937
17547810 76233199
49346525 86052428
27750619 57576790
28579092 39142706
4235491 70799104
20509732 98926018
44851811 77930607
31132204 43896682
3096959 72409203
13845541 81225442
59140328 71993136
8177094 38735178
21384208 61684166
1903060 93337842
2395513 72098673
92963 21129066
4586495 89598867
76718874 94526185
12512364 61646481
43083353 98881837
23459300 95559529
9399353 80942264
13272647 80329348
56189108 90019322
81478089 81867598
44743027 73821618
28282410 99137991
27252549 91985963
23506591 66095502
60520503 97146890
8613900 89515622
25054540 73649025
21172309 48886001
28010478 56670403
48771745 81232341
6731047 54801364
2813655 63535061
4854380 77852089
60813137 68387787
13140574 77799753
4537157 97453075
26327252 91281925
16692735 97249227
22664596 81417970
3819225 95002561
690526 98364031
3896026 98930028
3823392 99771548
40283831 83025118
57523303 66197098
970858 98442680
18307870 99096795
9315286 84756612
27457909 72022629
49208823 92231616
4448360 56232297
27997519 58047363
36752762 82546808
9663756 90181954
9361145 78643028
8855268 86335612
17432497 82055858
6430474 97177957
33083517 76699461
44365470 79405528
32815106 78688601
9695821 51382467
17946476 68594860
59380963 80006969
329747 99313757
31725696 77673165
64165226 87260815
53865421 63833709
28906314 98599013
11283414 87207038
9664610 78627649
9743816 44409385
14146153 50929056
10688149 62989772
21275440 38815627
14844008 81609965
66260882 77211098
4356387 67617063
27232265 94653207
180509 55967625
3631588 51450893
47194390 99372115
10095856 20780101
30308240 98745863
9684778 88132746
28629724 41665882
20189506 98537846
69955603 80845381
20893009 62249590
38363423 69363182
6493670 88028607
777801 13105651
28875121 60886490
8046130 48703837
13290418 25656612
34217330 88845876
58369143 95129265
25704245 29275313
77621872 89384068
32093197 87099936
13909449 51721695
11946410 49038893
220362 74741588
3232558 86560314
17864343 85501457
66762804 70565602
10334659 66882099
477646 99987704
25506471 78624612
32297961 73868608
89835839 94625246
67977040 86201368
12718394 97532050
36078228 89200294
8800600 88777724
10550410 17991258
9587559 36569060
12158824 83192612
56600127 74181082
14768809 79824963
15498 96343989
937837 96810115
44455850 77567593
17451467 48829105
111367 67098784
16306791 18354180
91170117 95471727
1712223 29262294
1408238 65282931
61711840 62566714
54432747 82645593
4050120 56413358
23276907 64726454
73902885 93845197
18992337 76307218
6553456 96648825
31941625 94832052
19784620 40993863
62064846 75343328
1117525 74005158
64933 99979785
96602551 99917202
20554825 99673005
45452527 71993183
7339660 81099508
10706246 90608074
13580868 89081650
16604912 22705569
5579178 72911002
1504289 89353946
69149349 82002366
22148181 98663868
28937868 31168002
12349492 88128017
7589557 85246443
9726576 86335876
6432247 93977542
30214836 99985811
9174776 87648631
21584743 49917854
26745119 85794719
39919004 86417697
38213005 90830418
17489223 91929322
63494651 84450598
2923074 95187520
72780216 91130470
1029480 77406391
44286072 74192710
3545220 20268968
19688267 96106304
14307294 45508329
19669496 95442962
45385045 79926834
7201353 52933971
1861691 98283897
5850701 28376376
9583009 84749095
2878915 89043586
18726996 79512988
37625526 89275831
5877026 79853036
68724144 95697807
62634787 95004847
11157057 95698194
36219834 49803298
48828384 94846512
8019597 60406223
51812017 57662528
43539650 97718990
28432042 77005520
23925952 53659947
29292046 98579538
2815093 98699172
46884663 87952405
5574493 47448817
80216760 97484985
5073988 97458109
34195241 42176770
50906181 93330466
66786246 71945139
35728187 40279069
49247917 88933835
17627590 36350449
45810223 93038068
13923074 99557265
10093387 81951141
65850718 95510440
36116512 77061736
7129931 96616600
11510820 79965595
9764420 87843722
56277553 83966102
25061560 76440846
81944433 98749844
13588837 35171207
66326529 86669876
7952508 95248676
32932396 73808582
9297132 89370270
4286528 97237114
7213747 71511324
47907984 81501103
71562637 78430802
51459798 87555962
38821765 90712663
43997152 49092074
4644021 55358205
24407478 99153002
10470342 90361438
19324646 63352415
39263456 98245531
11888596 88074948
1881859 99428860
26447612 43367685
33630613 93152749
81899596 82175567
13532309 74588974
2941291 99927956
55648743 82421273
48504718 87972406
1047244 98968673
30953516 73271549
51534769 61672839
7309452 84886835
31475110 36061762
11899948 60435339
42046461 43768781
41672870 60558464
38977975 64688251
31301395 89104454
70487909 83911742
30285049 98701930
14626997 99719901
11677114 99909218
26151339 50407878
27578108 81526524
6786398 61732106
2607945 88117809
23850713 68268169
23567395 47471949
39911658 56997094
60288811 80035648
4533648 91097886
71582056 98034132
70350792 92919148
7994767 87670576
9801049 96299044
11192496 36747110
18312422 92188583
608126 99888737
33534136 51427310
18248959 96501214
8911421 95520137
4087587 98335781
1700264 99471201
25533998 81864394
7546992 46270998
39485075 77494989
8856169 97462357
37154079 99661017
2305221 81882457
54491346 91452288
4707018 95340679
3958375 29467296
6981093 31783346
2821041 93519128
2709652 92185906
6264523 22907135
53219 96369769
12387943 98971563
663117 73805561
60423 95427967
13656392 79225962
45023885 97068550
47597012 54391541
32935584 99685675
18075287 94407301
77506331 77990416
4739705 87631122
14325285 63800888
58465660 87176923
36778619 94392254
42717941 98206836
77389 29188089
23267195 73358044
10422688 92527841
28247478 97600836
45068038 80216998
72540651 74324567
64426000 90552337
41825251 77472849
1784320 95164472
737578 61238538
3507894 86981812
6643140 84423198
8578306 94141937
42208180 85198697
10297400 23159923
12482996 49912035
45029242 75072283
40680678 87943687
8397207 93852853
45655189 45766955
59023895 92893264
33285319 59001483
40057926 99491647
891485 94848814
11547423 56477312
44108331 92004368
32854737 56711959
62329293 70278120
7093660 97321745
9421799 59478565
839189 68527045
5327017 89722019
41253773 79214998
83126361 92601240
49726988 50213014
3485005 79681353
18645217 27944492
4357331 45829326
8458858 88145500
2966107 96983303
18657065 89007095
26451950 64815333
17645313 41898079
14071118 27359611
16167770 98077172
7704877 86277018
1327770 61627849
19913068 94982284
1047985 96532815
42369050 91876279
6554082 97478367
3511336 96560880
1740113 22681171
67929302 92977153
17503375 99148996
21986442 69186557
1487233 73224258
35188569 89390357
5120576 85122454
14598059 81686324
20034559 64569145
46878730 48924775
43846927 51569784
50027654 75509752
19305625 86382554
1633913 84366465
41130825 79061351
50927632 93350791
11511459 58644565
8777554 13885643
42331951 42612551
19481799 28615146
4729369 39529129
1472978 94332735
44318374 83811435
67334299 75702404
37325255 96510087
4053548 72229247
14245301 58095922
14405 99962664
33454274 70763410
1591784 98376942
3815927 92938957
26075071 40362858
24329704 80601224
1659927 99396455
61671688 92481665
9001276 96926752
4335243 50097907
8968905 98190482
5472390 95299762
15990 99945223
3691622 51882622
12236771 20117446
16968174 31266574
36119056 71977112
36892429 40941396
34515164 69093891
8329783 82139297
48490058 80201134
24385373 75323712
42509551 48937955
51076516 96138970
35251922 92509504
8821675 84557529
28776138 61054744
6965214 33176508
13522968 82863980
29729393 30169435
1476011 72486974
26749391 98334143
3218749 67816356
19189358 96819190
1297417 93608437
43258696 55682256
18612231 56823053
24093437 92043900
15680517 89495144
3695567 93455500
30213140 38564712
18083842 37167755
26806161 83546781
11256458 50893800
1142830 75601668
11019691 91980326
40931489 70229906
3957480 65976421
24092403 39107935
50104049 56313521
14199949 95360996
23511176 52641279
36286499 44853635
24360367 96477784
43176333 65614682
49930181 62774475
4034627 99722317
12598004 59804917
9386642 85199786
48354297 93248784
45986004 47364448
29445211 65624864
38779936 85646868
18658578 89281420
49287696 70759274
36343809 93184450
33786066 57174680
5592044 90385539
47874255 55291138
83233396 98519306
5109633 70773150
25550808 87788471
2689669 77968143
5416263 97848864
18451300 92380100
19792865 99701432
5075165 17163403
8516837 71628588
1645392 99922271
17317541 85511888
1662343 98424998
23354779 29314016
30732714 37379380
39611078 99800055
49169629 73837809
340176 98747848
16299497 63930145
9708942 21105992
19071275 98950937
194800 99810121
44819468 81399363
33275926 61134904
45549792 69148560
50286318 83251590
17839937 55851428
6538272 97078657
1747390 89011077
8966920 92815660
12529262 75839774
60011378 79973408
27897864 46478761
4773532 50117018
50598134 99169193
34846895 71843531
11331134 43208456
2721242 56998366
64928151 70193641
73843376 94798300
41818092 96928146
30022248 67451678
78169271 94702331
5299047 92601227
3726108 73100211
3576866 59227097
20406068 87473563
35562220 52980800
47631706 56590658
47131678 50236973
5428766 92398394
6961337 90730415
32645971 91814823
763773 75457147
9442377 64732954
8631660 74333388
13932388 90170447
330488 99112379
60640402 61066703
55103725 89945440
6277225 48930089
67572678 94464925
4796471 52809672
78374169 95195701
36412629 68673083
702218 97262836
29197194 76981657
42485969 59731697
22116165 62110836
10316477 67563860
5376110 98557949
16069069 88078121
751778 81583012
5730826 78982698
16730822 78438442
30891106 83740766
63643124 77543819
4425507 97032638
7861261 57503734
34256621 83173285
54152835 72948003
3379315 62776556
26778044 86085099
822515 95311541
10526790 56710577
1160970 32168866
4844013 71380601
64901139 75061361
21310294 86151267
13843045 75961098
34444783 70727213
29788517 67814124
59609853 98208566
2676260 96342677
56521357 92931332
26171617 98460772
11163127 97871941
6103523 82010056
3652998 18095295
58443045 88675362
41709938 57898222
818792 89708186
22287491 95888534
34556393 93436920
34241320 88552760
35063255 80091482
15492109 81415484
17749942 95830147
21738735 39621856
4609997 76139533
1746966 82419351
2415537 80308730
2470090 2629732
79590763 92246750
38754649 61426519
50300991 75507118
10721816 95980531
26851231 89444215
43041854 95540128
61257949 98365835
70681968 80797215
8060397 12559919
6492195 97921411
63005342 95404383
33446634 51945197
46049088 98056728
78872845 94866181
63737103 75372845
41157246 92483329
173203 95676638
52675686 89800685
9287002 96685337
13568888 60602816
47716236 98941994
62658089 87965829
33567138 93014687
23931132 88236395
44914922 75813933
24957635 69540267
1060008 1405226
35051333 85487798
57354926 70211764
78763205 99764116
20094537 83227917
33403167 63704793
9550610 39319660
16863919 95660302
18575535 94206391
87566793 96741528
14099948 48588513
7932419 44759542
33676283 84677041
10431720 98994930
28040227 96877173
11153986 89893316
55122997 63867874
43958599 85736329
40733620 79856133
6278191 92969047
4549874 48287392
11530803 98992523
14543130 39538371
22261199 26442794
17175582 74776244
10458902 76265743
10371593 94617314
10652536 73653407
4602826 69209676
26214331 86336675
21035048 33693457
3703433 62393648
848578 91446080
8481100 84863729
17790369 57705656
26414378 81518053
6102836 53612700
17666321 17862653
2386282 98518546
15667268 98860718
11489141 70476868
68580965 72650107
293033 92500499
18324865 76872459
46437443 81130492
39194905 99847307
11329690 58763109
19065567 81419349
18870909 67951754
9204887 9562222
31483342 88710818
54481066 94851051
18878095 93080126
7454645 99819503
7443051 91262598
24717453 83856717
60628303 91717380
2369659 72055616
3418464 86287001
87449209 99561564
71390724 84797771
2763124 83536653
22964073 99649625
69323630 97785345
20081585 89906208
81991380 86570464
7017155 98085964
10332900 93535555
15278677 70650036
9597382 98150542
19882665 58579100
3457897 96292591
11878237 83278514
75811483 94711094
1386524 99285035
9551119 50436338
21019900 88468683
4965443 25750134
6719066 85880259
70502162 71602121
47000379 84340195
17548594 98762614
19771419 75127904
70304305 71859329
73934692 87821106
70496378 74086682
30021272 75721707
15123375 92757710
10511466 85779950
3586437 34217289
78648041 82625094
30291376 30415736
2498137 98191548
11419337 95439863
83195362 94617020
42041610 84176933
27777463 73776375
73100247 78407319
42261126 89579689
6871020 63919179
8799495 84336884
53800665 89736440
23959824 96555317
38482507 79545166
7338803 37615978
2313199 90714075
36965838 78140687
28559192 53685891
29305956 88516944
12396444 64667426
69962297 89708377
62840877 78092764
6687775 10783661
5442658 80038628
37733570 70569881
39301888 93128168
5708835 99007445
532764 91881886
61827333 69191458
16300193 20919381
33030934 92229606
386905 74688240
24762683 98312536
9772207 93675979
37316253 90370245
73703140 86845941
26179122 50323520
34650982 50072104
50840601 76174523
30851674 70898497
26676870 95094909
33199517 87320520
3040912 98013063
75786539 79046361
25509850 90546528
77974245 82644957
71509051 94242691
49909706 68891746
20559995 55650932
68535964 85610163
2809997 97067989
695517 23525881
535518 99860429
24465656 68658599
18135586 91682894
2459499 99849191
29908542 64906536
63462765 63727749
50964712 67759122
7794908 53706524
8918346 70017009
58927180 64059701
57773511 89125605
17950761 98852054
7456725 82127831
170399 62171988
31680073 94121031
7862248 97552133
6037728 76280656
982014 99127182
16403720 43993566
65314413 81595276
3834438 4112780
8344887 89815168
562996 97117454
63168093 77509805
7642375 99694023
54541749 91047162
40434454 76557211
42719958 94710878
49286278 82077976
4636561 89375665
54759849 58269491
13011907 88754588
21340842 62712761
25374152 93134305
65245 99991099
44305646 64991192
9152183 35998223
4497925 75742650
91568650 91925840
39221119 77726501
54625957 95588744
1009022 91498477
15021230 55553056
22619766 31448894
1343621 98029961
34284588 80616029
77897256 98449837
69661598 85064075
80914411 86342520
9812978 97051672
35943428 67226966
15728776 99448352
5194936 98855891
31424336 55709268
20791908 30981595
47985796 87430588
8882986 98979939
9061108 91147658
53426403 91600335
57895395 99215229
17562001 96494363
3500861 91143246
25574753 70926917
2271435 28072142
25415694 67789916
82190509 90740730
67918084 92049417
565096 96629615
74622917 85120517
42225427 57228286
9233552 48903525
43821874 91729856
43683035 63123600
47575306 86222658
27533800 79205207
10453659 93146999
64948730 91016234
2043333 98957393
16236532 97485650
17622502 70448076
50733033 87242155
26166704 88534415
24987971 65060144
13552889 90254144
46715891 83670434
26361243 79429388
18308032 99754877
80564982 95082399
27255477 48325236
18901630 93862105
17287871 78583607
33518365 98400198
9381481 85946911
4042355 94157544
44937452 95033124
7191998 90318636
6142752 76557794
2690726 80065299
39889554 55116723
5396461 81001683
40281653 79315267
9337911 89566522
24762155 99790412
2691868 99314674
13037572 27653059
77347411 95946820
4275243 76741155
1119266 98842814
58171965 69280922
44554519 61993770
3158784 81501746
3803688 94048312
25389145 86045659
3693221 72866410
70366006 87937553
50140115 92000225
34965906 52113295
115904 99956542
33732893 98805075
28526920 89676039
31414206 88853554
53720136 70161867
32074318 93878387
26368262 32318622
51153956 63413191
50434368 82291229
5672071 61203280
39079902 69031218
635531 99526850
32661413 99512315
7241903 36262783
15136252 36861618
7422685 95622340
149212 64846110
4519196 98920347
11800206 82463225
28282609 64969411
23307523 93136522
176006 89493526
10373991 86985029
18637740 44926284
5270013 93942456
19647586 33185483
21144746 58080672
20292986 64907046
8984119 99186735
1442001 96315554
8156069 84154698
64319068 97076967
18499189 74222187
8923197 96610089
1318935 84294941
41079028 98828107
25092623 53847634
24452391 31212922
24577230 83916762
86267372 95153373
2849640 98002761
