62
11
5 11 8 11 6 7 3 1 5 10 9 4 2 8 2 4 9 10 6 1 7 3
3
2 3 2 1 3 1
20
10 1 2 7 6 5 8 15 19 11 4 17 17 11 18 9 19 13 6 12 2 1 14 10 7 5 8 15 3 20 16 4 16 18 20 9 3 13 12 14
6
3 4 6 1 5 2 6 3 4 1 5 2
20
8 7 17 12 15 16 9 6 2 4 10 20 4 6 9 16 18 15 14 17 8 7 11 13 3 12 19 5 1 2 10 20 1 5 18 19 14 3 13 11
5
3 4 3 2 4 5 1 1 5 2
18
10 3 15 6 13 4 1 18 18 4 16 13 15 3 8 7 5 11 2 10 12 6 17 14 1 9 9 14 16 17 8 12 7 2 11 5
20
5 8 1 4 10 11 19 10 4 17 16 18 9 8 13 5 14 15 7 20 1 2 6 12 3 11 19 3 17 12 6 16 18 9 2 20 7 13 15 14
5
2 5 2 4 1 1 3 4 5 3
12
1 6 12 2 8 4 10 4 3 12 7 1 6 2 9 8 11 5 5 11 10 9 3 7
20
12 8 10 15 11 9 11 3 16 12 13 2 14 6 4 17 20 8 10 5 18 15 19 7 1 1 7 9 19 3 18 5 20 17 4 16 6 13 14 2
3
3 1 3 2 2 1
4
2 1 4 2 3 1 4 3
16
1 4 11 3 7 15 12 13 6 13 12 15 3 9 5 1 4 11 10 14 16 7 2 8 6 8 2 16 14 10 9 5
15
5 8 2 6 13 10 14 15 3 4 7 11 11 15 14 10 13 2 9 8 5 12 6 3 4 7 1 1 9 12
1
1 1
18
10 7 17 4 8 5 9 6 18 16 11 2 14 12 11 15 16 9 3 5 8 10 13 7 17 4 1 6 18 2 14 12 15 3 1 13
15
1 6 12 14 10 4 7 13 11 15 2 1 9 8 6 5 3 12 14 10 4 7 13 3 5 11 8 15 2 9
15
4 13 7 10 11 5 9 9 5 11 10 12 14 4 3 13 6 8 2 1 7 15 12 14 15 1 2 8 6 3
20
13 15 2 14 3 7 9 1 10 11 4 17 10 1 9 6 13 15 8 2 18 12 14 3 19 7 5 20 11 16 4 17 16 20 5 19 12 18 8 6
7
2 6 5 6 7 1 5 2 7 3 3 1 4 4
20
19 15 16 13 8 18 2 17 5 6 14 6 11 3 4 12 2 18 8 19 15 1 10 7 16 13 20 17 5 9 9 14 11 3 4 12 20 7 10 1
7
1 5 7 3 2 4 2 5 1 7 3 6 6 4
20
13 17 12 15 4 20 16 3 5 14 6 10 6 9 14 5 3 16 20 4 19 8 15 17 13 12 1 18 11 2 7 10 7 9 2 11 18 19 1 8
1
1 1
20
20 9 2 7 13 12 6 1 3 10 5 14 19 15 14 18 1 17 13 7 8 9 20 2 12 6 11 3 10 5 16 4 19 15 4 16 18 11 17 8
4
1 3 1 2 4 3 2 4
20
16 15 4 18 19 12 8 5 6 10 2 10 5 8 13 9 20 17 4 1 16 11 15 18 3 19 12 6 7 14 14 2 7 13 9 20 17 3 1 11
20
13 9 20 2 7 2 11 15 1 20 14 9 10 13 6 12 18 3 17 19 5 4 7 8 16 16 8 4 5 11 15 19 17 3 1 18 14 12 6 10
1
1 1
10
7 1 3 10 2 1 5 7 9 8 6 3 4 10 4 2 6 8 5 9
20
14 6 3 17 11 10 8 20 1 4 13 18 4 1 16 19 2 20 8 10 11 9 14 12 15 7 5 6 3 17 13 18 16 19 2 9 5 7 15 12
20
20 13 19 6 2 18 17 11 8 4 14 3 10 3 1 8 12 17 18 6 15 19 20 5 9 13 7 2 11 16 4 14 10 1 16 12 7 15 5 9
1
1 1
7
7 1 4 1 5 6 3 7 2 4 5 6 3 2
19
19 15 6 14 1 17 9 7 7 3 16 4 1 11 13 14 10 5 12 19 15 6 18 2 17 9 8 8 3 2 16 18 4 11 13 10 5 12
20
20 11 14 2 7 10 16 15 19 19 13 17 6 16 7 11 8 9 20 3 14 12 2 10 18 15 1 4 5 5 4 13 1 18 17 6 12 3 8 9
6
4 1 2 5 5 1 6 2 3 4 3 6
6
1 5 3 6 6 3 1 4 5 2 2 4
20
2 5 16 6 13 9 7 9 8 13 5 10 17 19 2 15 1 12 16 6 14 4 3 20 11 18 7 18 11 8 20 3 4 14 12 10 17 1 19 15
9
8 2 3 9 3 8 7 2 6 1 5 4 4 9 5 1 6 7
9
6 9 1 3 9 5 4 8 6 7 2 1 2 3 7 5 4 8
20
6 9 18 8 15 3 20 1 4 2 5 2 7 13 11 18 10 6 9 14 8 15 3 19 20 1 4 16 12 17 5 17 12 16 7 13 19 11 14 10
20
15 9 7 11 1 17 6 5 12 10 12 6 8 4 13 1 20 2 16 7 9 3 15 18 14 11 17 19 5 10 8 4 19 13 14 20 2 18 16 3
5
3 4 2 3 1 4 5 5 1 2
11
2 1 11 6 3 9 4 3 10 11 1 2 5 6 7 8 9 8 7 4 10 5
10
3 8 2 4 10 4 1 3 8 9 7 2 6 5 5 10 6 7 9 1
18
8 16 15 5 13 14 3 11 18 1 9 9 4 5 15 16 10 17 6 8 13 14 3 11 18 1 7 12 2 2 12 7 4 10 17 6
20
13 5 8 14 3 17 7 2 11 10 19 4 20 15 3 9 14 18 5 13 1 12 8 17 7 6 2 11 10 19 16 16 4 6 20 15 9 18 1 12
17
8 9 14 10 11 4 3 6 1 15 1 6 3 13 2 16 4 17 11 10 9 8 7 14 5 12 15 13 2 12 16 5 17 7
6
5 6 6 3 5 4 2 1 3 4 2 1
6
5 6 3 1 3 5 6 2 4 4 1 2
20
8 16 13 4 19 14 20 12 20 15 9 10 3 2 6 11 5 8 16 13 18 4 19 14 1 17 7 12 7 17 1 15 9 10 3 2 18 6 11 5
16
14 4 7 15 2 10 15 13 11 16 5 6 14 4 12 3 9 7 8 1 2 10 1 13 8 9 3 11 16 12 5 6
20
2 13 16 15 18 11 4 8 19 20 14 12 9 6 6 19 1 8 4 11 16 13 17 2 15 18 20 10 14 12 7 5 3 9 3 5 7 10 1 17
1
1 1
9
5 1 8 4 2 9 8 1 3 5 6 7 4 2 9 7 6 3
9
6 7 1 8 5 9 5 8 4 6 7 1 2 3 9 4 3 2
1
1 1
12
9 8 12 11 11 5 6 8 2 9 7 4 1 3 12 10 10 3 5 6 1 4 7 2
8
3 2 4 8 6 7 5 3 2 4 8 1 6 7 1 5
20
7 18 17 12 13 2 20 14 19 8 8 15 11 16 13 12 9 7 18 17 4 6 2 20 14 3 1 19 10 5 5 15 10 11 1 3 16 6 4 9
