91
4
3 4 1 2 2 4 3 1
15
4 13 2 5 11 8 12 14 6 9 6 15 8 5 2 1 13 4 7 3 11 12 14 10 9 10 15 3 1 7
7
2 4 3 1 4 1 6 6 5 5 3 2 7 7
1
1 1
3
3 1 3 2 1 2
7
2 6 5 4 2 7 3 6 1 5 4 1 7 3
26
21 6 12 19 20 1 26 18 2 4 16 9 16 8 23 3 1 20 12 25 6 11 21 13 10 19 5 14 26 17 24 22 18 2 7 4 15 9 15 7 8 22 23 24 17 3 14 5 10 25 11 13
4
4 3 1 3 4 2 1 2
17
1 10 5 13 8 9 15 14 6 4 14 9 8 5 16 3 1 12 10 7 13 17 15 6 4 2 11 11 2 17 7 12 16 3
1
1 1
12
5 12 8 1 2 11 2 7 3 8 12 6 10 5 1 9 4 4 11 7 9 3 6 10
3
3 1 2 1 3 2
1
1 1
28
16 25 28 9 14 22 13 27 18 12 4 7 24 3 21 2 24 6 7 10 26 12 14 8 5 25 1 16 23 28 19 9 20 15 11 22 13 27 18 4 3 21 17 17 2 6 10 26 11 8 15 5 20 19 1 23
24
13 10 9 12 3 8 18 23 18 8 1 3 7 16 15 21 19 24 17 14 9 10 5 11 13 2 12 22 6 4 20 23 1 20 7 16 4 15 6 21 19 24 22 17 14 2 5 11
1
1 1
8
4 6 8 2 7 4 3 1 5 6 8 2 7 5 1 3
17
13 1 8 7 5 9 3 16 6 15 10 14 15 6 4 11 13 1 17 8 7 5 9 3 16 12 2 10 14 2 12 4 17 11
8
8 3 2 6 8 3 5 7 1 2 6 7 1 4 5 4
14
8 4 14 11 2 1 13 12 9 5 14 4 8 3 10 6 11 7 2 1 7 13 12 9 5 6 10 3
14
5 13 3 2 9 4 11 1 7 10 1 11 9 2 3 13 14 5 8 12 6 4 7 10 6 12 8 14
21
5 16 9 11 3 17 2 14 1 12 1 20 15 17 6 3 18 10 11 19 8 9 5 16 13 7 2 14 21 4 12 4 21 20 15 6 18 7 10 19 8 13
10
7 9 8 10 1 2 9 7 3 4 8 5 6 10 6 5 1 2 4 3
4
3 4 1 4 2 3 1 2
6
5 1 5 4 3 2 6 1 6 4 2 3
13
1 10 6 11 2 7 12 5 13 4 7 6 3 10 1 11 9 2 12 5 8 13 4 8 9 3
16
12 14 4 13 7 2 5 10 16 8 1 15 15 16 5 7 13 4 14 12 6 11 2 10 9 8 3 1 3 9 11 6
6
2 1 6 3 2 5 4 1 4 6 5 3
8
5 1 7 2 3 4 7 1 5 8 2 6 3 4 6 8
2
1 2 1 2
22
6 7 5 12 1 10 17 22 18 4 3 14 11 21 11 14 8 4 18 17 1 12 2 20 6 7 5 16 9 10 13 22 3 19 15 15 21 19 8 13 2 9 16 20
21
20 12 13 5 9 21 11 14 19 4 1 10 4 8 17 20 12 13 5 3 6 9 7 21 18 11 2 16 14 19 15 1 10 15 16 2 8 18 7 6 3 17
10
4 9 5 8 10 1 7 2 5 9 4 3 8 10 6 1 7 6 2 3
6
5 4 1 6 2 3 5 4 1 6 2 3
4
4 1 2 3 1 4 2 3
11
9 10 4 11 6 7 7 3 1 10 9 2 8 5 4 11 6 3 1 5 8 2
11
3 9 11 1 7 8 9 10 3 11 2 4 6 5 1 5 7 6 4 2 8 10
5
2 4 4 2 5 1 3 3 5 1
17
9 11 4 13 12 3 10 2 5 10 16 12 15 13 11 9 4 14 3 17 1 7 6 8 8 2 6 7 1 5 17 14 16 15
16
12 1 5 9 4 11 3 13 13 3 4 14 9 5 2 7 8 12 1 6 11 16 15 10 10 15 16 14 6 2 7 8
12
4 7 12 5 1 5 6 2 11 3 9 3 9 12 1 11 2 8 10 6 7 8 4 10
16
8 4 7 2 14 2 13 3 9 7 11 10 8 6 15 12 4 1 5 16 14 16 13 3 5 9 1 12 11 10 6 15
38
24 25 16 26 3 17 6 7 32 12 37 38 2 18 4 27 19 28 4 33 10 22 9 38 37 1 7 29 6 23 17 13 3 26 16 24 35 25 8 15 34 5 36 30 32 11 12 21 31 2 18 27 14 20 20 19 14 28 33 10 22 31 9 1 21 11 29 23 30 36 5 34 15 13 8 35
16
1 15 11 5 9 10 8 13 9 3 6 16 15 1 11 7 4 5 14 12 2 10 2 12 8 13 14 3 4 6 16 7
1
1 1
26
11 23 3 21 26 16 24 5 25 17 4 2 2 1 4 6 13 8 18 22 17 24 20 16 10 21 3 11 23 14 15 26 9 5 25 19 12 7 1 6 13 8 18 7 22 12 19 9 20 10 15 14
44
44 26 36 28 22 1 6 24 10 17 14 7 3 5 41 29 19 9 23 13 30 37 32 12 31 33 34 33 38 4 42 11 30 13 15 23 19 27 29 18 3 7 25 40 10 24 6 1 28 36 44 26 22 21 8 17 39 14 2 5 16 41 9 37 35 43 32 12 20 31 34 38 20 4 42 43 35 11 15 27 16 18 25 2 39 40 8 21
9
3 5 6 8 8 6 5 9 3 2 7 1 4 4 1 7 2 9
2
1 2 1 2
29
13 16 5 23 8 17 22 20 1 27 9 19 19 9 24 25 2 20 8 23 5 13 14 4 10 26 11 15 7 16 21 3 29 17 22 28 18 1 27 6 12 24 25 12 6 2 18 28 29 3 21 14 7 4 10 15 26 11
8
5 1 6 4 4 1 7 3 2 8 5 6 7 3 8 2
9
9 2 7 7 5 2 9 8 1 6 4 3 5 3 4 8 6 1
13
4 3 13 6 2 7 8 10 8 13 3 11 4 9 5 1 6 2 7 12 10 12 1 5 9 11
4
4 3 4 2 1 1 3 2
3
1 2 3 3 1 2
12
12 2 4 3 11 10 5 1 9 11 4 2 12 8 6 7 3 10 5 1 9 7 6 8
1
1 1
3
3 3 2 2 1 1
3
3 1 2 3 1 2
25
11 18 22 14 3 20 8 7 15 25 13 9 19 2 16 2 1 12 23 13 25 20 24 14 22 18 11 4 3 8 7 15 21 9 19 5 17 10 6 6 10 16 17 5 1 12 23 21 24 4
17
1 7 11 6 17 13 3 8 16 8 15 10 5 12 13 9 6 11 7 14 1 17 4 2 3 16 15 10 5 2 12 4 9 14
1
1 1
6
1 6 3 4 5 2 1 6 3 4 2 5
10
3 4 2 1 7 1 6 4 9 8 3 10 5 2 7 6 5 10 9 8
10
7 8 3 6 10 10 8 4 9 2 7 5 3 1 6 1 5 4 2 9
1
1 1
3
3 2 3 1 2 1
2
1 2 2 1
2
1 2 1 2
23
11 17 7 3 5 1 12 21 4 19 6 23 23 10 20 19 13 15 5 3 7 14 11 16 17 2 22 1 12 9 21 4 18 8 6 10 8 18 20 13 9 15 22 2 16 14
25
12 6 24 19 13 10 23 15 18 20 1 16 7 8 14 16 20 18 9 25 13 19 17 4 6 5 12 24 11 22 10 2 21 23 15 1 3 7 8 14 3 9 21 2 22 25 11 17 4 5
15
3 8 10 13 5 7 4 2 14 4 1 8 11 15 3 10 13 6 12 5 7 9 2 14 9 1 12 6 15 11
5
5 1 1 3 5 4 2 2 4 3
6
4 5 3 2 4 6 5 1 3 2 1 6
2
2 1 2 1
9
7 1 4 8 5 4 1 7 6 9 8 3 2 5 2 3 9 6
6
3 1 4 3 5 1 2 4 6 6 2 5
4
3 1 4 3 2 1 4 2
10
2 10 8 3 9 1 6 3 8 10 7 5 2 4 9 1 6 4 7 5
7
3 3 7 5 6 4 1 2 2 1 4 6 5 7
10
10 5 7 4 1 6 2 9 8 2 6 1 3 10 5 7 4 9 8 3
10
7 3 4 9 8 3 5 8 1 6 10 7 6 4 9 2 2 1 10 5
4
1 3 2 4 1 3 2 4
9
1 6 9 3 5 5 8 2 1 6 9 3 4 7 7 4 8 2
20
3 17 16 14 18 9 9 4 12 14 17 2 3 5 7 13 11 16 20 6 15 18 8 1 10 19 19 10 1 8 15 6 4 20 12 11 13 7 2 5
46
7 4 30 43 34 3 18 1 25 35 29 19 40 12 9 5 10 44 20 23 41 22 6 22 41 28 42 38 21 16 10 5 24 9 19 27 3 33 8 39 43 30 4 7 36 46 34 45 18 1 25 26 2 31 13 35 29 37 17 40 12 14 44 20 32 15 23 11 6 11 28 42 38 15 21 16 32 14 24 17 37 13 31 2 27 26 33 8 45 39 46 36
2
2 1 2 1
5
3 1 2 2 1 5 3 4 5 4
22
21 12 11 16 22 4 1 6 15 17 17 9 16 6 15 13 10 14 5 14 20 18 13 7 19 9 4 11 18 8 19 22 1 7 8 20 21 3 10 2 2 3 5 12
5
2 3 1 3 2 5 4 1 4 5
5
5 1 4 2 3 5 1 4 2 3
