79
15
1 4 2 13 13 5 1 6 3 7 14 9 15 4 10 8 2 11 12 12 11 8 10 15 9 14 5 7 3 6
16
14 5 6 16 3 11 7 12 10 8 4 2 2 10 1 11 3 16 9 6 14 5 13 15 7 12 8 4 1 15 13 9
13
10 3 2 6 8 5 4 13 11 6 9 3 10 7 2 12 8 1 1 5 4 13 11 12 9 7
4
3 4 2 1 3 4 1 2
3
2 2 1 3 3 1
12
10 3 7 9 1 1 6 9 2 3 12 10 4 11 8 7 5 5 6 2 8 12 11 4
18
12 6 8 13 15 9 4 10 5 2 5 10 14 13 8 3 6 12 18 15 9 4 7 16 11 1 17 2 17 1 11 16 7 14 18 3
6
6 2 2 1 5 5 4 1 3 4 3 6
10
1 9 2 6 5 9 5 6 1 8 3 7 7 8 4 4 3 2 10 10
27
5 26 25 22 11 10 20 4 24 17 15 7 21 2 18 9 2 21 15 3 17 24 14 10 11 22 25 13 26 16 12 5 27 19 1 6 20 4 23 7 8 18 9 8 23 3 14 6 1 19 27 13 16 12
12
11 3 4 7 12 1 12 2 11 10 6 9 5 3 8 4 7 1 8 2 10 5 9 6
10
9 2 8 7 4 10 4 5 1 6 9 3 2 8 7 10 5 1 6 3
9
5 3 7 6 6 3 4 9 2 1 8 5 7 8 1 2 9 4
17
9 15 17 14 3 14 4 12 11 6 5 15 9 2 10 1 8 16 17 13 7 3 7 4 12 13 11 16 6 5 8 1 10 2
7
1 6 4 2 3 7 1 5 6 4 2 3 7 5
34
32 8 19 6 15 7 21 14 29 2 24 30 18 31 1 33 10 22 16 34 12 17 17 11 27 5 34 26 16 25 22 10 33 1 30 2 4 29 13 7 6 19 3 32 8 15 20 21 14 28 24 18 31 12 9 23 11 23 9 27 5 26 25 28 4 13 20 3
3
1 2 1 3 2 3
8
5 4 1 7 6 8 6 7 3 5 4 1 2 8 2 3
11
7 2 1 1 2 3 4 7 9 10 11 6 5 8 8 5 3 6 4 11 9 10
1
1 1
2
1 2 2 1
7
7 6 5 1 2 7 3 6 5 4 1 4 2 3
1
1 1
1
1 1
41
27 26 33 16 39 7 23 19 25 4 8 38 32 2 21 22 30 24 20 3 30 21 18 17 2 32 8 5 19 36 7 28 9 1 31 27 40 6 11 13 37 34 12 26 33 16 41 39 35 23 25 4 15 38 10 22 24 29 20 14 14 29 3 10 18 17 15 5 35 36 28 41 9 1 31 12 40 6 34 37 11 13
8
8 1 4 5 5 6 2 1 7 8 3 4 6 2 3 7
3
1 2 1 3 3 2
14
1 5 10 13 2 11 7 11 8 12 13 14 10 6 1 5 9 4 2 3 7 3 8 12 14 4 9 6
46
5 12 44 25 38 6 43 30 35 24 40 9 10 2 1 42 23 42 34 2 10 37 22 35 27 30 43 25 13 19 5 41 21 3 12 17 46 15 44 38 6 16 4 20 39 45 31 24 40 32 9 7 26 28 11 14 1 8 36 33 18 29 23 29 18 33 36 8 14 34 11 28 26 7 37 22 32 31 45 39 20 4 16 27 15 13 46 17 19 3 21 41
7
4 5 6 6 7 4 2 3 5 1 1 3 2 7
1
1 1
1
1 1
3
1 3 2 3 1 2
83
74 61 54 76 57 77 38 23 5 58 40 36 14 60 2 63 52 21 44 79 51 19 56 50 80 75 65 42 37 18 69 11 32 6 34 16 55 29 13 39 22 39 13 59 20 7 55 6 32 11 18 17 62 37 45 50 9 3 51 49 71 79 8 52 63 2 60 41 40 68 43 5 23 54 61 74 73 83 30 76 66 57 33 82 77 28 38 58 4 36 14 48 21 44 19 56 31 80 75 67 46 78 65 42 35 24 53 72 69 27 1 26 15 34 16 64 29 10 70 81 25 47 12 22 12 47 25 81 70 59 10 20 7 64 15 26 1 27 72 17 62 53 24 35 78 46 67 45 9 31 3 49 71 8 48 41 4 68 43 28 82 33 66 30 83 73
33
19 4 2 25 20 30 32 21 23 22 14 33 13 28 15 12 26 26 12 6 31 18 33 14 1 24 27 30 20 29 5 8 4 19 2 25 17 32 21 9 10 23 7 22 13 28 16 3 11 15 6 11 3 31 16 18 7 1 10 9 24 17 27 29 5 8
1
1 1
1
1 1
13
3 2 10 7 13 6 7 12 8 6 1 12 5 4 4 11 1 2 9 11 9 3 10 13 8 5
2
1 2 2 1
11
11 6 2 3 5 8 8 10 2 11 1 9 4 6 3 5 7 7 10 4 9 1
4
4 2 2 1 3 4 1 3
23
17 21 5 2 13 15 7 3 16 10 11 1 22 18 1 6 16 3 7 15 2 4 19 21 17 5 13 14 8 10 11 9 20 12 23 22 18 23 12 20 9 6 8 14 4 19
26
21 18 25 3 22 11 23 9 19 5 7 26 5 13 10 9 22 3 8 18 12 16 24 21 17 20 25 4 14 15 11 23 6 19 1 2 7 26 13 2 1 10 6 15 14 4 8 20 17 12 16 24
3
1 1 3 2 2 3
3
3 2 1 1 2 3
23
15 2 9 19 20 18 1 17 13 22 16 4 21 21 16 22 6 10 11 12 17 7 20 5 2 15 9 19 18 1 8 14 3 13 23 4 23 6 10 3 14 11 12 8 7 5
7
7 4 6 1 3 3 2 1 6 7 4 5 2 5
47
23 33 21 4 40 11 22 29 24 25 19 16 34 8 26 2 44 39 1 20 8 37 30 19 36 13 24 29 7 46 5 18 4 27 6 21 33 41 35 38 28 23 47 9 43 15 12 14 40 45 31 10 11 22 25 32 16 34 42 3 17 26 2 44 39 1 20 17 3 42 37 30 32 36 13 7 46 5 10 31 45 18 14 27 6 12 15 43 41 9 35 47 38 28
25
7 25 24 9 20 3 5 11 23 13 12 10 21 11 4 22 18 14 20 9 25 1 19 2 15 7 24 3 5 16 6 17 23 13 8 8 12 10 21 4 17 6 16 22 18 14 1 19 15 2
46
16 45 5 11 23 34 8 14 1 42 13 20 26 6 25 28 31 27 36 21 3 37 3 21 36 2 12 27 44 31 28 29 25 18 22 26 1 14 39 10 11 9 19 41 38 33 24 45 16 7 46 5 23 34 15 8 42 13 40 20 35 32 6 30 43 4 17 37 17 4 2 12 43 44 29 18 30 32 22 35 40 15 39 10 9 19 41 38 33 46 7 24
13
11 1 6 9 4 8 5 2 4 9 10 6 13 1 11 7 3 12 8 5 2 12 10 3 13 7
3
1 3 2 1 3 2
15
5 15 2 1 13 6 4 7 3 14 4 6 12 13 2 9 5 15 8 1 11 10 7 3 10 14 11 12 8 9
3
1 2 2 1 3 3
6
1 5 2 2 5 1 3 6 4 4 6 3
12
12 3 4 6 10 11 5 11 7 12 1 3 4 6 10 5 9 8 2 2 8 9 7 1
48
45 16 28 35 23 15 10 47 3 48 8 32 12 6 38 40 33 19 13 42 11 37 26 29 37 25 22 42 33 27 40 14 21 18 32 7 34 48 17 47 15 39 23 5 31 43 46 45 16 4 28 2 35 44 10 3 41 30 24 20 8 36 12 6 38 9 19 13 11 26 1 29 1 25 22 9 27 14 21 36 18 7 20 24 30 41 34 17 39 44 5 2 31 4 43 46
3
2 3 1 1 3 2
19
18 2 3 1 4 19 6 17 17 9 4 12 15 2 5 13 18 7 10 3 8 1 16 14 19 6 11 11 9 14 16 8 12 15 10 5 13 7
4
4 3 4 3 2 1 1 2
2
1 1 2 2
23
10 17 2 18 1 16 23 4 15 19 8 19 16 1 18 12 9 17 10 5 7 11 3 13 2 14 22 6 23 20 4 21 15 8 21 20 6 22 14 12 9 13 3 5 7 11
16
16 11 6 14 9 1 13 2 8 7 6 15 10 16 5 11 14 9 4 12 1 3 3 12 13 4 2 8 7 15 5 10
17
11 1 6 16 4 4 13 3 15 14 8 5 1 11 9 12 10 6 17 16 7 2 2 13 7 3 15 14 17 8 5 10 9 12
1
1 1
19
1 14 6 10 4 9 19 12 12 15 16 4 10 11 8 3 1 7 13 18 5 14 6 9 2 19 17 17 2 15 16 11 8 5 18 13 7 3
2
1 2 1 2
1
1 1
8
3 5 1 6 5 4 7 3 8 2 1 6 2 8 4 7
11
4 3 6 11 10 9 10 1 6 3 4 7 11 2 5 8 8 9 5 2 1 7
3
1 3 2 2 3 1
10
7 2 1 9 3 10 10 6 4 8 7 6 5 4 8 5 3 1 9 2
11
9 11 4 2 8 7 1 8 6 10 9 3 5 11 4 2 7 1 5 3 6 10
7
1 6 2 6 4 3 3 7 2 4 7 1 5 5
16
7 12 6 3 10 16 2 15 1 1 2 4 11 5 10 3 6 9 7 8 12 13 14 16 15 4 11 5 14 13 9 8
2
2 1 2 1
1
1 1
1
1 1
1
1 1
