52
17
4 10 9 8 3 7 1 16 16 1 6 7 3 2 14 11 9 5 17 4 15 10 8 13 12 12 6 2 13 14 11 5 15 17
4
4 1 3 2 3 1 4 2
3
3 1 3 2 1 2
1
1 1
20
19 18 7 13 2 6 15 11 12 11 4 20 6 2 3 16 17 7 19 18 10 9 1 13 5 8 14 15 12 4 14 8 5 20 1 9 3 16 17 10
4
4 3 2 4 1 3 2 1
5
3 1 5 2 3 4 1 5 4 2
13
3 11 12 1 6 8 2 13 3 11 10 5 7 12 4 9 1 9 6 4 7 5 10 8 2 13
20
20 19 18 1 16 7 4 4 2 1 18 14 13 20 12 17 19 10 11 16 8 15 7 6 9 3 5 5 3 9 6 2 15 8 11 10 14 13 12 17
19
4 6 9 8 10 5 15 18 11 17 1 19 16 16 13 1 17 7 18 10 9 12 4 6 3 8 5 2 15 11 14 19 13 14 7 2 3 12
20
6 4 2 11 19 9 16 8 9 10 3 19 11 2 17 6 12 20 4 14 15 5 1 7 18 13 16 13 8 10 3 18 7 1 5 15 17 14 20 12
20
19 6 11 9 10 14 4 17 3 8 1 7 3 4 14 16 5 2 20 6 13 19 11 9 10 18 12 15 17 8 1 7 15 12 18 16 5 2 20 13
16
3 13 9 4 5 15 8 8 16 14 4 12 7 3 13 9 10 1 5 15 2 11 6 6 11 16 2 1 14 10 12 7
18
10 6 4 14 18 1 17 9 7 5 17 1 18 15 4 16 10 11 6 14 13 2 12 3 8 9 7 5 8 3 12 2 13 15 16 11
20
2 6 15 13 12 9 14 16 19 11 10 1 10 11 19 16 4 14 12 20 13 18 15 2 8 7 6 5 17 9 3 1 3 4 20 18 17 5 8 7
1
1 1
11
5 7 4 2 6 1 3 7 5 9 11 4 10 2 8 6 8 1 10 3 11 9
9
5 6 3 1 4 4 8 7 1 3 6 5 9 2 8 2 7 9
20
1 15 9 18 10 8 7 14 19 12 12 14 7 13 8 11 9 6 1 17 15 2 16 20 18 5 10 3 19 4 4 3 13 5 11 20 16 2 17 6
18
16 13 15 8 10 12 10 7 14 1 1 9 14 17 4 5 11 2 16 3 13 8 18 15 12 3 11 2 17 5 9 4 6 18 7 6
20
8 3 14 12 11 19 16 2 15 15 2 17 12 6 4 5 14 8 20 1 7 3 9 10 11 19 16 13 18 18 13 17 10 9 6 4 5 7 1 20
6
5 1 3 6 3 5 2 1 4 6 4 2
15
12 14 8 2 4 7 13 4 11 12 5 1 15 14 10 8 3 6 2 9 7 13 9 11 6 3 10 15 1 5
20
20 8 16 18 9 10 14 13 5 3 3 14 2 7 6 10 9 18 1 11 4 12 20 8 16 17 15 19 13 5 19 2 7 6 15 17 1 11 4 12
8
3 2 5 1 3 1 4 5 8 6 4 6 7 2 7 8
20
7 3 5 4 14 16 10 12 19 9 20 19 8 13 11 4 5 18 7 6 3 15 1 14 2 17 16 10 12 9 20 8 13 11 17 2 1 18 15 6
6
6 2 5 1 2 3 6 4 5 1 4 3
20
19 4 10 11 14 5 8 16 12 18 1 17 18 9 16 8 14 2 4 6 19 3 10 11 5 15 7 12 13 20 1 20 17 13 7 15 9 2 3 6
11
8 2 3 6 4 1 8 5 11 7 2 9 10 10 9 3 6 7 11 5 4 1
20
10 2 20 14 13 8 11 15 16 7 18 19 18 7 15 11 8 17 13 3 14 20 5 1 2 10 4 6 9 16 12 19 12 9 6 17 3 5 4 1
20
6 8 17 11 16 9 13 12 18 15 4 1 10 19 18 12 5 13 9 14 16 17 3 20 8 6 7 11 15 4 2 1 10 19 2 5 14 3 7 20
20
1 5 9 19 15 3 2 13 4 16 17 17 13 2 14 11 20 5 10 1 18 12 9 19 15 3 4 16 6 8 7 7 8 6 14 11 20 12 18 10
2
1 1 2 2
20
4 2 3 16 15 12 7 17 1 18 10 8 1 5 9 7 12 16 11 4 6 2 3 15 14 17 20 13 19 18 10 8 19 13 5 20 9 14 6 11
9
8 5 4 1 1 4 2 3 9 6 8 7 5 2 7 3 9 6
11
2 10 4 6 3 5 1 7 11 1 4 10 2 8 9 6 3 5 7 11 9 8
20
1 12 8 11 7 6 10 15 4 19 19 18 15 5 17 7 11 16 12 2 1 3 8 13 6 10 20 4 14 9 9 14 20 18 5 17 16 13 2 3
20
4 18 16 20 9 3 14 15 17 6 11 7 13 12 10 14 3 9 16 5 4 18 20 19 1 15 2 17 6 8 11 8 7 13 2 12 10 1 19 5
20
1 18 2 19 14 17 3 12 16 10 9 9 10 12 4 17 14 8 19 18 1 11 13 7 15 2 20 5 3 6 16 6 4 5 20 8 15 11 7 13
20
16 3 9 20 7 1 13 8 17 7 18 9 19 16 14 10 3 12 6 4 2 20 15 5 11 1 13 8 11 17 5 15 18 2 4 6 12 19 14 10
5
3 5 1 2 4 3 5 1 4 2
11
6 5 10 3 10 8 8 2 2 4 11 9 4 1 5 9 1 3 6 7 7 11
4
4 1 2 3 4 3 2 1
12
2 1 4 9 6 7 11 10 3 3 5 6 9 8 2 1 4 12 7 11 10 5 12 8
20
17 12 1 18 2 11 11 20 3 16 18 7 1 9 17 6 19 10 14 13 12 4 8 15 2 5 5 20 3 16 7 15 8 9 4 13 6 14 19 10
20
20 6 14 18 17 7 15 19 10 9 13 5 1 7 4 6 12 20 14 18 17 15 3 11 19 10 16 9 2 8 8 13 2 16 5 11 3 1 4 12
20
17 18 9 6 15 13 20 20 3 16 10 13 2 12 15 9 11 17 14 19 1 18 5 6 4 7 8 3 16 10 8 7 2 12 4 5 1 19 11 14
20
4 8 12 20 15 2 17 13 11 19 19 11 13 17 2 3 18 15 6 16 20 12 8 5 4 10 7 14 1 9 9 1 14 3 7 10 18 6 16 5
12
5 11 2 9 8 3 6 4 12 8 1 7 2 11 5 9 10 3 6 4 12 1 10 7
15
10 3 9 14 7 15 13 2 12 13 15 11 14 9 5 10 6 3 8 1 7 2 4 12 4 11 5 1 8 6
11
8 6 9 10 4 1 3 2 10 11 9 6 7 8 5 4 1 3 2 11 5 7
17
9 5 2 13 15 7 14 17 6 11 10 16 11 17 15 13 2 3 9 5 1 7 4 14 12 6 8 10 8 16 12 4 1 3
