100 98 5
940 221 619 884 304 283 452 997 969 306 899 962 927 171 128 269 491 156 825 815 594 198 404 68 728 637 651 120 834 411 20 799 963 66 396 287 282 831 610 570 483 185 291 381 364 214 221 233 804 639 584 486 719 929 387 855 543 298 464 953 238 224 372 401 653 212 294 35 364 789 462 94 167 354 743 227 385 660 580 497 726 663 434 179 361 452 318 610 123 508 644 994 583 772 630 833 723 757
518 896 326 989 583 10 798 10 260 378 403 193 977 120 5 394 609 379 691 142 932 704 457 757 745 763 886 301 762 540 294 60 875 74 764 125 279 912 463 638 552 627 377 324 719 368 60 692 721 40 225 236 720 891 413 258 410 789 861 758 202 440 768 76 652 926 435 832 567 359 794 290 461 189 660 783 991 398 492 32 166 847 836 173 266 168 71 382 55 182 897 172 80 552 757 920 488 474
136 100 807 13 702 419 259 338 347 251 47 666 776 803 7 313 812 917 422 131 634 979 240 223 522 870 476 86 797 630 549 674 445 911 848 879 491 505 827 598 557 196 325 654 942 59 911 315 374 643 637 896 411 483 83 24 186 842 716 298 513 968 530 986 949 994 498 392 809 267 612 356 814 680 878 985 91 278 701 396 719 499 2 137 194 595 891 662 198 348 34 37 644 673 364 928 879 15
985 636 725 147 980 983 891 531 192 392 7 644 177 559 905 522 18 549 241 346 307 945 479 731 150 431 385 359 910 521 679 753 382 561 224 339 248 985 509 675 110 112 572 520 332 182 186 361 564 757 207 206 254 224 90 594 196 411 770 483 589 579 397 762 528 491 647 678 873 1 963 806 84 459 568 714 960 202 675 534 870 214 187 928 496 214 332 124 287 419 615 869 793 970 916 40 202 577
823 297 770 83 329 476 911 95 715 226 448 527 574 841 708 230 509 993 365 322 843 859 60 33 504 876 783 698 187 213 554 602 226 757 186 513 539 875 398 46 53 362 888 992 340 605 288 268 778 437 209 787 26 697 750 706 849 118 10 503 398 562 107 587 23 824 51 794 680 316 359 650 538 229 935 98 56 212 713 934 456 406 788 576 202 657 3 191 311 686 899 681 30 380 598 923 376 615
280 672 154 586 387 449 995 482 597 512 345 688 541 900 555 592 761 64 966 864 82 339 285 977 764 45 169 401 229 380 990 131 197 135 172 753 610 424 89 947 44 746 485 512 287 372 713 378 539 436 962 525 426 803 779 264 33 570 155 545 723 962 665 139 5 179 901 418 717 940 445 452 776 403 579 492 657 850 371 450 326 211 279 36 219 273 518 734 616 90 979 695 461 805 854 298 117 546
977 942 752 234 270 815 906 966 807 352 852 412 703 700 376 822 901 518 527 189 939 601 913 93 762 188 469 817 642 349 159 828 687 480 248 342 971 9 850 859 827 103 59 28 136 570 588 441 42 797 54 36 183 75 475 85 675 593 601 385 447 578 745 773 733 755 113 643 201 46 986 935 309 777 31 821 604 220 326 396 306 788 194 429 989 703 933 255 427 74 38 952 887 164 14 575 528 465
930 966 757 502 678 174 171 663 239 356 939 942 387 877 36 528 754 251 693 335 359 589 764 835 955 42 751 591 370 923 292 84 861 784 513 504 962 741 452 649 803 573 761 895 640 257 58 716 45 975 37 83 596 269 208 446 315 231 111 129 969 527 391 506 645 272 408 458 171 836 30 390 798 601 832 889 797 671 814 646 700 166 538 180 929 854 424 590 148 367 10 842 92 752 854 575 766 979
222 468 878 529 968 162 438 181 292 482 639 675 878 203 335 613 3 155 228 355 26 868 823 656 340 320 907 557 991 956 944 115 192 50 386 680 18 335 321 167 147 798 834 367 541 36 312 269 107 132 537 119 976 384 241 845 623 199 228 42 181 968 736 30 366 900 997 990 461 126 363 584 486 36 904 944 293 250 711 557 503 813 85 817 1000 514 209 412 548 240 862 550 791 657 298 73 744 621
823 485 424 335 384 741 501 107 104 464 507 821 184 980 97 558 605 320 487 574 901 481 858 422 408 787 339 712 146 58 97 149 31 302 104 362 103 830 147 396 384 413 162 363 664 525 0 420 441 67 549 861 957 273 335 961 635 645 100 727 263 850 52 192 22 85 886 935 734 735 503 236 336 790 650 932 329 597 114 83 930 70 460 501 486 666 680 670 608 967 71 76 837 79 429 473 783 501
146 471 489 908 865 418 454 608 721 798 961 114 572 637 683 434 635 203 109 854 976 773 651 288 935 463 407 41 93 551 393 218 150 456 477 133 798 751 810 383 642 184 201 51 745 242 602 71 196 778 690 791 357 642 946 441 430 438 153 775 401 498 324 575 29 502 688 92 715 287 353 429 650 49 758 259 580 70 222 803 177 72 766 725 283 479 444 711 79 329 174 596 839 569 983 708 226 625
891 303 423 461 617 944 989 797 421 885 688 609 882 963 714 114 430 844 109 909 615 874 468 540 435 188 903 394 202 905 787 625 520 287 661 740 96 309 880 830 130 748 281 823 454 991 772 940 491 515 176 886 226 724 612 30 1 160 275 299 524 111 309 169 70 590 633 841 954 256 622 664 761 44 354 695 8 676 338 951 298 883 888 968 461 101 37 438 249 967 645 60 567 887 21 161 409 759
963 425 896 294 319 222 367 900 766 19 193 746 373 998 494 94 911 37 339 521 119 60 632 231 510 729 521 561 313 422 378 269 77 148 931 666 974 28 693 585 731 2 637 666 159 950 837 642 989 451 181 180 229 690 833 864 385 649 111 377 481 491 295 721 289 656 663 977 689 484 561 900 301 680 74 269 526 279 426 469 871 70 383 980 467 787 726 150 212 911 264 34 748 152 102 898 802 490
392 209 108 115 596 675 146 982 174 337 771 476 432 3 124 287 645 183 225 993 614 858 600 30 779 148 635 272 917 144 842 389 304 125 641 578 552 199 663 775 429 349 814 306 780 61 380 240 408 34 990 488 709 666 406 341 303 617 380 644 91 526 769 581 323 993 629 978 381 419 433 938 718 831 230 951 242 422 961 143 357 948 725 781 265 85 672 299 576 318 58 227 738 288 551 990 522 882
81 139 461 237 782 134 556 729 52 289 154 415 3 445 5 883 29 977 609 582 762 317 732 924 790 202 215 507 14 322 21 394 430 265 592 165 831 545 11 330 358 380 62 544 912 598 596 117 225 518 794 17 942 629 842 600 811 929 168 923 413 983 267 980 799 875 426 596 86 445 896 340 890 594 303 68 847 269 608 20 345 102 5 285 305 62 325 404 101 980 779 953 537 120 670 248 569 237
955 738 708 965 306 921 575 193 724 647 52 288 704 863 821 924 396 435 512 716 72 844 773 884 912 412 490 294 22 395 915 360 146 657 78 47 976 325 653 52 819 492 223 88 597 701 361 486 226 874 606 370 34 808 834 943 302 586 629 896 547 220 648 738 737 798 798 711 877 867 926 103 999 130 678 76 534 859 174 299 895 768 593 523 620 755 207 197 314 478 460 671 76 54 570 385 653 231
173 276 114 111 826 585 780 414 723 238 526 50 105 964 444 842 700 604 714 963 447 584 673 662 75 746 311 755 739 13 581 999 871 929 976 462 539 567 868 29 371 460 36 608 656 357 449 203 672 171 248 342 42 80 981 26 301 556 694 256 473 420 296 108 716 88 966 245 586 721 578 294 834 205 139 541 482 232 176 432 799 20 525 662 541 444 851 482 847 719 263 809 533 282 981 73 197 927
699 504 205 636 601 995 65 897 448 44 352 716 621 164 472 306 194 326 845 594 804 440 906 383 537 877 923 18 680 12 786 309 774 272 414 135 476 856 346 647 691 959 780 926 958 916 758 699 300 416 500 963 515 909 343 157 230 13 659 440 638 63 208 703 467 95 980 375 662 986 336 119 998 281 691 580 491 487 631 674 529 55 553 947 623 713 213 245 786 656 937 506 329 511 148 396 262 348
656 865 476 210 493 825 721 236 0 378 913 909 65 306 896 481 82 956 387 760 222 731 961 176 73 54 634 998 536 499 909 682 201 804 440 311 764 964 197 260 585 740 119 169 710 96 510 439 126 469 770 33 630 534 426 771 520 520 693 797 778 895 714 224 961 120 402 316 34 168 535 726 166 216 652 899 753 587 228 67 666 225 866 408 853 974 573 730 205 213 524 570 587 392 512 195 712 546
92 230 926 299 241 263 257 348 139 31 655 194 233 27 685 547 408 381 368 692 255 65 311 808 709 748 991 468 273 374 229 835 968 849 213 174 752 262 407 222 246 537 629 148 659 360 432 647 369 664 580 978 646 592 857 396 948 637 51 809 903 324 203 106 113 292 932 314 603 674 180 208 72 724 461 815 759 356 246 464 689 904 794 578 8 581 843 699 534 518 955 335 858 808 226 36 875 524
768 137 255 761 125 958 107 699 573 244 514 434 687 495 695 187 279 32 152 485 454 741 401 752 112 569 287 108 766 439 192 599 694 25 727 845 886 563 771 154 795 588 826 870 972 687 373 715 43 752 138 500 15 652 756 980 382 443 434 759 362 45 158 155 684 718 176 566 442 733 317 700 721 106 124 214 680 452 921 453 826 568 320 192 331 453 484 816 794 256 524 236 682 693 265 904 874 81
298 273 431 625 5 324 142 502 484 285 494 875 612 26 150 982 931 895 107 531 402 576 195 851 143 241 361 396 166 373 6 671 66 299 948 878 108 49 466 853 46 146 600 413 448 973 359 829 585 672 829 490 329 568 946 829 579 154 925 477 519 710 554 531 120 771 326 417 459 450 387 702 84 804 78 963 558 872 416 879 917 899 846 832 644 284 356 620 478 740 389 738 96 344 853 939 0 996
470 895 996 123 191 673 197 981 665 700 897 627 186 43 236 556 558 577 854 53 605 479 626 830 228 535 470 336 895 935 259 312 325 617 645 912 674 587 20 558 941 555 437 253 335 184 806 420 485 673 684 248 447 751 248 350 901 797 293 635 408 364 1 975 189 548 632 587 480 76 614 330 670 416 944 44 446 249 785 896 382 889 474 498 497 214 65 612 662 653 583 556 458 435 705 861 259 815
282 406 683 440 943 776 861 457 341 579 686 826 511 621 765 21 711 407 2 686 544 809 522 793 123 600 710 28 882 421 682 465 228 812 909 151 833 911 677 658 702 863 184 438 911 58 988 495 447 2 674 514 269 403 842 689 65 106 454 341 324 657 206 865 726 979 901 914 50 487 33 295 557 535 55 882 901 381 574 210 310 91 505 643 866 942 273 971 82 935 561 96 174 186 972 363 531 293
879 843 443 728 816 471 566 414 491 302 503 195 947 116 243 90 410 404 260 630 628 854 691 177 757 546 652 403 595 816 368 748 255 575 964 132 378 24 117 211 132 399 822 331 688 569 29 191 324 696 436 710 787 947 195 746 280 582 187 878 441 942 738 997 234 272 798 839 789 817 876 16 870 865 996 499 74 805 855 127 577 533 783 177 16 636 895 201 187 228 817 201 511 5 583 208 855 728
8 122 218 733 66 687 838 950 69 43 852 211 286 704 747 206 381 934 158 969 336 806 847 741 294 138 600 194 727 902 564 57 29 262 827 632 741 484 517 682 241 894 928 106 536 989 934 345 290 220 472 913 877 860 20 500 198 862 350 583 231 333 444 156 693 3 550 110 6 927 901 60 197 188 557 346 399 917 27 246 556 193 57 125 235 410 432 671 881 812 797 409 979 927 546 870 45 409
465 649 140 298 705 741 326 956 102 604 524 889 244 454 342 768 450 661 521 889 670 606 536 489 879 310 393 819 794 120 304 764 49 944 507 94 10 340 41 983 669 575 969 366 13 568 919 751 194 459 184 836 576 417 599 605 605 782 119 961 55 997 780 238 577 841 980 541 972 705 825 679 14 526 88 131 867 247 265 960 609 75 255 708 993 778 774 316 566 568 282 394 493 400 560 431 561 766
374 84 386 101 1 623 811 458 100 777 755 700 111 226 822 910 384 674 503 965 107 265 189 460 154 511 709 874 343 294 616 370 727 536 899 310 233 666 793 6 201 938 934 381 471 99 318 461 706 140 485 10 728 354 629 955 437 730 477 914 269 322 648 126 199 409 936 367 386 726 149 512 152 581 432 643 832 303 82 397 900 607 229 221 906 204 235 183 872 285 807 91 638 936 266 141 223 231
399 224 660 650 864 588 905 65 364 202 936 794 178 63 502 491 491 171 463 90 75 559 736 824 893 759 601 822 786 720 612 412 928 140 419 961 555 623 147 429 757 244 726 439 918 104 636 824 538 597 896 939 381 710 336 931 918 284 822 926 103 770 520 685 669 740 771 161 135 788 282 591 567 512 431 255 677 393 991 579 847 306 242 362 596 260 267 908 690 316 788 584 305 425 111 862 217 709
460 787 392 268 885 139 316 324 359 952 657 858 321 388 728 683 957 532 371 233 717 580 418 347 405 597 517 43 834 377 65 790 776 284 741 765 369 317 355 985 100 4 443 623 643 560 895 420 345 509 759 497 25 982 625 112 116 984 186 267 57 474 566 869 536 658 146 41 832 398 934 436 260 695 685 474 664 630 668 591 964 744 516 314 855 664 661 18 762 686 306 703 680 332 473 642 607 540
232 390 605 104 439 190 434 189 276 973 83 591 666 31 873 564 779 527 982 915 592 288 596 189 250 734 630 94 525 644 409 913 191 798 653 518 115 47 156 924 832 354 669 668 888 302 659 611 748 488 441 206 274 181 809 772 339 989 98 259 410 423 957 777 33 650 686 396 299 658 217 585 885 11 933 206 851 287 543 44 341 662 34 836 999 57 610 861 708 11 983 865 796 107 129 358 23 852
694 54 362 623 875 42 695 459 224 782 592 701 807 929 0 210 41 188 817 153 184 4 553 766 808 102 435 571 779 557 550 63 473 622 255 706 492 750 740 359 76 458 206 65 12 867 483 80 401 425 306 630 48 35 767 461 136 339 130 608 599 370 494 111 942 715 30 30 97 8 543 415 849 267 249 744 41 162 689 16 336 134 822 844 202 214 837 508 950 299 722 816 226 649 678 11 360 229
598 722 782 482 544 234 979 51 775 551 365 594 117 253 32 78 721 761 160 128 546 278 478 1000 850 791 884 121 970 757 155 731 437 217 857 310 757 17 979 270 610 479 980 62 239 614 96 838 796 855 399 970 953 723 500 818 940 461 437 937 267 667 65 718 759 786 725 166 860 384 454 112 236 119 4 212 920 562 279 585 603 750 55 48 32 109 983 740 809 328 663 458 220 624 956 448 629 974
354 872 824 309 785 35 842 801 968 134 28 739 984 328 117 614 654 62 486 359 721 13 778 550 715 162 325 68 772 532 199 996 334 207 602 980 887 836 790 446 161 96 312 850 636 936 980 120 197 290 304 662 886 541 287 132 53 110 962 604 417 475 250 121 257 969 446 888 490 722 205 121 956 654 747 949 962 635 919 33 110 172 129 22 764 31 914 46 1 608 511 346 259 184 726 372 9 246
241 985 212 97 243 749 838 798 325 725 489 229 740 923 286 884 933 138 254 907 697 669 694 763 67 872 507 792 366 218 506 623 578 624 298 329 862 727 666 749 367 743 184 540 249 800 128 643 840 549 229 828 1000 200 260 588 526 80 512 397 87 896 207 714 310 31 155 334 699 593 343 747 515 700 415 375 528 433 431 145 538 412 875 395 518 163 278 931 352 892 2 318 443 875 428 415 284 536
767 451 335 124 663 3 393 104 234 399 835 35 501 216 706 563 402 67 926 27 168 30 566 524 181 730 943 566 384 705 105 764 350 566 724 857 231 355 396 374 432 753 734 120 281 93 755 667 184 783 218 33 678 667 735 101 380 866 81 729 349 221 343 127 750 996 48 100 917 639 782 604 260 223 672 922 98 472 119 779 872 572 983 181 212 541 382 587 842 161 891 103 944 766 631 124 600 827
406 956 694 732 456 963 833 959 800 198 502 113 788 278 655 423 671 433 924 358 102 832 112 800 834 179 970 56 51 652 571 13 480 771 687 452 47 2 209 496 480 935 236 284 504 253 983 221 16 550 391 777 912 377 698 30 40 991 73 42 978 430 938 755 290 429 18 648 68 157 797 939 392 812 488 293 489 95 473 649 583 430 524 933 642 248 959 723 880 621 386 66 817 593 887 839 6 238
286 167 898 103 930 827 829 347 959 398 243 481 893 553 565 815 191 983 753 637 57 868 172 481 493 83 888 443 8 469 208 129 493 625 769 893 351 93 910 336 803 899 553 970 247 2 648 349 642 226 585 201 493 284 278 766 410 420 269 929 362 522 123 437 6 454 143 45 656 828 929 794 316 754 730 182 679 479 541 834 894 803 815 229 218 177 336 604 421 211 671 722 484 387 567 254 368 948
58 996 221 31 612 822 931 990 720 729 470 835 938 770 706 57 990 421 103 821 819 425 226 422 634 725 614 79 712 14 57 605 399 661 642 749 893 647 11 340 639 549 58 317 267 212 952 913 16 501 757 558 647 783 968 337 455 793 810 844 773 405 835 90 270 205 287 706 29 613 80 633 67 124 245 477 220 275 713 387 785 577 882 803 896 233 262 994 365 552 456 651 569 803 502 610 299 1000
764 388 717 167 473 732 686 762 498 824 811 681 50 551 699 3 492 392 152 720 115 962 69 18 429 462 267 880 86 296 760 235 633 401 268 257 543 76 51 579 334 892 347 394 268 26 222 396 120 903 367 566 269 408 511 886 906 696 120 753 60 506 702 591 365 27 893 633 914 197 709 821 738 178 730 848 545 111 169 634 533 829 147 661 800 215 986 848 784 324 285 629 360 819 376 141 574 526
369 169 222 12 457 307 813 563 156 938 121 214 165 215 128 260 522 630 932 598 524 524 520 124 1 937 679 812 639 856 531 844 606 755 701 136 661 631 399 379 771 101 841 982 220 22 181 903 558 76 539 103 21 771 358 856 819 8 924 894 341 572 490 251 636 611 22 160 872 765 120 983 144 956 608 912 524 567 417 540 401 923 708 690 720 500 766 421 127 97 463 315 322 815 504 959 489 31
101 592 229 57 61 384 934 649 839 293 680 705 435 730 193 912 700 919 723 787 116 159 676 227 156 45 852 28 349 466 584 618 152 806 473 819 516 468 481 379 261 376 891 667 560 735 693 992 82 432 490 258 516 645 702 199 451 592 584 408 918 405 409 693 404 695 593 142 433 625 209 220 692 87 631 476 951 193 90 499 203 798 800 391 381 592 247 80 119 427 665 73 918 799 440 863 566 941
81 653 691 300 381 53 961 54 686 991 121 695 865 637 295 866 359 601 362 171 300 956 594 461 662 66 480 920 334 167 410 659 735 447 976 492 31 753 219 386 507 268 967 526 380 914 171 391 98 672 151 650 101 182 388 632 193 493 59 126 140 188 631 79 577 345 724 975 103 404 476 310 733 20 916 207 584 646 338 551 195 328 863 401 53 55 212 732 77 846 75 964 970 37 881 373 14 934
647 994 819 15 283 296 843 579 423 276 113 526 707 373 509 489 425 692 120 165 875 307 385 421 563 710 929 521 19 606 286 656 337 984 47 933 200 665 431 888 122 525 12 746 344 162 386 202 945 697 627 616 783 872 590 810 234 130 114 321 381 352 740 495 285 314 164 618 266 288 137 849 903 26 116 459 715 206 264 553 490 959 218 741 221 446 196 840 988 152 411 475 152 233 934 283 876 49
782 82 91 891 45 327 576 322 692 648 605 957 740 844 943 173 835 656 650 618 141 617 561 3 409 599 401 42 125 56 640 391 957 333 327 766 721 638 278 789 340 855 580 981 734 999 215 336 1 936 179 765 564 919 95 324 79 928 483 622 360 657 609 894 579 163 592 542 576 557 85 865 386 516 746 845 385 511 771 20 471 459 672 573 757 219 211 745 490 139 152 105 380 842 407 944 992 383
526 482 316 867 109 309 650 458 511 872 276 679 684 846 127 960 442 141 916 547 829 283 660 409 290 299 202 128 129 672 271 257 78 764 153 458 462 438 884 76 952 599 824 120 225 353 250 410 310 651 495 412 275 165 937 261 544 79 415 567 129 958 271 808 931 548 295 181 891 658 948 497 732 200 543 7 247 439 620 354 383 891 618 526 532 222 351 578 361 488 144 164 122 681 866 670 947 746
923 857 842 352 170 563 789 387 280 216 668 228 695 844 577 17 904 256 406 976 62 76 994 741 538 330 511 495 954 412 159 150 219 796 784 523 335 896 740 210 301 585 436 72 33 419 678 989 471 543 766 197 807 325 874 179 68 788 446 659 898 757 59 504 606 35 757 353 222 656 643 461 158 208 587 640 780 96 973 340 704 755 76 861 985 412 708 308 858 518 897 651 271 267 853 478 348 964
252 590 300 648 518 321 992 438 624 506 91 12 232 812 238 557 504 642 494 370 37 437 813 569 46 837 181 205 458 378 234 392 275 379 656 439 823 587 353 985 906 393 45 682 644 377 516 281 42 527 865 161 232 630 341 164 748 162 52 680 817 764 461 964 436 724 293 289 888 582 56 509 932 673 486 642 80 693 57 30 344 268 232 557 729 776 895 60 960 19 936 890 707 774 858 197 22 452
258 274 914 48 466 551 94 772 330 410 223 598 332 494 928 478 973 13 390 251 685 832 787 620 971 378 929 299 833 989 402 0 454 174 97 675 366 324 336 382 515 634 804 101 711 116 895 386 380 617 805 26 684 895 730 895 867 477 918 2 564 567 85 781 201 255 784 744 610 747 884 1000 18 37 117 105 927 82 674 426 273 521 877 296 271 795 71 87 216 823 817 162 485 710 296 979 863 913
421 618 310 62 513 299 456 115 122 239 815 918 480 175 182 9 735 774 781 891 440 902 841 188 811 35 455 46 27 903 573 925 709 781 779 61 788 304 364 525 868 816 951 456 669 597 118 505 863 378 487 758 725 142 889 920 921 811 155 652 611 418 901 186 307 808 618 648 569 771 358 665 893 53 991 95 689 522 293 181 205 291 282 110 928 569 42 429 270 956 455 383 394 737 875 527 941 505
444 847 722 345 870 50 501 149 462 914 495 885 81 172 565 507 939 774 165 415 840 701 493 906 367 522 279 98 780 489 306 988 179 330 959 403 38 289 486 511 107 510 374 638 784 501 140 69 33 731 736 666 307 899 22 964 174 208 852 293 829 951 112 354 908 329 248 25 109 245 635 851 260 134 415 112 66 2 502 708 981 497 33 720 586 545 936 279 303 126 990 551 776 261 603 820 359 200
615 608 404 605 284 719 945 708 245 953 843 550 253 827 293 818 494 706 969 939 941 528 828 886 53 618 346 275 357 238 675 873 207 743 257 100 293 97 644 326 656 858 394 491 289 954 876 33 563 623 295 254 466 749 314 765 364 159 602 984 854 85 253 215 735 811 532 601 998 276 74 962 436 19 925 140 800 650 992 1000 849 73 773 633 688 416 594 647 596 27 590 717 83 161 336 529 343 704
658 862 25 907 628 222 405 599 625 525 287 611 415 261 510 527 829 908 223 619 68 291 812 704 775 779 111 23 963 838 945 471 504 585 150 502 660 416 982 818 912 72 90 499 24 700 422 306 80 214 345 968 376 590 840 612 229 178 855 430 996 334 851 579 645 714 85 958 204 619 790 762 792 632 786 130 429 394 836 576 881 833 386 890 415 635 364 315 949 466 440 636 405 124 385 800 335 236
604 37 777 790 659 924 971 862 147 636 307 102 15 499 174 559 491 997 641 835 709 547 91 960 578 932 947 853 831 952 544 495 275 161 600 49 892 742 525 136 759 76 961 307 965 502 498 939 645 483 42 125 707 505 951 541 967 52 371 603 599 773 903 290 831 496 399 693 263 530 119 28 672 716 130 295 641 737 300 567 978 501 515 520 945 103 139 698 637 680 552 906 439 572 30 971 552 530
228 309 396 760 448 581 303 72 574 415 901 289 53 528 759 501 989 508 92 332 703 798 532 596 312 174 84 985 571 341 520 569 709 515 983 513 854 858 217 788 606 58 321 655 397 511 497 580 342 265 48 791 99 710 514 749 280 95 460 890 468 312 160 924 552 615 471 996 289 736 788 19 998 52 270 575 104 494 35 806 629 292 517 704 140 258 686 902 802 748 2 244 61 672 921 653 73 609
303 46 323 805 717 403 122 249 656 727 473 461 755 26 612 453 593 400 327 488 926 148 655 801 495 78 297 602 684 115 567 753 255 650 780 348 994 787 743 249 969 384 453 745 180 469 53 741 919 766 967 524 343 832 147 543 299 64 307 132 545 446 521 154 81 365 509 747 583 252 917 229 224 200 944 444 937 222 735 197 236 634 329 345 205 904 878 248 819 694 35 186 229 113 990 590 578 633
724 100 758 108 713 256 449 374 588 591 139 540 101 170 398 581 463 177 751 558 302 69 107 490 489 803 813 699 434 893 215 468 696 601 634 751 306 123 186 211 6 173 720 523 726 85 530 538 436 712 909 418 8 742 899 297 304 985 617 875 434 3 523 71 867 599 345 180 888 158 338 457 637 526 868 595 934 733 207 239 842 839 752 413 481 352 47 919 866 837 77 701 431 718 934 742 606 990
895 130 239 705 71 481 102 224 788 226 844 390 477 307 691 370 29 13 316 107 478 404 361 624 751 928 503 779 767 593 27 278 602 189 937 952 2 132 385 415 639 551 850 696 276 399 557 178 76 957 249 625 429 557 342 892 368 539 135 84 506 336 841 657 583 466 351 266 104 926 618 410 538 175 637 284 381 661 15 596 94 846 346 373 542 990 422 309 30 568 479 215 344 127 346 911 928 323
981 817 132 471 903 864 139 998 79 782 60 454 297 190 580 354 886 252 100 709 687 168 113 596 186 74 722 642 408 733 990 26 514 657 627 971 373 305 880 224 303 511 715 726 45 168 968 442 1000 652 935 411 40 917 861 592 48 624 494 956 533 622 474 896 418 108 990 651 877 348 923 390 745 734 200 687 84 116 883 926 337 516 579 549 511 990 509 959 410 153 183 825 697 499 829 480 81 505
579 446 360 377 30 465 528 573 805 673 279 131 166 305 646 189 63 649 421 936 939 645 856 588 35 666 552 917 993 846 379 45 811 794 2 670 865 864 625 621 735 556 75 500 860 79 286 748 936 99 332 781 375 101 529 80 570 967 470 788 983 662 709 825 909 170 328 191 83 424 397 586 795 680 596 620 661 415 463 692 438 526 91 912 540 825 618 367 786 896 665 795 145 394 763 192 104 764
933 710 834 290 51 857 283 333 240 43 752 145 697 912 382 605 699 115 958 736 102 296 299 348 587 547 9 202 516 151 858 804 525 426 263 112 521 565 289 981 511 531 286 739 525 704 324 576 868 660 427 797 17 350 524 332 802 605 945 311 477 50 798 112 246 586 915 636 555 308 193 265 412 361 122 787 865 42 446 603 520 75 466 14 150 697 399 539 754 922 503 620 27 363 823 822 430 432
683 714 422 77 762 652 319 704 776 843 83 797 26 883 890 687 376 480 238 979 885 447 510 275 433 683 768 375 268 466 186 725 198 959 11 441 969 537 416 363 480 204 785 661 89 963 237 199 81 297 675 815 116 10 84 194 149 520 86 663 617 339 663 631 896 777 388 194 257 667 353 801 782 306 644 869 381 645 60 974 588 156 793 22 728 436 916 717 608 549 718 963 509 208 289 660 755 32
858 878 220 828 235 822 709 116 718 22 723 930 225 880 505 111 677 415 955 730 212 215 927 589 149 865 543 17 361 611 232 524 130 252 734 875 136 638 652 416 937 755 795 590 301 358 981 692 429 165 149 474 570 706 148 871 497 527 504 547 114 399 735 577 66 449 307 572 208 586 494 818 946 945 631 953 982 855 43 447 430 518 788 726 848 318 117 11 893 444 776 620 390 410 728 119 712 978
658 723 309 867 637 273 453 621 427 926 55 711 240 677 226 298 274 318 830 604 81 74 357 158 862 663 653 687 198 512 251 176 427 642 710 789 339 171 118 300 175 431 182 260 491 958 463 759 924 293 276 228 489 474 463 687 949 692 69 632 727 620 567 976 962 600 529 407 775 786 900 594 911 217 770 157 730 936 957 467 600 982 898 662 989 139 644 671 995 186 202 62 324 864 770 212 595 228
688 18 325 79 832 928 88 817 854 626 353 171 792 712 381 22 379 618 417 940 834 883 637 766 412 119 744 384 395 541 673 315 970 231 984 934 662 623 830 645 459 919 549 446 290 586 461 136 971 212 90 246 79 563 622 341 137 351 938 699 142 557 6 571 446 814 301 53 162 624 469 366 663 742 794 908 686 879 597 809 803 721 428 85 592 750 276 424 124 621 582 393 54 936 358 63 666 696
621 886 164 512 568 843 468 964 886 368 577 467 585 515 880 841 757 753 761 240 768 533 122 644 638 562 695 186 30 962 835 290 440 82 87 808 511 335 700 722 993 110 931 831 573 196 256 820 825 970 53 468 337 967 587 342 685 760 25 252 209 271 3 549 506 396 183 364 817 910 714 186 145 730 89 538 252 187 36 359 764 395 708 566 93 936 75 479 758 211 526 601 540 385 617 100 490 285
285 921 270 676 23 630 346 198 568 402 767 899 440 711 523 704 14 919 262 607 250 949 975 411 989 3 274 380 403 57 871 340 563 50 483 851 311 533 979 608 198 532 954 245 312 71 649 388 518 271 24 708 931 152 934 579 504 642 277 421 581 531 131 829 476 561 31 809 750 558 715 167 524 473 160 120 640 201 682 366 501 156 216 829 53 624 801 309 126 189 42 311 903 595 538 601 486 248
529 824 44 205 492 264 624 858 742 879 797 114 737 38 782 413 25 596 929 32 744 851 719 486 113 301 495 683 753 943 914 212 151 926 744 629 409 563 802 153 798 750 117 397 833 791 431 107 693 829 202 454 450 284 673 923 716 967 753 517 191 4 515 640 311 256 573 236 807 726 190 242 243 774 76 258 181 214 389 437 664 117 604 844 628 790 769 987 771 553 716 1000 589 415 452 574 629 405
849 504 823 38 645 38 532 692 433 195 740 381 60 637 542 779 787 444 842 296 410 676 736 526 246 13 552 135 965 592 620 662 821 679 341 232 200 880 701 16 492 985 84 98 320 380 59 404 404 168 896 707 760 269 713 80 539 333 149 521 530 175 157 870 657 266 658 962 681 901 590 920 501 450 981 482 891 705 978 643 853 971 642 977 729 802 289 754 390 250 479 529 526 376 793 42 43 215
764 365 132 530 170 317 676 341 854 174 563 271 904 329 241 597 671 378 648 333 383 416 760 842 608 852 233 379 311 31 178 962 601 577 585 952 688 383 473 753 724 411 219 828 767 346 347 318 913 894 839 466 339 231 756 29 367 479 486 59 31 538 214 505 572 39 277 479 115 812 296 815 695 916 691 975 561 905 426 959 840 488 727 524 444 10 197 604 763 918 94 777 4 231 446 818 971 602
576 349 959 459 823 631 446 25 434 495 438 394 380 190 170 406 592 232 545 171 943 818 196 228 977 163 314 777 556 649 658 553 529 683 836 159 944 807 141 41 947 479 374 797 996 382 194 867 401 291 903 521 730 255 980 875 69 33 105 233 249 309 816 91 989 97 188 376 156 710 997 199 944 456 549 438 666 854 221 732 572 974 52 725 904 282 396 360 424 471 260 473 50 484 126 736 120 318
396 611 337 864 585 54 625 411 519 690 323 200 420 492 445 988 61 271 842 754 420 93 581 98 789 162 429 168 942 988 432 780 754 564 881 474 369 472 236 820 400 754 419 743 828 377 958 568 252 134 720 456 931 380 368 334 296 572 913 760 991 37 952 824 317 501 11 493 731 893 838 277 666 438 739 751 689 642 970 434 752 81 359 175 860 96 632 7 483 473 764 389 305 911 737 6 786 435
790 715 528 452 181 331 580 46 326 248 158 899 413 638 149 11 990 30 881 834 430 209 226 692 44 955 66 389 612 791 507 202 271 252 532 633 829 251 521 606 502 860 990 272 26 768 369 543 528 534 171 786 910 188 974 109 124 485 980 972 249 798 787 239 1000 781 473 662 266 258 674 894 697 691 252 338 895 809 286 256 743 312 331 22 994 743 392 396 214 187 393 950 693 610 95 622 787 194
716 83 876 723 51 732 152 56 340 923 138 214 133 40 406 78 255 494 996 788 870 956 554 878 707 152 270 754 315 146 753 740 145 320 165 40 628 298 172 394 111 381 731 126 59 734 634 297 800 685 720 147 644 386 13 297 596 859 711 388 203 494 762 104 354 967 412 642 657 792 868 561 437 656 990 879 557 528 503 921 461 693 40 352 732 219 540 871 934 754 720 653 849 447 948 27 483 525
435 638 525 804 459 24 1 428 794 684 615 831 113 382 634 45 855 779 600 383 465 533 270 20 242 409 710 736 358 222 171 743 660 702 770 280 918 117 529 188 704 535 530 878 336 492 934 355 256 367 815 208 360 681 101 39 688 867 708 711 551 328 862 904 81 208 759 526 569 505 972 564 85 23 391 303 88 198 555 734 949 107 915 342 67 998 373 406 525 479 71 517 789 984 269 805 259 304
148 548 878 284 321 29 824 533 956 878 526 936 735 74 665 956 894 217 219 242 567 561 296 619 416 184 469 498 203 674 156 88 321 812 414 273 696 724 840 519 323 680 46 798 417 574 297 661 460 527 895 844 607 703 985 628 366 391 493 755 31 714 223 395 553 939 216 825 716 823 113 254 622 659 620 333 373 269 714 850 701 811 6 94 880 673 459 261 284 519 525 186 542 915 561 464 868 518
796 283 335 453 226 956 779 744 551 309 172 221 622 86 714 587 838 462 380 786 99 182 79 649 318 79 441 979 534 553 666 136 846 17 455 567 665 815 580 88 260 190 182 903 825 270 200 976 435 86 361 625 740 563 968 340 724 90 58 248 293 909 214 544 450 218 383 915 873 867 694 175 516 632 324 635 710 875 372 149 123 151 724 988 659 715 312 929 970 286 401 322 6 123 624 361 140 915
308 120 685 400 861 977 664 372 998 655 838 636 783 405 874 258 661 429 596 140 142 953 760 206 57 257 683 34 554 636 440 591 982 855 400 680 358 507 567 464 710 370 992 367 607 753 548 404 778 855 260 765 935 1 934 397 821 84 800 915 866 870 303 703 626 976 128 295 202 845 900 972 154 580 899 931 488 490 939 486 112 684 580 81 469 457 290 79 403 681 760 481 946 748 51 540 680 51
603 354 918 27 719 390 430 239 660 818 337 253 891 886 749 440 625 855 823 735 184 645 685 714 782 856 983 654 254 73 505 617 186 985 670 773 734 539 523 143 525 271 592 59 634 95 437 229 299 557 295 526 151 932 850 674 668 644 168 868 898 972 399 890 127 647 472 846 983 207 933 5 729 120 453 498 635 356 431 945 381 459 573 991 301 29 660 733 734 833 120 412 966 114 12 180 862 698
745 500 801 415 751 516 157 710 445 70 854 789 345 296 133 351 176 329 97 663 447 439 42 834 116 641 648 392 753 981 744 750 501 852 550 315 854 188 376 407 228 841 175 496 604 363 235 757 696 533 601 311 169 749 387 795 646 39 200 993 789 592 850 844 574 696 862 348 845 841 498 746 135 280 62 78 726 994 989 406 749 584 417 663 523 355 424 723 636 10 202 799 768 12 316 489 388 641
437 619 6 206 82 952 871 920 940 713 839 144 343 164 859 821 764 295 534 225 119 163 71 218 320 18 413 328 569 630 736 291 58 728 556 450 444 322 783 782 425 598 682 222 685 875 183 53 342 86 964 334 54 849 747 291 74 397 322 608 264 70 833 652 197 580 86 388 174 969 648 825 580 990 449 832 967 706 767 625 864 143 185 613 417 567 845 826 712 399 445 242 857 149 29 987 822 643
77 317 138 545 719 675 627 416 855 193 137 598 483 286 318 873 985 551 918 906 709 562 744 377 125 554 960 953 369 231 967 387 845 136 121 805 962 521 232 493 641 825 313 730 873 617 877 119 164 991 511 210 157 820 603 635 306 766 578 575 494 906 417 796 456 661 808 782 241 133 216 88 900 643 962 878 203 474 653 699 834 508 251 56 196 999 700 249 688 418 624 254 431 523 658 692 903 190
129 744 840 275 601 65 474 459 959 141 206 669 890 702 2 262 775 985 52 943 782 200 679 233 202 759 61 515 80 282 778 255 22 612 614 36 91 414 337 687 52 333 232 136 904 428 486 702 318 567 586 806 895 849 618 157 613 616 32 150 208 293 237 903 986 905 522 615 344 677 754 168 21 444 215 736 972 301 366 820 546 570 238 968 947 430 662 219 101 964 487 395 701 353 243 54 706 542
306 649 698 654 922 305 154 158 61 210 941 63 630 759 351 653 195 255 327 281 233 181 549 995 759 729 27 484 779 585 181 550 735 49 983 87 912 311 923 499 709 87 427 54 740 995 147 828 216 303 11 57 546 408 933 343 105 352 746 856 611 238 583 725 70 285 116 307 455 131 643 635 519 62 696 673 433 856 846 332 93 205 587 741 292 187 39 837 597 131 261 706 714 788 522 680 910 293
72 590 780 356 856 855 692 472 104 830 134 988 419 406 441 101 814 613 755 707 430 985 47 987 330 266 601 896 493 640 783 172 980 642 845 963 666 654 122 844 335 612 818 69 817 844 604 294 696 199 850 588 723 553 112 252 112 193 732 247 823 729 965 435 720 43 831 413 709 890 322 868 722 430 822 22 287 291 784 3 560 760 615 907 626 853 767 109 6 56 721 31 534 481 805 327 140 161
952 579 620 775 904 42 24 655 693 852 767 582 779 767 20 18 909 194 349 39 954 840 384 631 542 211 452 159 961 739 395 118 558 221 476 35 69 81 962 574 875 63 794 597 853 70 584 558 272 874 849 924 896 956 362 589 639 555 896 481 191 5 611 815 108 933 829 309 783 560 845 916 744 359 935 429 852 465 772 596 291 45 890 564 637 356 645 193 365 633 370 94 228 607 808 762 443 429
937 232 659 285 365 267 928 908 890 930 972 369 384 773 390 443 486 654 695 840 722 521 355 536 704 440 335 710 683 35 471 902 485 569 847 577 245 270 296 366 493 268 241 920 221 122 126 175 37 25 364 144 620 157 694 981 278 184 34 234 544 587 415 503 141 880 454 604 636 307 450 52 797 98 749 802 503 991 329 882 408 137 20 281 970 624 646 855 939 254 264 430 661 297 46 939 404 701
85 504 854 175 568 558 451 161 900 54 213 528 315 672 162 921 879 246 905 612 748 864 654 739 979 149 651 982 665 74 334 173 604 644 750 558 432 883 48 539 790 919 723 868 481 485 509 77 655 952 438 760 834 507 530 486 385 928 199 443 122 12 796 706 262 292 437 935 750 617 378 521 815 772 71 31 704 627 55 892 227 279 36 595 388 88 690 718 136 999 130 121 325 359 442 843 342 322
838 808 691 708 867 732 72 556 366 883 754 708 704 783 930 469 339 267 419 394 304 827 571 483 145 326 510 711 377 580 219 927 672 780 658 872 573 257 601 803 823 392 980 351 445 12 148 209 744 606 310 932 528 339 419 626 831 966 853 265 485 154 959 461 825 334 677 920 445 844 167 269 522 179 584 298 298 608 509 32 714 359 674 511 105 493 379 638 791 889 538 67 368 165 183 526 607 373
246 681 79 205 592 988 333 452 975 340 363 427 655 827 405 269 426 673 972 646 274 106 372 759 514 132 81 268 394 797 656 780 609 180 294 109 66 480 498 272 991 364 724 667 379 680 678 266 86 798 952 369 865 676 552 475 628 178 236 923 329 919 685 695 710 710 585 96 856 393 825 254 770 291 174 259 791 494 550 101 685 849 218 853 869 467 262 786 7 777 527 717 681 307 574 310 530 130
514 273 733 360 889 352 453 150 321 341 223 648 166 418 472 119 955 421 461 931 612 714 54 744 621 609 991 919 161 650 647 839 431 99 60 472 591 168 864 789 1000 552 25 911 507 936 675 904 2 502 746 111 873 304 214 466 84 523 289 250 211 523 955 950 965 981 348 393 561 176 651 402 391 914 896 120 55 720 37 161 216 202 9 80 638 726 797 874 659 726 781 530 367 552 627 625 630 116
929 805 363 25 866 325 833 314 343 952 26 219 413 873 241 45 723 121 198 709 163 162 750 541 735 347 896 337 185 323 432 249 51 791 283 874 934 89 828 542 62 708 142 403 597 964 732 577 284 29 498 55 584 632 57 300 717 167 813 628 848 996 967 35 220 760 531 897 80 637 695 164 623 448 575 978 657 279 133 162 832 875 740 23 457 551 727 381 102 170 519 340 62 221 185 306 40 984
382 958 920 959 140 906 422 352 274 265 699 575 491 585 939 37 316 483 434 325 42 60 531 438 936 113 412 17 861 384 549 694 182 783 93 683 327 552 785 135 912 861 730 604 616 895 17 891 384 201 184 822 495 103 872 182 728 49 634 935 970 367 794 370 257 944 977 962 849 811 320 619 456 69 480 658 185 485 298 466 890 680 348 279 245 346 370 357 679 887 799 822 489 441 58 469 181 4
559 127 571 157 694 485 394 750 677 59 470 515 291 88 837 667 216 923 836 701 843 677 215 998 657 690 986 710 725 509 896 304 367 73 956 17 735 251 332 780 676 577 211 972 792 591 908 288 998 590 86 622 289 395 284 0 774 123 744 406 9 399 602 816 719 150 698 365 813 981 154 505 291 271 472 663 759 876 747 961 792 115 156 975 623 36 424 863 624 52 83 329 244 878 669 130 900 327
30 675 355 219 16 129 287 892 813 230 973 149 999 831 782 179 628 836 600 25 996 946 653 428 621 337 505 34 909 591 771 365 819 779 904 943 551 59 360 24 878 250 178 315 635 930 998 836 929 939 796 194 438 171 661 591 601 920 5 222 274 673 569 734 416 339 818 25 902 732 231 731 32 678 277 236 669 164 869 515 170 691 165 582 234 454 86 131 712 600 665 764 803 259 283 188 455 805
471 132 585 768 397 503 994 867 59 77 913 105 426 789 705 440 184 440 528 53 279 951 318 92 669 248 558 798 245 289 751 20 890 414 920 240 376 231 939 307 257 150 470 660 842 685 959 341 726 729 188 838 13 442 549 849 109 802 368 252 814 443 114 505 889 370 606 795 700 821 987 4 996 145 883 880 8 229 199 296 353 96 129 516 556 180 877 822 727 333 361 382 102 69 278 171 704 846
273 651 65 440 114 114 105 248 217 596 981 449 195 263 153 601 578 255 909 893 888 415 100 414 762 523 207 353 826 367 183 671 400 181 219 447 180 564 991 517 311 259 758 807 659 657 803 203 846 862 263 15 261 88 558 309 226 917 600 559 425 353 673 493 581 798 150 713 834 762 752 965 314 254 246 407 173 520 236 173 148 447 208 360 940 553 818 456 584 65 374 947 95 305 579 613 515 293
761 922 831 955 990 364 989 6 529 870 23 772 85 503 47 143 174 12 498 25 836 747 358 853 44 900 431 814 337 980 769 449 931 111 323 611 899 31 333 690 627 638 105 376 175 434 378 382 224 835 129 823 779 55 354 707 386 353 169 516 831 385 676 581 571 433 481 666 240 129 607 526 812 267 616 681 832 126 159 277 144 916 335 445 58 109 305 465 751 933 174 373 782 827 910 211 740 966
338 933 488 482 318 929 33 180 861 72 202 511 143 191 961 970 104 93 917 205 376 499 920 818 550 795 324 997 81 912 990 230 273 41 107 4 46 508 782 475 100 796 931 66 336 264 435 582 514 126 661 142 445 529 262 350 643 394 893 634 908 270 257 69 140 636 423 697 35 89 444 466 180 592 945 696 675 377 412 47 453 905 205 765 630 351 893 670 854 904 272 410 686 554 242 311 418 858
446 48 43 522 286 419 535 323 104 401 308 856 860 464 393 852 674 679 964 133 265 525 251 729 45 980 583 328 90 649 498 944 613 734 622 495 572 659 990 56 707 100 487 202 176 50 312 745 100 63 285 802 678 115 825 292 272 310 833 439 502 299 280 178 324 776 857 94 929 773 659 404 477 385 443 136 613 278 511 121 393 588 456 785 907 39 734 392 644 19 784 422 834 347 634 737 998
797 761 644 270 941 867 816 532 723 758 597 351 423 398 87 714 521 836 257 517 770 618 367 585 862 204 260 830 598 324 316 555 918 417 569 529 855 711 668 518 214 96 318 353 556 582 110 291 116 556 980 246 225 127 795 841 600 785 707 995 757 525 311 382 206 52 145 682 988 439 754 79 845 757 780 633 869 443 242 483 744 992 309 632 627 615 270 712 465 287 682 332 38 131 776 2 82
351 280 926 360 979 364 943 367 664 94 19 193 534 709 530 262 694 744 704 508 448 843 988 106 345 183 927 499 17 969 25 781 814 339 490 163 264 99 947 493 729 228 863 666 742 544 911 794 247 692 618 768 771 169 872 611 604 284 491 154 991 382 625 101 121 263 488 359 619 831 667 446 416 573 116 278 429 43 265 100 244 509 238 124 568 292 575 226 136 306 964 625 212 33 198 183 167
41 614 807 992 955 51 859 223 348 269 525 809 969 471 869 140 900 72 903 279 964 436 400 697 578 821 619 517 387 981 113 447 441 473 723 875 747 204 113 826 31 446 374 313 477 690 306 380 749 462 377 487 809 701 821 49 428 636 401 630 693 837 262 712 461 894 751 43 805 80 468 930 714 848 819 96 49 580 404 893 4 329 154 257 327 388 730 64 995 196 724 938 489 787 455 83 800
61 841 507 544 561 746 776 357 874 52 536 753 67 569 974 669 124 408 523 288 791 903 279 825 15 846 843 709 534 726 389 913 414 596 482 816 851 807 732 320 208 950 238 956 717 805 292 486 203 779 896 648 274 42 498 931 694 682 325 618 592 698 624 560 957 961 94 165 181 303 926 502 254 62 791 112 894 503 872 507 457 151 591 446 416 196 132 247 540 49 522 549 449 584 746 656 156
393 824 778 502 312 738 913 57 8 283 421 368 714 670 843 269 849 103 174 545 869 760 549 592 56 387 576 959 229 751 292 704 502 514 527 761 606 708 786 456 998 807 66 843 35 128 167 273 388 937 93 160 508 182 742 710 503 394 227 518 266 238 241 552 258 698 157 100 608 836 270 600 475 395 125 915 810 146 886 123 29 111 625 905 500 979 418 100 591 178 354 459 979 969 819 629 957
260 341 825 181 89 235 739 573 126 583 747 898 704 863 265 513 235 912 925 468 726 786 566 749 651 194 471 628 938 55 180 533 67 172 787 487 480 239 879 242 783 972 781 614 34 239 1000 505 614 446 692 714 22 416 554 285 543 66 600 548 281 960 404 545 362 573 76 134 928 477 212 203 711 568 595 487 752 839 463 537 486 881 724 621 617 466 555 628 839 635 460 867 658 458 475 198 165
333 817 667 492 876 490 950 134 381 756 835 985 275 965 526 132 191 952 292 592 904 90 858 897 556 644 691 297 29 551 564 637 28 1 227 595 660 273 626 778 954 867 101 92 534 74 189 448 739 287 361 666 263 343 694 808 286 756 341 717 835 781 271 668 354 470 157 101 590 730 310 387 542 764 122 351 512 989 298 885 739 96 728 384 872 231 641 662 520 397 199 171 132 357 177 907 974
947 242 732 242 234 302 302 373 752 294 274 534 771 36 181 495 652 803 359 966 233 156 429 786 387 799 322 966 458 757 233 12 439 48 101 535 785 225 554 177 35 289 972 477 294 709 275 555 993 349 114 41 534 518 972 286 920 913 377 44 708 204 536 677 41 139 3 252 372 624 989 70 60 398 586 240 987 571 426 837 599 818 560 583 258 330 381 808 342 897 978 807 518 55 326 272 567
827 777 943 931 621 407 231 740 91 832 431 980 652 543 271 816 794 392 645 755 906 765 233 18 348 950 20 867 359 167 798 246 35 233 710 483 65 507 521 896 723 404 933 265 641 419 361 903 225 453 44 477 941 172 105 656 597 743 739 108 231 899 422 252 808 598 601 609 708 180 449 435 371 643 442 938 509 824 194 959 780 429 341 574 463 361 932 410 475 765 327 568 597 770 844 441 134
486 560 220 593 523 157 254 578 61 368 971 658 905 105 136 533 801 864 324 27 539 388 212 246 875 311 388 297 426 670 442 474 363 184 41 377 904 279 650 506 422 576 237 793 230 3 385 996 763 963 130 254 790 984 946 967 548 232 916 103 608 334 610 16 781 573 797 488 460 264 837 130 402 930 233 91 274 800 859 70 581 821 781 351 186 96 214 683 801 993 184 628 483 207 978 869 926
759 878 953 797 609 234 889 865 813 761 950 945 936 654 115 402 582 652 193 42 902 580 772 239 74 632 170 670 25 38 801 796 367 913 913 749 311 587 638 163 620 333 410 690 203 649 478 26 393 436 763 848 900 892 913 22 627 204 659 742 896 612 196 66 177 19 433 11 522 981 31 119 458 422 131 782 400 929 429 374 1 31 100 157 764 981 4 148 989 598 458 324 168 387 843 813 389
957 984 501 486 912 839 1000 168 435 337 497 611 881 467 692 723 781 156 254 720 610 947 639 729 871 735 678 534 325 47 746 686 479 853 296 924 189 653 427 716 812 828 892 74 212 465 845 570 489 921 36 712 184 312 150 918 943 207 2 70 23 483 124 18 883 472 418 913 36 133 242 365 889 595 797 232 570 324 108 98 763 118 512 897 744 412 854 65 89 32 416 939 911 547 769 896 577
382 55 728 834 58 786 613 435 968 392 16 895 205 44 841 475 595 70 498 584 920 759 854 458 258 71 896 934 807 198 64 807 822 473 653 92 872 524 66 235 394 668 356 657 274 873 164 801 774 308 691 453 416 154 494 842 239 774 305 885 183 87 843 850 629 790 562 376 948 70 188 756 231 201 724 383 572 613 894 885 228 979 133 67 350 763 48 720 290 498 344 660 811 476 392 306 192
417 445 170 62 50 352 322 968 448 28 575 601 991 386 286 561 70 303 54 292 640 391 987 619 243 29 500 971 236 6 858 304 398 221 231 995 335 377 766 718 47 489 625 938 126 424 164 589 426 953 448 980 965 345 225 250 932 977 193 901 595 437 21 761 29 725 533 859 90 647 8 609 100 118 859 645 887 548 443 134 823 808 509 423 727 222 308 232 502 458 557 239 549 772 305 223 291
195 908 151 213 668 326 535 183 855 353 782 264 525 658 707 852 243 356 287 460 860 94 459 372 868 123 808 413 631 843 357 962 523 27 347 662 859 333 324 138 402 104 693 45 968 230 411 884 243 320 595 239 90 958 679 543 306 990 214 517 512 60 590 587 760 506 753 531 145 918 800 665 26 895 62 873 230 141 196 103 134 606 620 399 740 778 620 479 624 254 461 446 860 738 30 566 984
447 316 551 653 379 92 886 852 922 955 919 620 941 548 921 319 458 471 796 253 551 698 590 248 5 719 74 853 871 426 969 716 877 90 225 802 362 851 40 525 792 216 302 815 64 922 590 426 791 361 917 564 141 951 268 434 86 567 254 562 592 380 242 450 438 977 238 593 135 757 430 594 571 366 294 202 698 376 353 862 324 453 360 713 419 815 531 306 625 38 422 972 902 586 441 986 774
734 691 913 26 963 102 829 949 961 105 558 72 626 148 916 551 888 967 878 459 755 821 489 118 146 400 507 752 659 95 960 101 459 677 476 454 67 961 55 855 782 406 226 441 56 614 64 435 473 748 780 995 657 599 7 39 855 916 770 811 305 188 362 580 361 234 610 742 672 215 425 624 464 389 977 363 517 637 896 491 437 530 820 987 615 734 670 811 678 754 52 790 918 613 445 70 271
113 259 522 468 519 56 80 892 302 288 283 158 329 981 55 209 485 587 97 778 527 206 967 15 975 352 109 712 828 357 756 426 840 673 793 273 798 676 606 308 931 617 464 491 672 924 870 503 623 367 857 177 306 730 767 61 993 542 358 100 558 436 749 368 601 432 979 434 265 847 220 247 755 735 168 126 923 76 343 652 287 291 79 910 663 398 223 279 329 233 4 713 700 16 183 85 288
305 381 18 443 952 561 329 515 368 338 108 624 745 376 736 491 151 291 731 738 363 156 635 812 174 490 360 975 64 845 980 563 448 400 197 754 228 446 501 18 894 434 708 349 621 896 71 368 422 168 253 339 354 809 43 826 426 339 326 938 972 769 568 157 230 536 827 679 507 408 459 156 358 771 463 549 290 235 931 135 957 311 552 276 376 403 604 513 632 450 436 932 715 689 907 436 870
584 789 410 314 329 685 302 26 348 543 151 538 385 697 939 225 943 182 27 15 34 447 122 393 809 280 867 20 58 546 698 224 257 881 683 862 760 353 742 701 159 716 214 865 619 9 200 265 858 291 362 290 209 348 318 132 469 378 961 263 750 563 654 388 982 692 274 800 431 150 226 89 804 975 876 855 261 531 229 695 208 57 582 844 246 727 109 900 904 926 975 459 33 318 861 562 804
319 356 48 90 638 863 859 299 517 253 338 649 359 581 1 622 454 730 99 781 526 816 93 612 999 120 307 961 917 496 771 990 548 971 195 917 641 93 807 237 677 539 15 726 733 286 997 819 123 531 712 179 764 228 274 647 119 886 355 657 721 539 365 191 286 618 850 448 666 342 409 609 375 178 191 283 245 785 20 709 925 727 614 119 618 397 605 885 680 256 802 504 139 19 702 30 186
775 850 249 234 159 631 732 895 873 350 291 520 843 769 338 61 534 138 698 522 935 466 205 759 844 203 846 43 189 341 735 713 474 616 979 63 30 12 732 917 173 591 857 805 414 249 882 54 101 994 445 3 35 813 68 306 370 276 127 423 72 138 951 635 132 942 308 782 29 314 182 163 177 518 843 33 834 44 718 369 702 507 692 984 337 53 354 449 275 291 275 55 866 64 594 730 524
190 145 632 985 970 508 884 928 942 478 186 647 172 196 400 179 868 825 603 960 135 18 769 584 821 58 754 693 379 793 452 972 983 330 221 358 574 653 48 521 930 883 885 876 33 84 809 593 952 197 23 377 546 226 89 450 504 846 841 605 114 255 172 264 372 263 186 496 733 710 204 547 251 151 718 48 648 268 435 255 826 360 55 389 486 24 88 217 702 515 949 146 82 141 620 460 995
518 578 68 463 983 860 709 114 557 419 517 141 827 393 792 995 788 875 509 707 321 643 176 733 599 863 420 434 959 427 728 938 648 1 555 306 422 362 228 914 716 724 783 391 705 836 455 530 963 347 322 9 500 814 685 38 261 820 594 113 953 566 435 655 34 771 138 908 188 153 401 485 460 655 324 859 547 301 458 789 626 510 801 747 216 597 548 210 673 932 989 280 943 174 230 515 112
38 732 697 277 5 506 468 672 887 47 834 656 869 59 632 690 847 661 978 67 424 393 879 717 504 114 953 391 329 491 785 856 669 616 381 604 530 901 112 696 782 875 229 246 535 874 561 650 496 809 592 32 632 831 923 700 514 955 790 490 182 1000 287 381 658 31 944 516 772 760 29 271 877 318 569 738 481 829 594 89 816 380 83 582 382 615 945 942 516 491 803 185 457 117 289 766 425
194 452 463 16 244 140 865 652 235 317 95 888 685 341 877 883 35 328 390 549 453 350 568 433 133 37 221 204 768 514 914 685 915 447 297 190 817 527 357 784 20 34 384 446 135 993 600 863 350 57 399 225 514 252 215 124 905 680 330 762 576 999 687 656 280 478 333 322 365 735 965 382 484 915 653 377 820 223 301 338 469 75 436 541 47 902 151 318 744 878 848 45 691 156 853 13 330
224 153 445 253 107 349 155 638 873 862 201 765 926 364 555 698 860 254 828 498 448 432 548 896 124 570 62 225 428 606 368 792 322 616 794 747 752 979 888 905 427 288 557 142 647 756 318 553 330 651 75 428 157 36 120 144 274 990 392 804 33 12 669 579 346 410 681 715 741 482 601 257 434 264 788 217 551 460 803 829 550 380 740 642 774 179 895 875 747 78 945 662 641 227 17 640 414
304 475 559 646 165 610 193 51 937 693 258 894 835 702 967 509 565 846 181 746 699 75 208 865 77 600 446 539 865 254 552 37 336 764 423 534 200 39 861 139 362 473 485 137 387 51 754 608 260 244 752 169 644 231 626 20 681 242 413 507 481 491 112 979 720 555 617 882 277 800 128 67 297 462 209 551 429 86 72 839 480 374 17 884 545 722 892 145 173 659 855 772 775 216 721 285 844
527 761 290 631 652 354 167 346 26 975 274 302 245 866 109 154 370 37 495 98 917 119 596 997 134 579 821 196 175 466 239 904 804 900 324 99 453 995 154 328 188 416 587 224 59 275 845 913 731 489 676 60 493 849 622 142 347 994 781 0 587 385 737 727 993 80 74 369 886 716 378 238 891 354 646 461 341 342 702 816 456 179 280 808 815 498 996 787 939 837 416 797 998 740 716 888 957
147 844 919 40 903 67 55 968 506 381 856 935 912 538 356 567 905 464 789 401 711 826 727 189 78 176 419 171 766 347 182 623 517 263 610 87 856 580 167 527 66 743 995 194 307 429 448 491 161 573 369 371 791 253 480 230 395 259 775 853 289 778 8 442 61 998 904 558 342 183 173 748 723 832 599 89 65 359 449 428 496 277 545 535 57 307 686 50 956 163 106 524 702 590 966 200 302
137 766 383 426 718 250 865 616 462 736 930 837 278 811 226 250 38 665 664 65 651 835 928 161 124 103 750 515 446 706 100 914 619 210 828 926 333 687 612 501 568 562 600 793 740 66 195 132 728 347 557 850 755 351 195 683 825 26 353 281 959 368 146 7 622 25 412 936 113 86 758 615 453 607 888 142 753 424 360 595 58 37 768 331 728 717 829 500 865 729 776 436 776 581 356 203 868
254 96 383 202 149 816 780 54 39 356 952 466 809 507 826 361 51 410 403 287 429 281 104 319 552 775 308 641 329 300 953 628 776 263 454 135 123 765 447 687 123 227 528 770 305 85 412 709 348 535 610 523 511 922 32 423 380 3 689 688 363 123 685 976 171 865 637 444 236 84 545 267 184 531 120 571 564 461 736 329 620 818 67 836 694 233 835 592 597 192 441 76 525 259 356 266 838
434 968 415 908 808 344 987 110 900 923 939 308 350 945 376 769 982 72 60 604 883 584 771 346 829 698 312 614 846 436 91 778 27 47 597 193 311 375 800 175 883 979 240 125 173 536 628 67 970 749 744 496 731 500 277 801 840 711 126 691 44 336 423 777 722 481 999 624 934 701 69 10 980 731 331 821 38 767 663 923 981 274 958 550 587 885 332 792 945 679 157 66 797 74 865 822 149
419 465 678 528 879 816 654 529 947 497 861 563 569 166 193 322 297 817 804 950 711 861 803 460 779 681 424 150 441 966 833 497 767 988 484 250 981 837 14 305 441 208 2 105 536 418 870 836 613 845 324 910 647 737 267 947 338 881 623 910 614 641 85 484 170 405 785 20 483 413 40 172 635 308 41 746 51 61 240 944 279 277 890 702 458 200 328 364 94 39 142 997 152 194 772 891 968
774 938 714 347 665 83 485 613 887 921 361 94 490 849 817 381 877 604 689 851 972 890 569 967 704 423 566 257 265 972 695 626 382 845 723 38 908 653 982 901 388 391 964 78 352 796 536 282 6 576 80 425 719 635 276 302 896 650 204 837 511 150 27 925 361 692 756 688 935 293 749 482 924 247 224 393 4 85 530 700 316 194 79 234 30 692 746 20 160 610 104 683 127 314 948 957 296
590 400 545 579 938 491 78 915 443 16 820 634 906 565 573 578 448 371 901 106 217 412 548 470 473 873 768 755 700 862 45 354 161 673 885 397 53 92 771 285 943 379 18 659 817 673 829 128 491 3 235 246 757 331 413 366 302 878 373 256 510 689 908 270 260 366 294 608 967 240 808 227 939 730 903 31 32 498 255 986 621 15 849 654 297 422 192 820 987 698 818 342 56 155 811 386 265
307 46 406 654 691 206 116 474 824 19 504 669 899 204 644 656 897 962 90 655 981 286 142 621 358 29 67 494 988 433 874 934 341 299 244 645 9 902 219 508 378 884 274 573 612 469 533 286 216 996 793 704 895 489 591 163 56 256 617 437 510 656 282 327 277 441 617 621 191 724 753 951 172 120 805 357 352 275 560 238 462 859 434 980 758 651 112 742 107 312 890 957 306 139 733 541 550
728 601 820 984 881 288 267 348 227 152 323 131 337 608 56 7 502 787 200 885 409 283 623 548 696 423 422 985 480 412 378 265 216 641 440 630 783 892 873 442 462 670 345 341 46 492 216 183 724 591 312 643 980 680 347 885 973 262 158 469 565 532 102 181 923 622 855 834 21 26 74 139 213 511 180 578 5 192 85 280 847 303 784 329 465 390 82 646 335 382 915 564 189 366 609 967 558
305 323 537 773 492 273 288 224 86 551 790 152 408 451 625 882 620 390 775 332 876 876 47 174 904 142 227 462 201 8 551 722 479 685 539 378 247 115 820 304 664 813 565 200 560 523 45 460 53 677 459 267 165 266 57 863 78 169 980 712 542 516 483 759 980 764 126 924 962 47 382 201 65 974 60 43 672 828 176 911 851 959 576 851 184 767 382 463 455 542 637 505 95 882 666 756 471
600 729 139 275 146 491 135 330 965 974 278 40 351 236 579 30 416 533 852 810 428 272 429 447 249 128 510 333 431 691 559 153 27 84 940 646 309 413 769 880 429 898 10 436 760 763 629 546 886 678 501 670 994 338 248 875 346 70 201 380 286 685 441 58 609 703 129 510 429 808 617 114 813 701 208 78 766 54 601 98 542 311 71 404 820 703 303 528 690 56 267 627 811 882 101 744 377
576 650 637 7 150 109 640 135 530 586 611 673 688 848 222 782 34 779 989 286 167 959 394 523 111 673 696 721 396 601 265 196 189 885 747 883 272 930 956 1000 680 93 719 358 160 335 715 170 127 519 917 691 973 245 306 716 960 654 653 758 203 254 175 960 88 268 652 458 908 974 885 628 826 983 222 724 213 344 17 257 864 462 518 990 808 387 283 741 914 715 960 739 123 4 111 329 290
599 706 117 795 806 309 275 762 576 807 563 936 133 769 472 766 12 718 794 740 758 169 727 820 519 17 222 651 50 64 468 834 923 304 169 309 507 10 690 876 159 787 359 914 223 677 21 683 284 113 635 714 338 888 243 703 724 197 642 382 641 634 840 251 830 27 120 492 829 361 959 672 768 354 208 697 65 798 149 42 755 183 509 516 60 257 604 107 488 741 198 287 912 131 707 314 484
839 532 443 124 498 35 387 606 158 298 56 199 432 333 291 633 695 330 80 685 60 7 645 516 68 695 136 455 116 992 759 144 63 14 759 262 210 724 242 995 865 337 128 471 534 659 786 895 696 193 738 536 212 78 679 915 661 118 868 535 492 205 271 341 841 483 412 125 503 366 113 796 193 563 461 920 424 829 319 257 653 473 742 388 153 771 427 370 504 426 65 247 903 784 901 715 807
176 109 231 78 614 110 673 843 681 814 145 692 277 611 535 207 145 605 465 753 592 269 235 986 227 339 644 937 976 17 130 65 70 370 783 80 671 924 458 969 170 641 858 503 304 740 294 758 393 705 115 537 106 879 924 981 90 842 506 143 501 829 375 801 421 815 12 662 998 733 430 129 716 61 773 320 83 801 749 12 368 788 157 692 688 302 234 56 53 49 428 854 659 908 367 794 779
566 662 258 203 354 719 294 93 997 78 236 329 787 720 473 459 993 217 149 336 988 244 465 823 417 422 997 562 36 330 136 897 80 237 966 967 28 78 503 727 24 70 695 285 603 109 4 497 937 653 321 778 970 230 920 645 7 480 641 650 459 55 682 592 838 360 868 573 771 692 235 175 183 786 245 966 628 521 233 516 822 350 10 492 651 914 512 881 481 8 644 718 740 239 658 49 915
95 859 615 333 917 301 976 121 33 321 534 148 54 145 824 404 16 862 354 537 884 443 462 265 290 67 448 810 135 624 469 253 704 237 913 145 90 432 532 744 114 239 693 548 145 330 189 431 963 703 984 341 314 497 856 570 59 241 950 561 726 303 84 95 300 230 131 321 620 738 750 634 52 769 51 260 300 828 217 106 180 711 913 733 896 119 631 1000 241 782 732 770 242 797 460 351 318
420 43 813 153 405 617 234 408 270 515 274 172 119 389 970 447 920 564 51 566 677 4 563 424 212 35 508 794 59 517 242 268 236 454 797 462 273 604 992 703 686 805 933 548 287 600 652 174 69 973 193 578 356 32 561 196 892 500 983 307 485 185 82 466 458 260 611 760 489 654 405 242 937 117 531 593 498 829 535 617 982 947 363 2 989 401 553 353 749 771 232 155 737 246 596 749 810
864 646 298 957 257 491 647 455 512 663 141 14 113 690 43 648 440 346 989 769 72 609 17 741 795 205 213 877 971 436 285 309 846 487 782 57 245 14 8 499 186 26 731 341 345 971 598 264 992 741 433 100 995 627 245 158 617 299 359 746 198 193 744 267 800 110 585 514 503 960 618 131 307 953 887 296 186 329 828 870 680 637 191 408 771 534 515 272 784 247 420 401 658 45 610 189 874
257 538 786 392 924 900 461 981 844 269 304 584 513 709 993 691 247 710 783 677 400 819 615 316 214 582 870 800 388 368 989 852 818 535 145 632 916 711 433 672 104 835 175 189 932 697 538 54 785 207 502 144 794 237 780 700 785 943 659 390 549 217 202 298 59 869 953 626 682 375 490 198 554 407 205 541 573 768 694 474 318 244 342 647 497 386 193 37 777 662 99 238 897 850 600 196 757
244 508 39 351 200 596 687 764 365 476 31 142 829 961 165 707 387 492 258 128 726 187 381 552 431 932 525 67 149 267 27 893 511 705 960 849 125 562 40 795 304 282 328 931 513 55 920 365 535 926 611 46 843 379 81 36 520 595 870 446 370 299 21 285 311 58 154 456 409 88 648 872 865 566 25 640 427 205 2 396 587 950 936 436 774 92 112 253 557 0 291 322 496 167 35 484 488
442 797 229 70 776 975 131 693 599 431 982 318 167 297 162 905 235 780 971 973 163 317 137 987 826 493 250 326 940 581 661 220 642 574 594 110 73 405 920 480 684 68 603 226 820 81 879 704 715 497 47 720 147 881 37 680 348 206 647 355 728 366 492 606 781 638 326 798 242 447 698 938 397 176 360 213 89 969 392 289 26 593 47 769 99 676 81 663 132 672 51 354 673 749 326 33 910
441 541 179 809 866 516 517 992 315 533 719 208 877 29 749 958 575 127 9 855 158 968 187 734 242 862 460 163 463 712 812 317 72 325 474 829 105 966 451 622 106 743 329 592 207 259 726 220 843 43 860 174 289 3 345 137 262 994 336 863 473 456 582 436 873 595 137 349 548 729 337 966 918 166 569 576 12 865 204 165 164 80 252 857 655 713 960 970 966 617 650 18 973 442 534 823 913
314 764 200 847 37 29 543 708 561 15 44 606 50 303 306 234 697 771 129 137 308 287 363 645 811 340 819 534 384 962 419 86 755 652 550 219 565 72 704 133 948 840 436 852 630 758 835 569 960 51 815 17 863 652 220 541 223 911 308 43 256 488 729 394 105 488 520 991 21 243 328 487 81 248 956 111 869 82 1000 317 615 650 32 756 522 243 263 349 715 265 109 934 720 841 724 964 432
796 989 208 141 132 768 865 341 943 285 789 450 250 862 1 826 940 128 594 698 763 592 539 49 243 881 440 900 315 744 446 23 659 435 326 364 980 518 272 137 43 906 848 707 934 911 617 3 458 4 150 992 96 321 337 905 225 336 862 823 943 346 993 155 843 860 169 822 349 483 607 714 19 280 638 454 725 313 904 498 583 604 907 35 459 852 576 52 298 909 234 732 714 928 300 326 633
148 942 512 87 145 755 528 421 516 77 946 149 466 948 431 851 649 889 617 436 820 173 252 661 637 878 49 329 986 694 62 962 274 570 363 564 887 701 939 24 656 240 559 813 861 956 992 735 421 330 897 87 188 854 417 678 934 202 754 571 130 275 885 282 979 340 363 869 953 945 883 924 362 402 390 598 349 997 934 448 555 404 426 552 266 815 719 718 377 107 961 299 296 467 486 587 646
774 919 255 290 809 263 277 881 700 614 727 250 262 927 413 211 859 460 802 458 363 603 723 65 870 415 509 538 851 718 465 446 209 926 600 863 695 343 231 757 629 838 332 672 298 128 641 463 972 744 85 863 956 225 402 586 502 127 505 144 321 642 490 939 370 213 380 43 431 436 64 148 853 446 628 166 205 418 385 251 938 247 562 111 464 115 140 749 884 702 829 38 796 27 179 193 630
108 436 7 14 148 161 729 358 484 482 90 717 131 625 701 788 787 756 408 710 542 952 453 740 875 633 26 179 400 994 422 439 382 309 335 365 406 465 139 853 785 815 941 892 194 936 20 148 998 726 907 946 120 375 519 260 92 180 51 215 904 764 866 62 50 840 668 859 637 792 344 623 298 526 895 568 728 184 36 517 638 741 108 972 996 707 41 866 358 136 546 181 909 626 498 742 302
333 730 376 703 711 65 636 907 450 246 568 801 146 425 162 29 300 951 216 538 346 28 682 700 662 799 105 139 391 318 547 703 709 534 62 596 995 246 241 503 946 992 332 777 347 921 497 451 798 975 863 515 150 521 496 96 103 104 59 707 794 983 498 157 463 948 131 391 798 911 128 459 840 494 209 223 188 993 192 757 467 337 722 295 254 242 27 341 776 739 350 865 127 64 812 663 296
199 630 81 425 804 134 106 655 228 829 583 4 867 895 121 969 468 795 595 480 76 225 254 821 844 323 291 66 493 386 203 833 891 235 754 683 793 241 897 926 956 898 111 331 328 198 825 858 70 828 301 136 674 289 134 461 349 46 947 716 325 800 662 975 681 729 808 723 212 321 97 37 571 321 311 668 931 411 457 833 576 447 226 807 253 825 73 889 595 577 459 701 315 910 969 638 973
49 246 101 463 250 639 73 914 545 574 808 344 484 482 776 518 577 557 340 964 626 776 740 893 642 142 275 266 986 170 910 736 487 286 210 841 727 494 686 944 133 592 103 933 391 538 311 1000 400 906 510 739 737 958 787 739 527 653 294 118 78 563 39 523 510 548 33 369 35 136 68 479 776 239 896 852 802 198 98 327 438 982 519 929 696 975 923 757 48 290 765 203 919 831 706 997 319
547 510 534 132 742 447 34 844 833 538 247 418 785 891 596 185 604 352 431 438 609 810 33 599 952 677 160 579 557 577 284 621 168 50 216 130 493 161 862 959 446 916 342 517 182 782 844 791 113 127 777 792 22 714 19 53 85 569 690 680 890 352 182 416 367 85 577 328 531 123 507 242 878 359 475 718 719 528 113 973 810 656 47 712 938 179 635 714 824 964 117 996 721 530 442 171 503
761 322 435 346 140 769 816 978 896 756 671 110 59 485 733 77 642 915 891 198 652 765 694 857 405 812 284 876 655 584 704 324 510 223 130 655 952 652 634 121 621 592 94 471 205 933 717 523 544 603 593 569 475 308 522 839 615 606 718 984 747 841 658 577 714 134 8 923 3 284 440 578 636 136 879 513 740 47 756 252 408 253 293 476 270 619 554 424 900 819 877 525 809 890 255 477 97
189 59 27 827 546 394 877 2 699 246 447 227 558 685 184 525 684 271 777 745 938 670 881 878 36 84 268 893 189 384 738 496 645 919 171 156 829 971 987 919 994 325 735 742 807 697 108 366 909 805 828 177 84 441 987 224 230 515 593 179 609 841 345 488 830 513 718 448 605 548 476 460 640 206 232 504 374 344 239 220 867 534 804 228 231 236 688 603 430 825 41 785 332 710 976 176 638
202 836 980 524 86 833 291 935 825 472 966 508 916 712 3 903 982 326 726 579 538 149 978 53 315 63 822 75 627 7 755 853 176 747 886 166 602 337 862 395 264 48 247 605 144 830 618 267 663 776 432 707 537 867 935 892 788 945 719 427 686 164 741 601 902 982 992 29 729 757 913 593 912 593 551 478 150 854 457 56 21 651 613 261 146 543 823 163 545 880 172 743 113 159 384 451 138
88 792 138 641 556 721 254 310 320 397 145 49 915 120 777 389 536 899 174 234 760 780 848 822 23 939 282 478 733 577 492 779 438 450 377 581 96 387 251 881 688 403 761 46 63 399 739 554 583 439 954 887 85 373 62 458 6 334 610 70 481 858 961 688 242 495 684 964 719 304 536 127 580 586 76 397 91 465 105 84 93 938 916 846 24 34 25 369 228 811 504 751 402 860 214 892 120
798 657 877 426 920 660 250 144 307 960 829 982 690 600 216 906 655 120 78 287 438 955 800 105 908 482 816 415 417 808 920 779 3 484 192 779 200 470 101 971 417 944 878 464 803 108 897 794 464 144 607 233 850 463 866 601 389 745 150 151 993 982 96 11 980 291 452 993 199 579 784 445 851 293 988 724 940 712 413 821 839 361 788 922 639 479 786 554 851 549 167 827 291 862 395 29 827
46 856 560 541 579 854 282 200 712 54 491 107 792 53 164 561 964 373 109 624 322 373 582 941 837 119 141 369 612 652 885 920 140 198 112 718 707 883 800 294 811 921 298 768 712 715 354 414 888 74 564 930 18 317 501 897 347 829 356 356 229 621 734 84 623 656 395 37 508 998 730 645 122 26 746 781 507 383 550 434 536 480 175 575 800 199 456 726 418 133 97 65 826 829 653 196 723
405 978 622 355 147 939 512 809 536 398 314 882 734 2 169 107 434 676 4 764 400 827 222 511 61 8 251 521 307 918 182 720 977 361 173 739 148 616 331 978 94 635 769 273 838 543 197 852 831 699 617 583 505 360 183 509 618 820 460 535 796 951 189 290 624 516 797 401 939 361 487 267 208 778 471 120 680 573 924 461 349 529 57 197 942 510 912 953 860 60 425 324 376 311 918 9 363
405 899 107 469 200 350 800 797 996 194 393 280 677 807 310 444 107 661 320 768 404 428 123 0 360 508 707 172 963 327 516 519 348 585 842 681 271 944 116 799 418 880 540 434 535 713 230 336 623 383 363 132 271 883 148 154 59 118 793 919 800 495 142 167 368 366 981 838 942 290 133 186 504 604 136 562 764 124 418 785 361 38 823 459 89 40 47 243 798 889 201 769 762 972 722 239 212
236 934 745 881 810 755 217 902 397 594 975 882 426 795 44 69 306 858 640 771 164 567 508 334 992 137 732 626 616 239 750 650 656 107 168 341 464 840 187 652 154 497 751 379 882 103 456 886 105 393 860 750 348 571 637 307 345 125 561 30 314 591 794 108 744 757 838 788 518 909 748 356 714 248 770 377 11 16 510 344 714 177 86 924 318 997 164 684 172 769 588 929 539 260 896 402 685
48 767 855 355 798 948 745 700 559 314 605 360 761 140 54 285 417 594 631 729 268 856 76 425 195 964 818 15 738 652 898 894 824 276 584 217 666 113 387 187 715 266 586 994 791 467 922 401 781 169 987 217 677 398 783 357 820 281 368 260 367 978 950 779 241 592 910 996 467 281 303 612 562 874 743 117 432 133 750 186 22 204 267 303 156 757 450 895 60 812 171 723 318 109 232 242 608
206 637 53 250 394 661 134 489 203 699 850 118 519 427 406 462 73 963 54 665 864 615 182 747 999 656 63 184 648 738 830 85 516 53 218 112 595 394 336 2 813 891 731 202 864 723 768 799 608 336 166 30 261 113 441 31 824 801 192 40 245 419 846 465 234 44 652 184 794 549 945 913 319 941 997 935 767 544 599 68 640 826 154 509 886 295 752 809 37 783 309 718 209 463 13 427 162
326 926 551 85 523 969 873 125 149 370 812 280 432 947 203 168 809 410 386 25 187 572 298 980 637 487 531 853 83 414 407 665 146 949 293 293 445 271 825 781 540 962 781 669 317 734 759 986 361 66 219 128 828 465 328 731 456 984 434 321 652 270 143 552 555 26 337 51 24 289 488 658 816 115 903 587 344 429 623 217 53 576 154 266 707 551 925 254 667 388 637 260 571 320 523 102 661
72 695 31 742 677 244 253 341 184 982 766 748 80 578 920 755 389 716 657 985 824 868 303 681 964 454 247 385 719 809 388 720 398 309 720 27 795 87 872 28 14 17 177 360 976 840 643 462 540 302 72 344 802 788 629 208 545 489 561 314 534 527 148 254 338 534 109 785 427 362 504 139 117 953 99 254 347 143 624 489 312 503 212 548 437 470 736 131 561 631 949 970 419 836 411 152 259
674 707 779 945 155 468 620 527 194 80 608 22 969 763 446 587 38 998 445 513 709 167 951 881 789 753 99 4 970 901 123 675 364 455 77 911 142 600 296 268 182 313 580 912 952 696 831 865 988 698 961 929 85 890 204 607 239 759 189 14 209 903 173 557 712 947 421 321 926 276 638 582 437 318 300 956 239 565 729 467 767 368 514 974 83 559 278 368 721 919 286 401 445 721 660 460 323
775 840 637 59 219 738 999 33 980 248 184 760 329 423 132 506 583 254 743 468 442 675 287 620 345 610 422 538 584 583 533 54 422 260 667 793 34 502 149 418 248 269 688 634 75 559 186 126 897 53 110 732 475 94 388 787 2 179 339 865 642 409 157 584 812 789 538 318 873 602 892 971 494 273 881 246 981 357 899 408 315 835 164 785 888 8 455 358 602 1000 705 938 192 816 921 714 316
232 625 959 701 519 706 575 968 644 100 403 194 145 257 24 529 15 880 137 584 601 782 885 103 458 797 862 715 187 120 269 12 613 303 605 408 663 454 688 873 165 767 751 605 573 835 99 83 767 228 839 951 359 637 703 791 501 261 758 426 80 966 918 230 578 540 70 369 352 53 543 251 816 695 718 581 625 135 195 389 451 765 793 256 620 330 846 47 174 410 110 526 275 127 420 783 387
689 936 49 119 484 5 328 930 407 373 980 577 586 606 952 750 737 153 828 570 445 758 541 695 30 43 344 748 747 960 973 788 999 266 622 96 81 785 636 575 179 490 332 371 105 355 777 912 405 703 21 147 193 623 3 330 831 367 831 291 287 924 359 355 46 347 896 443 826 134 993 148 205 945 548 180 48 859 831 884 105 939 630 494 970 533 668 43 740 611 677 647 859 423 343 295 83
684 879 385 769 165 88 403 816 917 415 915 413 941 275 567 13 769 850 720 957 691 727 66 798 521 818 829 662 518 655 419 31 203 95 15 843 447 197 332 576 102 374 87 568 351 646 617 907 503 530 418 546 640 507 582 880 9 977 791 127 453 626 946 528 575 940 359 241 38 102 685 549 851 460 26 288 196 481 391 454 635 475 483 890 625 413 823 537 923 591 222 906 353 974 330 531 714
561 823 22 167 741 189 655 881 353 388 531 407 994 527 661 408 391 76 978 841 980 427 636 825 611 610 845 848 854 756 405 145 523 716 73 173 496 871 498 955 755 976 445 514 563 766 380 562 278 244 61 720 86 67 66 899 525 988 978 15 949 392 85 672 416 767 348 250 425 849 125 627 591 604 13 836 586 86 826 878 710 392 159 994 446 170 645 737 651 55 826 247 171 857 83 50 58
839 605 797 604 614 105 656 73 90 4 275 630 818 552 135 336 143 808 218 431 180 922 746 161 174 808 485 531 494 257 382 257 644 403 156 44 211 3 803 748 501 991 758 830 651 477 326 6 976 904 545 32 879 327 628 784 206 266 255 698 181 447 934 18 781 559 506 323 661 839 232 10 120 429 179 752 169 516 990 415 7 339 55 587 244 659 179 684 60 433 316 17 44 638 284 824 42
836 295 168 711 941 536 505 458 953 479 101 952 737 436 576 865 894 880 245 287 507 217 391 66 421 16 424 515 418 544 727 630 432 860 254 29 541 102 179 420 41 682 692 129 332 718 666 559 38 417 599 604 324 70 334 66 202 600 259 993 723 309 505 860 725 180 123 489 184 528 753 617 351 270 484 873 475 971 690 648 634 192 36 507 805 812 896 768 660 160 80 658 970 821 14 812 399
38 576 316 555 957 527 604 813 858 685 192 545 718 115 316 447 29 927 875 292 676 527 752 185 958 729 27 97 769 629 252 66 777 892 498 464 678 149 929 224 964 634 74 430 279 775 511 367 609 990 356 50 214 245 358 749 289 298 248 548 413 179 518 28 751 48 482 99 943 324 886 23 566 857 394 345 964 529 770 910 345 98 700 84 884 221 79 643 78 474 626 106 98 406 953 444 302
764 895 761 834 670 74 790 726 759 421 613 119 569 479 393 440 112 716 268 174 417 307 137 239 647 985 31 16 858 976 469 177 935 204 969 242 150 862 449 286 570 452 97 313 438 150 389 284 728 49 604 431 885 625 599 585 769 125 933 620 830 609 497 791 416 41 937 785 686 645 113 900 930 725 1000 763 105 191 389 862 303 468 165 46 40 777 661 936 264 119 553 154 795 70 63 515 257
137 62 552 787 82 620 512 150 34 728 330 112 917 428 969 770 313 510 851 736 752 268 3 825 511 179 621 342 408 318 822 321 202 806 825 511 303 621 604 993 296 120 360 386 688 833 394 864 981 603 462 527 717 20 191 578 334 34 496 243 905 401 204 40 599 261 211 80 688 440 690 832 644 178 324 194 200 385 936 936 705 82 644 354 162 903 390 913 568 970 59 826 68 310 250 698 499
241 686 204 644 678 249 632 951 631 730 501 821 661 654 873 732 504 926 797 744 825 541 236 504 148 849 289 131 867 455 721 399 963 139 33 896 212 495 674 230 738 401 608 38 206 199 436 652 49 997 644 745 262 286 730 829 144 763 146 181 851 825 610 910 155 646 768 968 156 424 833 176 807 511 418 858 873 820 321 923 22 103 854 713 43 389 979 1 298 866 281 612 937 784 878 0 258
960 87 995 970 20 264 426 216 559 265 90 841 513 821 726 934 571 872 229 266 769 585 747 217 411 169 507 437 920 624 2 583 682 472 860 652 115 688 419 162 832 876 668 364 269 573 264 96 104 339 826 230 912 306 174 156 784 634 175 809 895 110 595 194 708 153 5 578 568 532 72 293 238 486 31 400 616 543 243 387 901 316 320 539 223 544 479 747 162 385 759 546 499 869 109 666 870
137 816 809 400 350 978 125 296 348 707 115 205 168 782 818 712 417 697 556 926 505 407 505 24 923 209 112 204 691 926 170 354 563 267 188 133 56 494 932 807 268 315 289 448 267 640 647 388 72 512 370 304 888 440 807 271 470 197 653 636 423 606 990 633 820 850 706 636 444 409 122 403 319 684 621 899 170 595 247 454 743 949 366 0 533 659 116 536 443 206 414 409 207 297 66 135 770
358 99 948 497 860 132 493 996 490 754 753 653 258 653 557 103 374 725 18 276 431 67 867 435 90 989 404 186 239 103 328 845 706 483 515 869 755 146 96 864 116 906 781 96 937 823 931 818 802 594 816 634 66 474 866 539 241 707 840 502 977 786 707 657 513 500 415 34 326 843 383 71 652 929 300 769 316 349 594 892 546 750 229 360 965 306 681 507 8 425 342 535 536 363 904 160 813
787 430 191 302 743 844 399 767 307 65 203 199 461 692 596 792 747 200 698 234 336 792 787 389 710 43 755 273 465 323 24 790 687 881 580 617 234 637 469 22 80 280 254 25 979 254 71 611 752 164 807 623 403 506 756 57 478 891 453 845 391 451 682 7 569 64 392 205 571 571 368 351 322 298 128 131 682 558 22 110 530 262 564 87 310 695 280 168 220 466 268 844 117 908 407 430 998
494 578 61 854 301 741 528 0 610 491 344 594 273 729 824 655 672 334 452 69 895 159 337 694 381 535 70 98 113 742 210 683 780 242 796 952 554 197 74 662 220 850 506 906 996 984 808 704 369 24 123 318 101 116 444 846 386 899 524 854 43 7 40 819 287 136 181 626 649 754 108 312 955 20 850 300 160 981 485 119 675 433 513 910 145 250 896 361 419 113 192 944 677 519 498 842 730
564 372 393 591 34 770 774 208 720 201 828 485 151 206 771 160 235 301 314 837 487 273 209 253 749 19 459 365 105 828 994 89 803 727 8 476 633 252 564 633 79 318 478 421 318 610 970 12 943 416 938 505 371 573 2 739 592 628 706 868 681 422 147 157 175 217 673 521 827 476 203 332 45 162 302 823 893 405 726 742 664 437 884 940 653 401 120 917 950 79 819 753 436 403 855 279 972
58 98 532 452 807 206 158 548 17 448 455 314 700 31 362 438 590 321 878 138 930 99 157 884 96 614 46 927 805 301 467 866 333 551 232 539 214 539 859 532 316 822 56 849 828 315 712 554 957 631 30 337 270 968 463 504 203 738 973 633 16 838 597 111 484 921 864 296 889 519 716 782 72 742 187 10 850 40 985 444 271 868 702 248 302 547 681 604 959 217 48 186 105 367 254 864 501
191 303 263 359 755 649 384 922 143 59 478 59 603 883 871 877 927 516 386 585 176 798 266 589 438 614 94 731 707 469 552 327 907 918 631 392 402 229 140 222 603 123 898 374 706 774 825 36 334 282 875 904 34 630 432 547 793 587 13 409 712 778 619 23 799 142 27 279 597 653 20 762 915 860 803 50 824 476 594 301 645 233 548 503 729 339 438 169 744 474 93 688 852 799 671 311 45
532 274 279 944 159 275 711 47 148 654 304 737 925 606 493 738 772 467 79 491 615 96 916 135 810 980 454 246 634 237 609 583 887 418 715 810 948 564 206 403 806 857 943 980 466 851 854 576 358 385 78 644 270 710 4 52 319 697 26 231 758 177 640 42 586 688 809 234 584 149 875 53 503 460 771 518 254 722 83 475 520 390 985 312 133 620 236 371 790 797 765 871 51 268 740 731 555
345 590 21 430 568 752 502 748 790 808 596 340 166 230 335 158 89 632 377 3 311 155 190 572 205 620 729 298 350 273 308 269 350 275 257 641 240 672 372 864 7 697 974 86 697 466 443 517 530 779 562 302 270 607 584 781 449 242 131 811 430 144 200 231 383 428 643 489 696 849 12 81 486 118 270 762 152 164 303 484 498 831 970 150 176 689 713 59 260 703 781 315 59 991 821 236 491
586 880 14 954 691 744 542 489 798 108 433 180 46 912 296 690 381 200 528 164 600 367 514 508 370 917 605 215 822 36 374 410 877 644 849 7 113 50 414 886 93 894 803 164 284 692 55 491 491 991 911 470 811 357 355 246 782 804 451 73 251 674 833 904 805 872 400 137 142 471 15 95 691 777 68 310 245 670 90 958 976 582 693 437 177 968 536 958 40 337 730 862 456 301 795 396 162
724 861 145 940 591 303 33 172 901 311 333 250 25 523 48 239 535 105 571 717 565 94 849 723 864 827 248 375 279 601 210 313 372 988 192 80 376 239 658 600 1 854 249 400 595 703 274 684 321 533 686 768 263 607 734 839 399 410 907 179 880 243 240 821 694 489 610 890 279 606 341 108 837 838 497 304 240 884 273 364 827 388 943 447 174 786 658 75 481 934 406 905 758 528 519 815 684
822 224 145 811 403 680 104 570 598 155 421 373 622 793 548 955 34 816 405 555 983 470 197 186 597 698 240 311 156 270 785 342 213 787 394 764 418 370 72 340 678 305 145 241 659 504 146 326 108 430 16 131 339 575 517 477 121 407 455 28 758 60 156 777 322 771 810 780 694 484 32 508 925 485 656 829 506 993 250 696 129 243 730 556 175 413 379 11 995 723 224 200 950 783 225 524 194
14
148157 347 0
859541 384 1
915639 141 0
467285 387 0
396052 165 1
230716 44 1
495632 346 1
740727 184 1
857474 261 0
150930 236 0
37502 253 1
571823 187 1
757671 60 0
361409 312 0
14
78332 55 1
268759 389 0
94568 220 0
729365 14 1
850079 259 0
367526 155 0
177660 366 1
681581 180 1
959832 143 1
662139 298 1
168360 153 0
498713 362 0
213759 177 0
616941 45 1
15
576198 274 0
533728 316 1
87853 293 0
666835 208 0
771038 390 0
275661 71 0
458560 335 0
705796 148 1
48130 143 0
404543 197 1
26906 77 0
830888 185 0
688900 240 1
38838 235 0
519475 318 0
4
651799 106 0
619616 130 1
889059 307 0
770461 395 1
3
495064 303 1
505850 318 0
594035 374 1
