18 17 6
97263 78837 17250 95045 31060 31879 89876 46271 95552 38554 60343 70022 11015 16394 41529 54403 61550
82869 7373 76871 16531 19538 66218 20046 16176 2834 28151 48479 20228 13061 58838 87663 47741 69059
49844 65184 22475 30741 2398 19805 10229 97754 94564 26886 27527 7917 99723 35331 1356 97574 98228
18901 29210 50450 89636 94950 25871 44084 60274 66175 65622 55103 45185 51239 32026 97985 31934 24450
76231 95241 34257 31761 88404 56949 6306 2548 65191 77311 37230 74814 36694 56712 17528 37869 56121
9520 68357 56943 41030 44914 34960 92295 48298 34219 90526 66527 61388 71653 98820 63522 84215 33904
65666 76627 11960 56634 76662 42936 78466 499 97270 20997 23849 35861 55935 84011 56485 45801 42767
97953 33123 23713 43022 17405 11805 8453 96865 72030 88256 2573 10802 18243 31966 55720 65390 87743
95669 93651 62107 55168 66887 19239 55840 87577 81124 20049 17318 35168 38994 42929 30362 62463 17661
8250 12702 44912 96742 12669 53804 32440 84306 18568 72173 92218 23411 8066 6032 65851 1810 99798
38099 39219 69127 14007 94061 76997 26801 44324 31771 97783 93293 83976 43755 18444 22232 64306 22422
20617 49351 49598 98269 47520 97121 6461 78499 57145 93309 31089 51225 65961 73902 20149 3760 27546
23549 42112 83231 78999 82475 34047 53845 81887 47154 706 31913 82735 72577 96370 47523 66099 14214
58676 6103 61316 72624 38409 1690 44415 85592 43872 66036 9427 11697 48230 35423 13326 54735 83727
79761 36639 44714 31315 77046 47128 50691 44895 86960 39501 45716 9583 95224 9620 18908 89626 78550
12272 80454 65141 80600 33 22431 10027 98414 72000 49787 59566 4729 33650 24798 65366 31171 43422
69219 4878 7605 58500 20545 11933 52610 34879 24755 31230 96515 15373 72503 56095 56434 63419 47557
12365 83668 32168 39037 71737 87729 89327 73828 28017 50266 57310 57962 40459 27653 23012 90314
4145 44223 57922 39469 10907 26937 20232 81290 81478 1147 73440 5645 29316 70715 10965 41990
77289 62872 8922 85430 33105 58104 12462 97113 45472 48803 99956 63194 12 6584 59376 68758
56042 96420 18383 27366 91582 25711 18272 62559 56875 25597 8542 68735 52210 8895 46038 1619
9904 591 43056 88132 53870 92966 84463 83514 83066 22890 17315 51645 5496 92724 88419 94521
39737 14579 87226 37315 53108 34646 68282 5983 50768 77612 24862 77104 40441 7330 4685 50942
18299 31930 96699 77967 13245 46405 87656 70052 84148 50803 35944 61331 19518 20387 40117 74081
62438 34147 18789 58948 70655 37969 44848 90942 27442 90839 11177 32650 384 43658 37840 33552
17947 70384 25222 38728 41302 96362 5006 4625 75078 9787 4886 57088 45474 42643 67499 66075
97718 49954 91888 78531 69573 91129 39664 49126 8597 15185 14279 96914 68552 46798 32640 73719
67989 25384 17990 54748 65984 19305 4916 13950 180 99882 8462 65536 65206 92021 3342 40107
78556 98502 77748 28814 47050 83753 27585 78255 28433 56067 82310 61508 59168 90785 83521 461
27504 77992 60678 12460 45720 40075 16084 33000 10991 77998 12064 61807 68476 51628 84887 79068
46976 54453 49422 72473 65229 15417 62523 96671 66536 4676 11241 91004 38056 97796 18270 71438
93612 4376 7633 76692 52156 89412 25651 49724 43281 1854 77660 67741 80085 8471 20825 2681
83489 20792 6479 18221 36588 40456 56747 11008 12310 43007 39554 31448 36981 78696 56871 65509
70919 72762 90688 34556 39101 69271 49994 24841 63533 39260 96395 34353 28517 15378 15715 10424
21986 33834 19683 74120 93205 72537 7979 46169 87971 62624 28246 49738 88795 45698 7579 32684
5
308863 21 1
580097 68 1
954279 31 0
387671 24 1
622259 44 1
4
170472 25 0
110040 5 0
510858 51 0
69600 60 1
2
483362 29 1
582914 65 0
23
604834 33 1
481955 43 0
566552 52 1
136068 57 1
280305 69 1
184919 50 1
116869 16 0
288824 15 0
701124 65 0
83506 62 1
230098 45 1
882138 37 1
48594 1 0
590990 44 0
71030 4 0
472558 17 0
65298 35 1
81410 55 0
834136 47 0
298409 66 1
586606 56 0
124853 12 0
564928 41 1
9
939392 22 0
240289 27 0
941214 35 1
652311 54 1
204214 9 0
511326 34 1
864931 39 0
686940 10 0
843344 18 1
7
421398 30 1
33407 38 1
37923 41 1
765435 68 1
36873 47 0
397838 46 0
844164 37 0
