5 5 6
949652 418429 198931 874630 348070
302596 879548 252993 278740 35584
541511 888879 614269 748870 300552
1647 746618 759728 978966 654915
513066 129794 898874 36814
496032 242456 168512 110801
569579 741014 266578 55653
811606 75926 355363 924435
262453 723941 29455 750328
4
257631 5 1
345684 7 1
211778 2 0
383434 14 1
11
915382 15 1
346141 11 1
501787 16 0
850844 14 0
382256 1 0
730076 7 1
848611 5 0
265585 20 1
3745 2 0
28193 9 1
182259 3 1
19
13447 11 1
235061 17 0
866074 2 1
198499 16 0
932851 13 1
384423 3 0
232697 5 0
70447 20 1
323322 7 1
423421 10 0
312030 12 0
166429 6 0
551867 18 1
928657 8 1
642406 4 1
170583 15 0
510903 1 1
237275 9 1
86827 14 1
5
760639 13 0
927179 6 0
870642 1 1
745933 5 0
927178 2 0
10
700339 20 0
191065 17 0
76396 15 0
448670 9 0
743531 11 0
895538 2 1
192571 18 0
505514 4 1
242507 5 1
446358 3 0
1
384801 14 0
