100 100 2
176 18 550 525 448 96 785 506 796 754 972 841 379 541 617 563 106 826 218 883 649 911 570 28 705 683 670 67 225 871 173 418 367 404 507 690 575 828 123 939 246 903 541 397 546 542 495 731 812 840 42 894 796 321 958 72 295 984 917 478 526 537 958 261 233 223 844 721 452 907 431 104 40 218 855 890 890 583 714 964 929 60 627 558 907 30 510 481 86 34 199 713 851 503 398 471 852 62 8 990
602 841 80 713 570 325 791 30 72 239 731 347 979 464 584 507 780 285 765 886 600 748 259 762 578 217 304 868 323 473 450 938 987 113 96 965 955 617 455 419 608 734 788 86 539 22 60 571 361 815 365 316 708 566 288 240 970 18 306 861 457 205 5 466 402 187 205 406 484 990 445 424 587 472 50 269 624 197 111 682 397 999 907 891 952 771 504 52 627 283 6 536 251 598 952 126 324 52 164 276
756 256 114 559 486 990 41 97 887 75 800 235 114 944 703 613 257 814 418 264 651 189 49 914 217 462 502 72 293 610 133 964 914 76 569 484 490 149 836 717 223 99 959 807 260 752 280 979 45 491 515 171 372 45 824 338 458 428 406 597 95 189 555 663 700 778 920 13 618 707 559 935 956 714 78 13 178 187 693 803 991 193 443 979 459 188 420 563 190 43 93 943 762 445 481 315 112 736 563 962
472 649 718 91 553 241 54 860 53 261 570 78 920 738 708 21 627 111 783 21 359 617 567 485 376 657 690 987 734 71 142 589 872 536 58 741 520 614 196 355 40 100 779 33 988 123 885 241 907 169 372 864 175 97 348 564 660 720 434 327 326 325 360 32 739 304 460 418 843 80 615 635 741 88 292 380 842 474 84 209 347 180 592 346 385 216 384 258 699 265 991 421 311 781 521 669 782 51 72 89
158 573 812 806 870 384 7 260 411 540 658 359 271 525 58 226 689 155 16 259 142 678 660 967 903 482 328 909 554 430 756 619 850 219 323 973 682 547 55 425 653 850 824 563 427 814 566 471 36 403 147 444 880 314 112 630 129 135 367 822 477 748 5 146 189 226 884 810 767 190 596 324 867 8 788 995 393 39 914 694 436 747 845 839 522 298 698 826 871 872 6 836 969 332 272 962 30 404 696 572
785 638 57 185 669 436 819 585 134 517 170 909 369 673 395 300 774 776 757 951 801 394 425 576 266 700 950 675 406 507 23 176 102 63 594 881 488 57 698 565 185 867 871 271 304 499 691 613 54 206 433 276 53 123 604 939 826 261 762 755 495 620 155 771 801 601 959 693 797 663 331 490 240 971 509 783 809 723 337 338 939 746 121 826 377 26 18 376 611 750 281 974 516 446 775 695 73 25 821 752
228 275 96 614 728 508 234 356 580 639 453 960 64 81 546 908 72 253 421 602 790 310 702 966 305 267 275 761 206 548 614 907 979 152 81 356 566 636 863 85 461 70 928 853 84 765 252 733 842 533 856 165 490 230 317 563 102 609 490 758 647 648 156 456 302 386 830 28 293 493 523 864 823 209 980 347 984 79 869 625 261 644 71 446 967 569 855 455 574 158 266 670 446 100 790 615 393 176 152 212
287 741 284 515 570 921 505 642 411 187 634 502 391 534 56 106 237 22 438 558 947 447 497 793 573 866 729 795 785 183 530 377 140 504 853 468 235 238 498 614 195 505 127 815 838 195 740 426 872 598 536 470 390 252 985 865 204 884 619 513 914 200 105 381 291 146 162 591 766 533 674 197 444 852 594 82 106 857 384 963 14 190 370 451 137 563 360 791 136 608 626 652 56 804 45 498 737 768 46 141
19 405 937 430 819 766 771 206 692 597 720 761 656 983 732 621 193 268 694 546 336 434 682 978 53 741 66 774 719 486 252 485 351 428 540 79 839 121 285 395 308 161 174 259 292 79 729 837 251 542 734 410 778 715 417 28 28 457 546 629 226 548 282 352 71 153 157 973 950 765 624 526 31 658 450 814 600 699 954 965 896 263 268 423 410 799 597 300 663 381 127 342 835 967 38 949 307 504 672 21
49 783 704 417 804 883 700 326 652 984 665 932 212 526 383 639 132 618 154 400 988 457 958 701 860 273 889 774 131 204 779 994 697 436 801 882 626 415 804 756 856 408 375 466 618 292 20 684 853 96 707 248 810 16 699 979 186 668 379 706 779 289 507 898 45 373 780 862 465 324 392 949 335 353 414 111 59 394 331 275 942 229 820 11 607 262 237 328 856 87 568 599 568 478 461 775 374 538 562 41
30 826 834 72 187 57 477 303 953 986 665 790 425 474 626 27 713 578 3 874 539 43 481 279 195 697 623 275 907 947 111 256 200 816 508 782 316 349 305 559 490 272 975 476 346 325 912 389 862 496 445 34 958 905 987 410 514 389 538 888 662 974 277 217 442 552 771 440 656 342 212 21 669 913 106 383 943 407 107 408 183 473 906 282 325 634 621 635 874 801 465 760 831 242 625 643 551 896 548 426
25 606 542 808 881 671 756 201 82 610 9 180 580 923 110 435 701 999 329 658 959 133 120 157 873 394 103 15 840 666 871 296 670 380 163 836 566 111 501 717 537 365 822 828 475 557 570 965 239 188 603 419 947 389 656 937 283 57 332 693 571 768 376 206 42 501 357 251 440 947 939 340 527 1000 297 303 907 29 177 981 693 485 328 214 375 289 768 152 759 993 509 0 245 389 568 998 274 595 71 224
592 453 108 587 169 724 814 876 831 961 863 633 978 153 538 865 537 841 858 506 625 276 515 703 103 200 476 743 821 201 601 404 732 875 560 547 264 899 521 504 595 212 242 633 881 854 295 69 844 304 374 640 276 753 212 374 776 609 902 852 308 411 586 969 896 430 603 807 798 325 255 269 885 71 965 888 43 21 476 396 365 214 344 233 722 139 727 210 284 762 577 604 998 778 384 682 329 462 145 932
402 800 171 104 752 182 247 240 504 25 525 746 152 98 571 329 264 252 474 655 146 388 288 950 557 401 52 196 641 514 537 813 70 506 572 766 269 498 702 726 818 702 588 479 366 517 895 985 782 808 711 351 787 593 868 904 175 921 288 888 110 830 503 747 693 513 773 771 317 22 2 973 136 635 954 33 464 591 856 603 80 585 80 692 199 977 147 913 970 222 243 666 964 920 481 246 563 761 680 456
497 670 716 933 512 135 352 426 670 61 541 387 12 220 574 11 767 787 689 823 273 455 155 610 56 184 377 296 908 532 940 8 948 994 258 717 696 767 335 764 590 51 116 836 841 904 257 121 145 124 997 945 963 302 803 525 962 126 156 333 305 275 254 298 651 787 85 540 65 542 875 124 639 235 188 915 353 24 400 471 427 866 681 998 880 709 314 203 408 165 546 443 783 518 392 118 322 553 812 2
131 596 264 112 505 725 458 93 149 844 890 785 582 527 102 528 641 981 368 993 604 548 742 716 529 283 298 805 572 323 234 405 190 75 107 24 442 121 177 894 360 422 307 677 836 162 378 158 887 684 556 867 54 274 291 855 423 760 572 311 992 568 6 91 915 739 696 232 472 219 11 277 811 91 618 636 501 156 296 317 235 359 999 407 914 673 705 139 904 314 691 597 568 439 424 399 677 93 645 364
683 285 179 209 301 421 16 994 995 604 195 53 906 598 112 849 494 913 262 105 866 669 757 624 424 318 804 717 782 818 737 443 463 6 929 639 908 339 497 453 61 227 544 667 127 524 250 125 149 320 418 770 26 315 104 391 877 197 115 346 116 854 997 531 947 635 593 995 423 700 510 145 896 919 140 591 733 710 290 228 84 652 67 887 264 15 716 167 668 577 382 892 704 939 366 420 640 849 946 615
231 715 855 344 120 979 551 598 750 551 502 572 585 623 371 565 738 487 78 537 538 304 716 606 919 925 762 874 700 773 721 438 125 956 514 904 465 954 933 961 103 738 512 518 44 253 758 27 142 643 812 28 976 110 586 160 765 619 41 833 698 520 612 967 71 152 422 219 877 443 418 559 528 163 266 357 222 503 140 390 391 510 105 555 268 974 302 519 710 34 807 587 57 928 155 982 636 341 327 376
492 88 265 90 468 289 269 924 360 314 102 299 911 558 67 239 723 700 622 72 33 134 66 405 712 366 128 488 39 770 410 111 424 344 330 491 437 642 971 301 597 827 686 676 57 966 584 126 142 23 852 226 248 373 189 439 564 392 295 368 637 805 512 935 45 905 186 472 108 123 197 727 523 870 792 825 836 476 56 95 152 425 72 97 62 823 328 81 218 937 869 878 973 862 527 69 746 8 985 631
376 387 698 844 148 270 698 788 877 636 497 429 609 893 710 578 444 408 934 561 512 154 747 682 752 425 420 26 464 728 191 666 323 954 250 929 623 218 905 441 629 253 577 809 167 39 683 733 295 122 568 317 35 99 513 555 599 624 103 311 671 763 593 371 535 808 523 236 79 342 677 966 564 213 199 413 454 701 635 440 958 720 901 277 485 254 299 625 88 844 68 793 79 181 842 576 365 162 316 98
408 534 820 921 950 937 309 816 400 496 898 326 59 508 857 129 636 250 853 893 293 542 485 239 605 761 742 29 516 57 209 23 331 97 76 640 135 692 266 23 681 408 214 716 787 208 380 82 861 620 154 901 963 406 956 447 861 895 463 170 161 735 677 262 588 979 579 139 619 853 38 126 468 581 217 466 662 581 196 763 278 387 372 795 278 276 486 14 756 908 126 727 668 989 669 422 506 872 971 723
155 138 128 205 603 447 505 491 347 857 757 60 279 740 848 10 673 240 252 48 347 765 21 821 891 765 747 448 111 305 277 956 843 768 174 335 424 921 73 744 34 440 653 648 915 760 60 712 616 905 691 39 624 703 102 658 105 904 641 309 395 342 185 456 689 283 541 651 113 603 156 50 350 899 325 774 429 49 727 766 317 131 817 150 955 448 901 648 328 734 884 773 263 919 222 738 857 354 264 105
587 783 178 384 180 49 845 612 118 169 341 968 149 656 551 247 648 18 593 773 575 612 457 117 187 662 976 806 849 377 617 486 180 746 42 973 251 450 216 970 172 831 551 14 446 61 30 252 673 909 906 393 463 377 540 818 501 142 66 529 988 641 370 825 676 130 227 411 781 247 101 32 948 227 487 375 914 73 189 29 427 46 164 68 975 508 855 787 156 39 406 61 462 571 697 124 654 672 22 159
885 957 394 146 847 523 728 483 956 780 830 717 479 976 640 215 447 611 636 678 745 611 426 584 606 498 939 803 892 804 569 799 902 152 242 75 169 248 997 363 70 759 106 308 11 405 466 309 198 97 264 645 631 554 616 929 652 109 680 763 594 40 759 868 567 353 510 321 453 666 450 673 690 35 438 733 508 841 606 649 423 73 52 975 560 331 766 846 108 76 967 620 348 326 953 349 209 811 297 823
88 817 827 847 52 631 646 602 339 947 719 313 377 794 350 886 996 800 591 627 982 951 718 692 785 261 197 816 905 22 701 787 191 397 682 757 793 909 158 73 177 155 721 710 610 319 24 573 472 436 514 176 629 38 518 31 407 0 841 181 442 526 434 568 940 708 16 122 547 835 820 527 204 178 836 533 145 529 3 883 232 650 907 323 490 111 161 362 876 178 955 803 343 501 243 123 355 315 428 183
874 565 462 560 332 784 749 551 237 261 225 266 568 69 491 781 62 16 296 464 612 899 944 432 935 359 33 169 776 763 106 995 643 50 279 463 58 905 865 990 494 376 494 166 477 30 632 655 953 388 827 234 102 354 112 493 60 182 946 858 558 216 271 209 200 228 207 379 879 580 242 147 942 298 437 872 805 160 921 919 183 189 304 705 203 4 22 891 602 287 640 158 976 634 913 506 363 290 591 729
777 106 970 601 669 851 341 489 709 417 794 614 951 866 220 572 430 621 744 505 725 464 214 609 294 842 270 289 40 991 448 170 746 698 348 598 970 316 957 350 801 460 481 88 761 883 163 627 892 93 791 873 40 113 331 305 689 747 973 717 648 889 962 149 641 819 179 272 754 440 356 308 876 905 786 966 905 741 589 503 310 503 918 954 547 232 542 807 2 748 979 303 786 793 474 421 694 689 475 790
587 91 432 453 474 78 814 754 682 132 699 772 640 146 554 969 228 309 159 247 358 428 308 53 807 386 374 862 174 509 323 593 580 164 188 955 843 830 99 822 660 988 195 261 205 314 547 565 859 87 639 553 202 362 190 449 658 974 442 472 175 355 858 272 510 136 480 745 951 535 596 280 9 403 94 431 774 240 626 398 580 966 859 886 771 505 985 788 127 827 854 613 857 967 981 489 420 283 303 584
861 430 208 139 533 977 778 157 667 743 7 678 323 91 430 798 996 136 155 412 519 50 854 632 775 206 323 49 615 193 607 131 752 750 750 52 269 437 229 776 169 687 427 717 471 700 276 471 435 398 156 703 437 630 275 386 741 931 445 904 190 553 888 433 217 700 607 240 626 446 206 851 872 662 183 101 101 119 436 278 467 864 696 937 562 304 793 419 983 868 288 113 882 400 531 25 845 626 713 470
954 670 209 169 847 608 912 455 335 299 608 670 59 634 326 703 766 862 782 951 149 227 692 292 293 529 124 710 805 55 598 37 779 953 131 563 316 858 419 426 151 844 742 73 837 922 32 413 125 273 464 384 602 73 803 916 328 650 499 226 716 356 71 491 529 430 657 419 673 54 795 182 242 488 103 241 788 717 797 948 545 473 71 735 740 337 580 994 546 501 566 763 995 872 924 264 571 525 542 620
909 110 533 805 998 608 977 819 739 85 937 524 1000 165 315 853 701 542 979 273 670 43 207 451 193 923 259 223 352 688 374 527 497 125 257 519 272 934 457 789 182 560 902 300 431 845 965 38 797 500 173 946 420 26 171 68 537 852 550 869 866 66 122 445 295 951 876 187 714 401 185 436 908 828 361 111 692 831 894 403 496 834 47 975 367 174 915 157 966 845 470 685 929 0 104 784 453 623 297 788
697 668 141 65 325 342 462 809 17 140 72 776 462 821 687 477 118 530 365 217 192 225 554 378 853 84 158 603 256 905 433 538 134 446 341 156 413 730 791 941 918 198 260 519 821 767 407 448 714 611 845 344 462 929 650 950 650 681 598 573 183 280 513 796 189 659 530 123 588 713 448 51 936 438 204 440 430 165 288 559 718 71 399 23 937 901 101 682 106 475 57 154 282 951 255 676 902 671 817 196
94 1000 475 184 309 774 27 404 162 287 943 781 229 970 653 267 713 496 398 433 84 738 344 959 269 743 549 957 570 991 569 699 282 268 959 36 17 384 114 70 770 6 202 888 979 798 127 419 812 275 210 164 115 997 739 953 613 932 695 993 817 455 26 931 853 687 541 605 366 900 531 285 991 540 184 872 437 404 277 87 304 643 488 457 709 314 124 302 792 888 364 873 601 615 102 87 57 538 548 74
381 543 768 895 827 880 274 346 373 690 640 893 13 762 394 25 838 981 979 566 404 674 766 428 735 609 392 718 373 666 808 490 147 741 356 816 458 911 838 654 977 980 292 120 712 489 140 336 547 155 681 85 113 816 504 985 424 244 458 31 363 239 734 563 863 710 780 949 391 60 635 841 221 506 487 679 963 748 990 644 640 512 826 869 461 514 257 235 319 941 421 519 169 510 766 777 503 931 409 601
862 896 314 555 382 772 540 176 484 877 2 477 597 457 41 773 912 147 436 795 558 23 946 742 173 418 915 643 505 368 302 459 343 597 361 416 920 203 771 611 788 316 645 537 734 670 579 480 798 640 224 148 926 513 701 155 134 219 691 995 473 685 66 570 134 718 107 539 309 504 716 855 284 413 316 436 8 559 506 119 30 233 310 334 786 634 616 371 279 938 556 302 1 321 774 796 772 621 653 818
433 990 977 560 333 71 317 931 850 481 358 560 18 136 416 650 705 543 798 443 600 457 575 590 48 361 66 531 719 507 223 647 739 838 902 761 578 18 675 420 562 87 590 356 167 219 524 259 907 161 482 745 830 76 134 79 707 688 451 646 660 682 680 738 804 773 510 447 500 276 462 91 694 15 895 859 562 750 634 273 807 147 306 126 768 479 392 1 781 233 968 242 265 22 370 178 116 81 132 102
402 385 227 262 522 642 289 154 227 44 501 612 822 78 494 192 478 340 13 482 938 412 688 996 856 903 737 287 135 838 76 932 261 456 767 376 365 907 402 846 662 673 322 643 100 473 556 222 740 336 219 792 734 589 855 490 969 629 616 808 485 257 781 371 571 352 575 917 599 483 69 992 645 359 917 979 619 978 938 11 419 490 136 989 254 915 380 857 996 27 27 36 572 976 90 725 735 996 876 382
695 233 237 526 395 29 411 572 491 879 326 194 628 60 749 716 115 943 343 304 984 14 193 564 273 838 305 272 410 95 111 865 687 830 459 462 846 959 344 964 622 272 799 739 986 100 260 778 119 114 200 472 719 874 155 916 799 989 659 104 283 974 235 495 476 756 555 733 641 471 328 149 895 891 522 983 198 737 36 25 813 399 664 943 983 362 50 487 524 950 125 97 924 71 746 659 564 661 874 211
41 968 617 228 476 156 917 211 559 705 510 617 847 918 315 536 381 275 702 160 557 479 783 57 159 80 432 434 234 621 459 752 19 908 321 138 976 607 272 206 292 457 423 927 960 186 404 633 1 88 434 166 492 404 739 352 34 842 198 896 536 990 544 765 510 828 993 183 643 601 413 204 764 678 809 648 953 323 453 229 73 49 762 239 465 769 668 542 901 654 551 395 912 292 725 284 380 911 177 642
361 781 206 66 70 817 392 301 736 509 128 65 905 671 84 389 192 305 698 875 249 648 63 680 117 420 740 565 916 458 687 59 528 929 753 774 453 173 281 175 730 388 419 318 343 557 281 276 519 282 805 436 192 458 959 75 168 934 878 955 548 890 976 459 142 536 446 61 361 254 967 76 247 279 824 28 841 421 355 135 964 39 370 988 875 134 517 213 905 807 232 960 946 196 232 424 256 696 174 354
785 352 437 657 447 963 385 743 775 810 447 860 654 266 723 422 918 558 148 496 479 623 189 646 835 193 460 322 467 256 212 446 76 262 487 875 960 989 900 980 684 723 74 397 954 946 253 7 467 165 849 194 109 515 917 610 793 632 88 53 301 823 788 480 430 637 357 597 115 604 349 520 45 259 149 182 951 612 665 520 436 908 520 482 131 55 539 576 109 374 633 988 404 707 868 699 873 123 822 566
721 298 333 295 16 860 613 448 907 590 141 396 816 735 36 685 718 498 120 515 953 667 180 965 652 176 634 195 477 644 14 768 102 85 525 683 990 80 218 852 559 608 574 564 998 709 781 666 264 548 560 151 823 774 829 230 616 586 818 403 692 889 217 60 254 318 470 940 231 723 77 819 951 12 110 829 96 44 765 653 993 272 3 854 670 843 31 742 28 532 308 575 247 517 605 935 229 217 551 215
368 106 751 465 613 713 992 611 319 642 813 462 345 288 944 681 627 827 724 952 660 670 750 802 503 955 869 629 19 440 825 753 607 404 498 913 87 920 232 901 367 907 566 396 790 910 227 29 409 743 201 809 850 276 46 516 966 476 924 334 145 318 116 99 100 668 27 706 730 217 670 448 642 288 823 777 830 157 55 40 48 665 223 525 645 736 939 75 786 431 957 404 582 526 694 406 439 540 752 766
914 58 188 951 78 714 261 391 907 628 838 79 621 132 794 235 398 525 211 261 86 113 96 104 49 435 474 360 768 714 256 445 837 718 18 341 26 135 19 840 142 870 730 819 908 47 452 282 404 216 703 827 990 545 212 782 723 894 309 273 475 783 132 651 741 877 745 31 667 334 368 594 940 220 679 533 611 828 945 459 789 72 133 130 817 951 597 625 764 861 486 744 514 694 933 230 780 573 210 674
596 262 259 331 720 847 639 273 945 299 692 27 710 386 718 87 911 559 54 922 331 156 223 149 91 491 286 192 510 530 66 219 352 992 609 893 872 294 320 421 946 77 699 746 611 45 184 473 726 955 298 178 959 255 527 197 723 69 961 334 486 774 616 550 266 747 648 881 870 493 699 836 556 55 289 624 831 779 61 53 119 981 801 827 131 517 882 143 917 130 287 579 883 810 111 320 657 315 106 818
483 50 749 952 952 535 959 805 504 862 452 465 782 433 13 630 871 606 395 227 926 461 3 208 667 338 361 611 461 285 466 180 535 445 682 576 307 634 655 499 771 796 795 75 647 281 195 553 215 993 102 50 877 443 694 195 570 70 5 831 146 882 799 11 884 521 13 637 29 124 929 79 237 489 93 440 918 929 681 184 820 153 966 329 715 38 661 259 431 606 424 532 171 11 430 217 751 490 704 589
400 137 516 974 512 389 477 601 693 223 557 85 239 394 698 1 10 845 170 164 113 528 833 990 123 425 394 833 882 952 742 846 313 724 890 773 281 80 650 334 167 38 956 625 57 540 729 554 676 109 461 709 114 511 933 26 542 625 287 336 779 537 282 955 895 169 628 61 14 806 267 397 53 59 201 644 765 252 821 538 746 872 162 623 679 923 756 638 292 62 679 255 157 786 198 998 739 222 369 422
944 358 429 706 462 734 563 322 635 503 779 82 53 712 347 185 904 782 789 595 744 228 58 528 126 937 702 824 483 299 198 767 949 489 120 885 525 866 383 245 294 106 797 590 788 511 183 731 852 578 173 460 159 819 691 468 284 999 15 309 789 808 968 440 85 920 858 318 195 0 797 977 441 410 178 407 88 774 977 389 774 723 788 296 409 619 599 583 718 975 27 643 641 143 328 640 972 94 289 845
723 37 508 976 149 442 792 28 513 633 774 324 591 512 730 762 876 128 547 170 994 686 299 590 648 177 513 581 581 231 555 12 982 129 661 958 700 829 543 12 260 775 960 51 166 204 695 400 858 885 27 880 630 763 251 576 821 237 263 107 398 473 257 753 537 903 423 427 241 375 112 585 807 622 912 327 9 553 857 500 397 343 576 591 456 194 317 584 286 648 816 865 670 585 991 573 405 485 693 650
800 151 918 587 478 744 924 480 836 588 803 430 575 913 682 16 877 837 904 682 752 596 317 983 23 333 240 390 304 655 403 647 173 220 952 127 185 970 540 132 283 640 744 764 505 212 152 221 66 73 613 480 468 319 623 738 874 95 31 794 904 309 764 504 227 419 778 691 282 141 166 357 73 881 43 93 105 735 262 18 339 718 172 898 142 694 780 345 587 123 553 267 421 330 123 138 421 247 621 260
945 678 340 550 762 663 112 92 121 751 444 338 198 77 132 759 748 684 844 587 229 719 213 931 312 234 136 498 938 879 556 170 38 773 777 537 6 379 867 818 326 445 409 161 242 50 183 140 185 186 266 314 849 305 903 928 250 542 824 271 874 168 435 623 811 848 986 968 598 796 813 43 672 650 230 865 420 839 706 585 354 319 763 586 893 745 25 142 68 756 467 414 851 283 761 420 74 567 840 920
727 218 301 936 252 693 193 178 141 684 940 681 394 205 258 197 506 727 463 942 886 374 331 601 92 184 598 223 975 368 896 129 938 236 430 329 890 690 981 200 316 894 915 100 719 893 622 465 260 219 69 344 3 292 294 587 74 21 375 513 183 754 68 327 165 695 481 325 35 397 390 940 621 963 742 440 713 689 992 431 218 720 513 618 920 501 799 696 53 754 555 324 287 514 878 561 256 476 441 237
275 671 49 114 475 862 742 855 191 694 159 449 550 549 205 410 265 741 579 66 981 342 8 954 687 299 480 152 727 501 381 394 673 596 165 938 637 384 34 433 278 10 71 6 697 566 17 449 641 842 276 272 442 145 893 391 931 123 702 704 275 786 566 811 933 859 948 391 792 128 192 915 431 700 328 422 591 598 381 242 821 509 44 415 897 662 480 750 620 864 760 557 354 313 684 431 992 845 903 214
133 826 925 490 938 179 179 358 642 357 742 131 381 266 621 622 70 432 727 939 862 355 93 35 535 373 183 403 226 677 770 31 527 915 285 967 673 857 416 522 371 560 201 945 451 814 379 420 460 627 759 283 295 104 801 325 842 477 601 558 604 111 308 575 664 53 663 30 802 885 763 152 71 865 45 464 684 98 104 141 846 580 274 333 254 445 110 465 497 882 917 857 754 103 208 357 349 703 689 257
414 28 666 806 724 391 272 808 705 393 792 966 506 52 648 38 509 317 168 432 605 369 201 114 586 649 991 96 638 430 892 773 640 408 375 236 779 548 911 67 633 780 423 711 123 679 76 465 759 907 711 391 503 591 473 251 59 383 686 826 848 544 515 607 820 973 676 1000 973 554 323 482 276 745 133 112 603 513 126 415 731 875 90 757 698 66 129 388 40 90 890 459 559 720 22 694 568 330 148 148
368 577 699 111 936 248 518 917 284 586 312 212 504 530 58 124 797 844 698 692 847 847 522 353 635 793 716 725 714 599 172 756 445 861 901 694 379 333 194 928 123 875 496 228 634 87 256 293 294 127 376 488 163 762 43 847 267 606 152 527 128 710 658 59 209 943 846 891 669 494 6 812 576 425 905 884 192 957 697 919 374 508 981 254 763 931 359 182 420 76 374 914 813 330 849 314 727 263 579 763
550 918 214 223 239 711 619 106 974 325 918 164 713 559 87 606 275 215 769 408 196 890 972 243 402 196 310 264 890 104 938 854 895 307 885 473 137 87 764 663 73 53 252 348 52 901 34 187 112 37 841 814 378 986 924 809 963 517 442 732 185 614 21 669 245 562 572 451 969 450 697 974 177 948 978 597 668 550 65 311 420 520 300 244 529 857 378 748 581 435 731 800 263 159 351 819 314 673 575 795
138 408 403 221 987 118 269 228 306 539 951 979 788 774 252 525 787 321 525 974 468 535 667 471 844 767 559 514 993 82 819 880 31 782 21 10 921 45 25 383 680 954 812 77 707 906 122 990 807 544 233 725 908 681 175 590 849 308 606 339 426 796 90 644 462 467 809 587 939 700 110 384 558 39 978 196 821 999 689 333 538 46 118 282 608 906 311 996 170 210 327 279 9 776 813 144 173 836 247 118
850 401 136 578 32 678 226 699 458 68 730 701 616 869 491 421 820 361 314 450 479 593 331 972 233 98 112 426 507 10 866 753 891 632 256 821 452 759 227 293 469 451 248 280 37 28 319 253 881 176 397 858 649 992 32 494 964 605 198 283 778 341 1 769 465 232 679 21 469 266 610 136 685 615 664 146 29 476 475 537 541 881 793 243 658 966 311 1000 787 975 793 947 486 184 428 926 301 79 194 327
762 53 722 983 477 60 244 656 981 545 133 654 213 943 809 660 204 680 305 414 298 121 539 378 132 217 916 637 127 692 301 461 177 202 901 829 821 408 58 145 689 502 234 454 277 536 771 24 784 684 820 853 430 138 874 345 364 521 239 536 837 379 619 553 280 459 167 181 756 701 650 64 895 693 434 80 159 605 861 984 179 537 969 609 306 26 115 28 386 538 829 5 848 438 607 501 755 602 972 327
593 248 958 55 827 348 924 164 494 197 950 66 102 763 299 335 331 834 874 736 525 15 711 264 695 141 260 16 72 514 151 491 164 140 895 878 867 161 124 813 584 331 935 284 118 491 588 158 173 61 732 987 828 963 966 180 902 384 951 700 418 956 932 89 36 632 1000 15 141 202 249 275 182 443 933 941 161 206 148 61 320 964 653 923 87 497 366 90 967 687 364 844 775 909 128 478 493 491 443 876
382 837 738 115 576 849 202 697 797 15 247 746 228 271 305 649 366 443 289 911 547 288 249 676 720 710 324 859 274 714 561 669 360 784 882 436 788 904 357 617 621 676 545 788 420 12 968 352 517 688 261 999 212 479 673 716 875 331 371 825 713 671 738 940 547 18 236 132 249 961 154 681 967 575 644 753 229 382 869 707 445 916 628 457 575 135 560 822 248 432 226 210 553 998 153 623 434 237 126 833
20 940 150 881 264 575 506 423 292 564 390 108 628 594 829 585 619 80 210 127 692 103 776 454 356 639 753 898 387 621 267 179 884 230 72 422 642 778 973 480 618 259 424 477 532 211 376 38 214 463 84 470 707 665 269 337 824 158 263 670 109 345 832 62 524 492 0 782 357 626 198 71 368 899 489 724 657 970 327 875 894 472 697 781 459 192 715 87 982 36 352 601 317 176 557 584 317 778 886 451
806 457 689 310 455 937 532 189 192 728 845 1 420 221 535 3 73 118 31 600 945 408 361 767 557 372 548 124 474 281 73 253 671 148 32 250 958 357 724 486 536 115 814 176 613 87 580 240 744 397 636 691 760 980 11 701 627 819 859 2 609 81 634 766 372 479 618 642 719 358 227 32 777 571 427 621 668 738 935 147 3 145 328 609 44 929 910 408 444 648 61 776 104 740 313 516 333 612 970 624
521 189 872 275 900 576 810 175 217 215 23 120 262 244 335 77 526 602 276 606 519 875 190 512 833 598 556 5 98 439 374 531 174 210 38 639 461 760 888 166 486 312 646 116 486 142 547 444 854 679 233 213 51 911 771 187 828 154 815 164 654 514 22 758 735 830 567 500 21 467 566 971 640 281 927 652 314 481 231 899 525 714 986 249 294 629 202 490 898 145 36 907 474 151 275 775 922 855 13 686
90 25 462 224 47 314 348 593 513 834 132 631 720 739 824 623 335 502 949 19 988 311 21 525 449 849 590 707 499 223 330 259 781 896 544 62 378 402 47 135 994 151 808 169 380 264 439 461 126 806 7 442 206 870 342 829 665 271 818 489 793 925 78 544 685 712 3 760 845 584 560 905 956 757 502 140 882 252 530 971 431 813 830 244 292 264 109 390 366 504 581 68 176 178 806 479 748 579 942 474
584 436 44 701 393 950 676 38 449 598 59 96 604 980 594 460 521 637 485 462 560 842 618 48 675 312 414 214 565 564 579 817 585 326 70 513 826 369 262 829 78 306 698 475 872 378 734 61 33 115 470 601 917 803 396 251 401 492 18 436 297 810 92 855 848 162 834 363 698 950 491 779 591 190 814 138 277 189 720 419 401 617 205 440 538 255 748 844 176 719 247 665 52 203 944 147 420 216 791 674
552 445 979 308 57 745 815 853 496 907 960 209 953 138 371 682 106 309 48 928 875 801 841 408 860 698 713 340 819 624 525 457 564 27 714 181 68 785 893 532 894 643 813 95 902 206 925 803 965 859 499 162 784 929 7 708 550 56 258 934 445 369 61 107 462 496 978 689 484 411 414 852 542 591 212 961 253 387 960 154 274 714 797 885 93 172 321 842 316 934 820 123 50 398 359 473 833 565 414 233
538 536 137 465 407 662 413 762 771 217 528 963 193 492 248 744 35 452 752 914 949 460 358 898 965 774 29 45 192 137 704 519 972 1 270 705 60 962 662 755 915 393 53 665 638 43 793 393 710 921 623 782 813 776 147 447 156 382 6 593 659 911 904 774 236 162 409 354 719 799 605 181 899 157 966 56 974 454 960 908 464 291 221 913 421 774 123 260 325 617 356 156 502 357 71 452 293 299 163 444
256 811 538 406 74 543 551 779 528 298 126 75 754 576 411 647 618 637 9 250 809 91 805 489 31 949 293 717 46 283 751 201 558 701 450 812 630 250 655 687 911 93 91 411 520 91 504 601 170 722 265 733 487 708 326 739 962 406 774 328 280 810 141 277 414 434 604 425 958 783 897 948 922 95 801 586 506 350 11 322 721 623 555 697 62 902 832 445 320 747 776 490 841 408 721 198 39 578 257 504
549 434 561 377 336 277 698 193 159 657 907 475 845 622 30 643 680 264 446 132 84 386 466 105 632 521 574 646 873 854 737 394 125 658 185 264 331 640 718 287 791 519 138 609 357 464 1000 495 114 829 463 168 950 359 377 119 729 822 255 558 325 248 59 517 333 453 829 826 922 522 448 839 61 173 671 860 573 355 175 959 640 135 693 149 36 394 35 807 6 763 650 232 214 899 304 734 846 185 839 980
497 136 962 478 485 422 187 124 166 776 402 286 826 186 562 679 710 128 715 354 31 530 292 210 216 63 277 695 479 313 824 620 951 425 458 632 605 147 456 329 42 330 601 43 210 702 12 842 843 365 477 79 557 288 376 723 526 32 326 579 668 434 161 242 147 576 304 125 809 128 862 665 991 403 252 729 980 807 601 304 712 923 869 581 693 103 915 52 8 179 38 147 342 78 873 621 295 96 655 331
652 535 131 552 342 799 201 625 963 727 128 319 945 120 809 777 12 912 333 170 281 535 341 528 573 567 676 832 513 342 770 426 477 499 322 429 865 268 1000 229 9 773 532 912 96 463 572 727 615 849 670 241 637 973 796 281 814 382 871 664 577 136 19 105 425 50 943 118 957 490 409 323 202 886 152 473 372 933 283 202 824 620 141 343 827 424 93 368 313 450 588 789 285 942 403 990 542 541 639 468
452 682 425 91 24 539 128 703 787 122 732 944 916 731 978 85 876 838 60 647 167 865 585 369 543 683 804 488 916 632 739 22 64 898 633 296 457 664 780 740 94 620 144 224 608 50 153 210 287 511 33 958 805 146 628 992 328 471 153 871 883 413 418 273 293 367 466 282 276 886 867 30 391 957 878 532 851 162 188 114 473 167 241 271 835 382 27 133 250 279 963 304 7 840 230 395 45 567 898 297
802 597 383 799 689 347 396 618 578 494 737 639 151 470 424 241 223 941 702 855 844 29 666 839 465 232 724 504 328 35 745 240 753 267 953 182 792 710 640 554 508 466 536 221 91 100 829 499 381 202 12 168 896 337 919 797 67 3 943 289 322 691 66 36 545 199 400 926 803 275 396 445 784 421 647 907 940 428 776 628 763 600 979 739 793 136 322 146 56 760 232 262 525 261 912 864 421 78 741 255
391 437 425 502 162 951 278 736 723 999 689 536 173 112 199 842 226 25 879 120 642 184 846 587 135 840 452 256 293 918 552 967 278 382 763 162 704 721 474 211 42 908 942 201 417 643 659 708 433 249 785 462 573 441 14 587 409 424 83 721 552 216 600 736 593 0 624 394 778 918 511 215 979 687 391 21 96 621 677 713 212 20 694 878 484 257 221 803 943 298 395 518 69 51 250 804 375 786 970 904
792 578 355 498 3 198 873 353 89 56 691 597 376 170 469 565 884 545 598 116 767 224 977 46 804 974 857 329 557 726 698 775 929 840 248 596 645 770 587 957 223 765 239 881 928 998 878 781 731 380 865 722 433 934 505 287 513 183 328 355 609 104 245 67 508 334 304 827 807 912 622 166 922 606 763 927 206 337 524 984 916 342 667 542 270 295 436 273 767 355 856 224 983 901 752 805 384 931 632 978
750 513 437 565 440 345 691 417 626 656 720 352 411 293 753 734 243 887 836 291 783 266 285 110 700 977 650 321 740 523 786 333 275 351 668 796 161 466 294 444 960 922 459 629 174 238 766 415 352 234 585 118 213 154 875 832 278 623 936 927 945 203 368 737 84 507 799 148 732 541 120 260 220 414 993 419 18 728 967 667 66 498 749 399 503 562 486 49 266 806 834 389 226 61 355 941 7 179 562 51
979 890 976 14 478 804 13 471 399 814 643 774 7 54 920 379 493 661 473 23 274 377 381 74 562 698 310 990 997 231 494 585 847 714 362 507 635 78 190 662 631 821 116 260 592 969 581 256 584 359 71 929 307 885 797 755 501 358 479 182 462 969 794 828 226 615 205 215 314 13 353 295 977 210 989 342 616 502 382 452 904 469 810 598 498 622 56 518 75 939 119 55 658 272 790 897 494 681 899 106
721 519 371 435 658 79 236 493 76 843 395 26 5 348 887 764 190 19 894 874 197 283 470 712 304 531 95 98 408 79 973 536 482 765 691 343 189 31 608 665 958 564 599 23 901 202 991 194 230 563 691 646 893 358 640 155 582 658 989 769 93 439 801 78 771 544 622 77 368 878 577 207 318 483 2 755 166 460 140 606 939 359 411 618 740 887 948 10 842 142 522 233 774 860 841 241 757 904 385 175
240 85 507 854 197 271 786 728 753 73 425 661 396 484 780 506 514 201 79 78 879 692 822 780 53 991 865 165 899 525 44 53 396 808 859 878 286 502 328 255 194 341 41 866 466 720 473 538 872 698 687 956 186 434 496 295 938 392 523 562 438 434 460 684 374 116 776 157 649 332 139 759 837 183 194 858 388 856 599 859 744 154 730 906 386 405 875 193 587 535 665 431 951 325 550 748 349 671 568 548
324 722 912 938 664 734 423 578 431 87 882 117 805 320 538 841 407 759 974 120 130 444 694 559 764 838 827 197 453 385 681 598 395 62 968 74 93 597 353 924 92 743 742 751 490 910 237 499 387 540 647 870 435 341 204 468 333 439 47 202 743 301 599 977 605 200 984 403 304 377 74 746 529 761 988 642 516 22 349 629 21 329 112 363 156 249 756 463 532 58 211 410 146 59 773 975 811 943 648 8
706 25 997 513 549 434 307 602 541 84 251 967 443 120 306 60 675 350 768 640 230 409 896 146 977 662 965 661 326 832 291 392 93 44 853 167 202 371 80 265 93 180 686 107 658 969 355 534 56 274 120 276 437 211 847 343 567 17 190 665 832 78 485 792 477 84 656 212 472 94 117 495 267 309 8 286 555 126 892 136 613 79 15 543 969 143 55 665 93 452 839 643 788 311 580 880 297 687 98 446
557 273 255 877 318 327 721 242 81 780 239 639 854 780 619 500 820 111 759 125 542 807 805 465 789 272 639 41 190 751 356 180 46 435 27 767 830 20 707 224 497 245 538 997 49 718 800 316 321 198 67 729 607 807 748 878 376 864 299 739 331 756 710 99 598 633 21 755 574 664 512 408 361 458 69 283 521 812 796 336 995 797 397 754 572 119 475 697 103 715 576 208 913 161 966 892 187 489 237 166
302 364 95 610 520 283 0 7 509 742 29 244 38 274 930 617 237 543 1000 583 940 952 294 446 543 91 728 401 892 97 373 609 771 389 821 600 7 316 672 533 117 343 158 865 166 141 559 601 865 187 144 871 82 802 307 976 898 959 786 20 730 490 445 588 511 805 318 644 892 861 331 725 685 863 603 965 822 832 854 451 129 311 998 760 838 864 540 243 67 73 645 562 100 698 859 953 576 437 809 256
800 576 313 356 473 350 1000 965 830 946 298 3 606 986 745 486 68 610 563 893 950 792 846 677 684 988 404 307 319 887 776 218 42 958 249 630 602 553 329 299 759 350 754 817 149 726 362 1000 673 549 471 407 255 512 828 766 195 42 410 605 180 816 420 74 808 170 38 47 352 332 212 872 881 530 557 605 907 684 744 527 601 629 738 560 654 741 521 619 958 107 204 420 691 340 962 717 501 459 839 385
716 15 246 754 830 141 121 318 305 537 100 241 647 415 673 499 543 463 843 252 880 154 429 40 405 714 137 619 879 859 506 784 520 785 940 575 509 630 171 203 698 128 104 334 109 135 349 296 881 105 986 966 493 822 767 776 779 111 8 415 525 492 261 319 652 436 695 924 57 702 749 33 532 692 569 968 331 763 903 790 439 569 317 518 82 35 216 92 258 130 286 662 763 259 882 246 485 542 139 268
951 62 415 56 431 861 774 163 293 788 200 931 262 703 552 167 208 770 471 866 683 143 123 841 300 572 473 433 739 797 576 961 663 67 756 562 254 508 545 480 295 163 618 503 249 485 497 207 728 624 863 223 700 755 219 302 480 977 359 931 339 12 772 527 582 690 617 217 860 9 932 305 334 245 664 220 390 765 370 306 816 97 924 184 753 340 652 940 145 586 167 304 71 355 661 960 428 481 868 642
654 756 740 111 844 508 874 953 376 185 220 523 979 763 406 675 837 844 454 350 256 452 122 136 961 293 620 165 443 800 429 68 655 357 863 909 877 255 813 905 16 882 255 646 228 856 933 174 55 422 166 148 994 634 359 376 796 968 928 215 550 843 689 668 509 573 702 841 334 907 953 215 179 437 791 932 825 755 763 68 509 380 856 426 780 991 563 202 406 753 31 208 968 679 298 424 234 91 577 679
154 675 478 314 596 122 40 992 291 919 916 286 920 567 989 388 871 125 639 79 114 168 334 441 926 222 287 490 90 486 991 882 667 422 269 128 369 401 792 990 316 290 326 603 100 254 88 638 62 982 314 575 261 837 294 957 236 240 261 269 829 881 585 912 225 506 67 906 845 488 423 511 470 494 115 139 573 819 63 4 503 858 953 169 355 748 295 805 704 119 768 118 536 273 942 63 291 313 518 975
478 563 727 93 732 249 362 805 659 581 430 232 953 546 654 877 639 639 376 263 5 964 89 454 464 446 272 802 2 501 197 725 780 223 373 276 954 989 309 505 455 115 920 723 460 156 908 952 700 887 246 615 503 910 238 622 308 710 677 910 324 989 908 946 531 928 755 360 485 973 89 157 96 372 957 636 961 96 925 886 739 440 642 862 103 202 61 935 804 893 270 4 956 383 627 236 381 257 242 323
886 144 993 99 908 547 509 162 437 457 385 907 124 869 242 133 732 11 321 934 851 351 379 592 692 812 915 965 617 143 747 140 118 883 809 916 120 869 833 155 639 574 524 784 98 945 122 362 253 738 435 288 544 947 426 381 593 6 256 147 879 136 67 304 231 623 491 887 504 293 474 339 132 899 474 220 636 884 131 124 887 321 672 509 700 783 794 186 377 175 535 538 199 519 487 406 383 470 856 327
552 693 388 55 497 251 526 466 123 732 461 570 950 621 714 661 777 479 870 829 940 663 964 962 655 241 647 165 502 546 18 386 420 699 124 137 258 532 983 174 299 483 413 940 830 261 949 810 782 621 813 303 438 856 694 785 180 628 153 459 799 591 477 504 942 419 617 282 760 683 924 789 520 103 557 321 557 858 387 772 449 41 433 373 485 375 764 453 757 901 240 677 926 572 292 780 941 72 870 237
371 296 46 678 10 674 187 230 994 136 827 972 976 685 616 950 614 754 369 520 822 307 859 939 975 111 586 189 917 284 760 156 563 133 550 958 70 22 745 394 623 903 702 717 271 116 655 394 398 521 346 897 384 770 409 558 991 153 242 895 325 662 758 729 352 86 676 245 276 239 550 721 484 796 371 984 412 440 141 217 545 93 649 724 728 41 636 614 726 268 523 524 839 260 79 123 90 477 807 254
735 895 981 524 586 692 672 769 279 522 258 306 621 595 104 873 8 276 120 122 637 234 993 88 701 358 689 905 483 715 287 489 237 873 519 924 382 418 410 743 545 177 633 98 120 357 712 926 135 307 928 798 208 761 362 519 406 459 157 555 329 738 697 371 462 698 792 139 626 409 887 767 690 458 354 562 926 697 859 710 500 343 545 109 637 695 126 141 740 594 394 275 213 792 367 374 151 483 557 402
377 208 427 143 998 236 110 718 270 719 47 51 893 344 463 306 576 685 398 120 25 386 715 542 681 289 224 279 71 994 217 413 346 35 183 578 825 113 20 481 211 352 309 685 655 490 598 155 305 575 3 265 74 31 569 399 978 555 188 790 913 49 665 567 811 947 261 902 116 638 143 993 79 790 623 38 315 870 812 303 684 373 785 310 399 11 760 798 264 899 869 684 255 651 816 785 716 580 528 346
573 317 896 919 399 431 24 448 730 236 598 204 701 285 882 9 475 417 323 145 223 865 656 416 335 982 877 399 936 376 577 1 177 639 733 290 317 146 241 584 999 848 642 33 603 740 797 480 542 112 431 932 786 753 685 588 234 15 367 159 157 194 291 85 322 311 125 292 969 415 784 994 796 806 849 904 71 148 479 752 954 746 220 629 774 51 763 248 141 938 717 376 229 248 721 767 113 802 655 325
7 151 541 196 902 504 659 41 623 373 201 370 667 995 856 88 59 32 739 438 742 322 925 725 837 565 502 682 458 390 934 127 260 412 906 399 188 809 427 621 168 491 81 34 67 750 347 580 383 809 272 134 484 1 41 766 311 17 388 539 568 11 736 448 970 411 49 356 798 484 877 502 338 102 173 291 611 518 570 104 79 118 593 253 682 778 2 197 525 429 923 914 152 700 323 830 413 141 178 520
267 314 959 601 845 846 83 689 612 77 46 416 663 399 249 296 435 536 863 673 107 44 293 461 27 751 714 597 750 718 529 594 226 614 546 255 751 587 141 190 408 963 779 680 719 362 84 210 215 909 675 484 443 732 871 382 905 933 622 260 642 768 665 218 240 831 224 791 603 37 507 885 434 80 549 902 318 62 756 131 173 525 674 430 415 687 401 47 318 848 104 551 562 629 868 743 380 358 498 756
188 494 312 138 375 337 227 811 450 173 741 642 438 95 924 94 197 170 266 687 95 670 139 730 170 802 177 183 662 268 880 993 844 137 104 213 194 725 810 476 981 886 345 247 641 254 357 466 537 951 832 495 230 610 830 181 106 841 509 101 109 769 240 281 367 891 970 585 203 825 408 531 361 506 475 19 479 361 101 607 820 881 56 796 47 537 152 277 680 895 638 956 773 545 923 160 124 755 70
861 434 506 387 204 641 748 272 749 670 660 428 872 747 646 474 775 878 678 337 389 367 397 35 204 263 623 166 722 378 34 490 210 884 331 282 853 497 228 118 677 775 446 325 544 152 269 222 931 547 953 57 244 802 570 268 610 417 655 37 836 132 546 618 312 397 247 541 45 683 823 814 7 982 741 605 233 256 797 831 19 35 892 239 917 569 90 527 445 421 574 268 371 152 627 250 653 613 463
871 459 289 112 519 172 286 121 6 604 670 836 454 639 256 397 924 380 266 837 154 784 356 145 984 71 638 315 190 243 862 197 663 58 245 419 359 627 972 228 690 564 696 236 871 162 59 764 43 539 557 213 843 253 63 147 29 202 136 60 321 321 718 246 965 254 638 24 624 365 487 571 111 76 872 649 210 35 265 699 373 696 479 357 800 404 121 641 609 843 867 335 287 802 228 857 98 599 554
925 32 376 990 561 626 788 787 410 823 742 384 411 374 972 370 562 933 999 411 369 997 881 870 67 31 33 651 283 910 852 357 354 241 228 235 471 2 204 244 220 852 102 646 129 633 929 800 119 38 564 191 175 535 849 997 219 104 621 72 968 959 949 575 213 845 923 855 77 762 328 85 404 865 844 782 686 509 770 796 413 252 940 845 383 42 923 671 860 287 390 111 734 290 386 708 599 247 9
865 142 652 827 942 877 918 318 163 451 730 666 113 116 190 574 661 432 420 255 838 49 96 309 921 249 130 690 135 290 953 132 739 842 876 433 2 830 463 336 486 543 985 805 931 313 556 447 756 854 205 512 352 14 956 429 522 937 968 856 532 505 496 349 257 93 703 198 720 330 80 117 936 338 354 73 0 907 936 361 363 806 814 90 213 987 571 909 688 452 422 366 823 288 510 648 672 58 508
104 344 627 536 824 57 625 331 686 24 587 101 751 17 792 834 494 989 798 943 926 232 940 968 987 919 609 487 487 184 23 517 937 420 347 170 539 719 523 419 261 673 499 111 381 380 315 214 303 882 655 819 162 359 615 91 316 87 740 761 756 835 967 904 455 69 493 706 522 836 285 44 565 613 339 64 877 490 441 18 330 689 587 534 178 790 877 685 700 484 322 862 701 118 271 250 731 168 275
182 215 631 306 677 216 656 277 393 292 309 968 814 924 373 284 988 213 985 355 492 543 764 556 911 819 606 877 201 877 557 286 459 338 346 455 818 260 816 410 843 778 835 146 758 553 218 106 294 13 305 295 924 541 294 991 718 714 846 125 884 368 150 22 974 359 741 480 252 182 605 593 914 960 734 283 534 215 50 99 283 150 65 211 649 866 391 417 478 964 10 550 317 397 598 607 521 710 643
459 522 615 701 828 103 941 818 210 53 581 717 358 447 473 235 392 815 806 334 524 994 149 809 167 58 137 624 910 732 14 479 117 365 771 997 372 615 376 687 225 182 793 861 402 417 716 881 929 5 228 177 515 754 755 394 162 884 562 35 69 462 67 858 410 85 510 455 405 113 523 707 166 958 279 260 454 727 265 770 256 532 77 35 592 854 298 393 828 64 485 649 678 1 741 930 728 38 165
508 864 459 480 7 72 193 351 65 406 124 997 675 177 58 679 193 303 285 701 678 780 579 792 737 229 470 96 470 547 738 744 408 978 708 236 772 374 790 733 578 831 739 563 627 483 266 926 159 122 550 35 748 658 77 794 655 693 18 974 804 363 383 165 444 425 846 160 812 135 811 425 474 222 30 535 205 424 833 156 445 760 773 645 894 610 110 313 585 93 783 805 90 524 928 791 94 7 344
32 367 212 930 510 698 494 69 702 551 550 791 119 731 658 691 461 29 895 744 437 785 555 414 955 542 214 54 245 856 659 212 98 692 280 248 990 353 176 41 311 964 779 737 823 619 806 82 260 417 843 10 995 343 116 566 936 347 745 656 782 636 821 999 665 28 267 825 85 945 640 784 221 30 617 951 154 650 507 688 355 138 772 416 983 807 498 424 467 192 701 745 644 572 748 379 524 101 22
983 872 978 953 41 148 463 724 765 591 825 75 603 773 820 300 795 590 68 944 687 0 278 735 520 519 743 524 440 511 635 141 793 470 3 222 614 409 860 155 840 101 387 0 148 827 225 58 810 427 397 135 489 116 860 266 174 443 993 659 233 864 136 798 311 142 688 986 129 257 297 414 724 726 607 473 678 639 729 817 868 469 174 616 505 801 659 959 687 880 250 133 357 306 515 985 536 499 884
804 330 407 895 257 887 935 382 308 554 524 42 421 120 955 61 626 900 258 758 345 513 228 292 405 112 930 98 533 560 646 266 772 671 421 860 933 205 36 54 574 104 407 381 73 687 805 928 804 40 95 409 484 94 70 359 749 6 344 985 220 663 110 236 137 697 736 322 929 830 950 441 961 126 514 571 600 103 612 867 855 456 951 786 427 200 909 586 819 151 361 183 784 170 778 724 198 117 646
220 904 544 225 409 878 416 950 593 668 651 161 227 17 676 759 352 365 591 280 582 496 866 46 891 93 66 231 281 627 959 493 454 268 70 975 239 658 532 201 927 538 322 496 177 248 182 448 848 88 972 445 165 285 272 804 843 221 694 276 797 416 806 932 196 466 255 245 118 859 394 487 754 432 351 354 102 748 263 236 152 695 795 689 274 723 648 666 109 596 775 536 377 788 787 292 749 71 697
478 109 256 193 935 625 336 3 18 96 680 362 365 156 681 390 528 564 980 626 446 443 522 176 844 961 846 265 124 163 717 825 785 284 336 829 496 182 19 402 152 261 225 649 292 548 311 80 780 573 587 816 751 840 767 963 206 841 1000 611 36 98 377 839 293 433 4 484 976 880 138 543 119 829 118 396 619 675 802 744 479 50 564 277 6 738 453 25 627 316 908 457 303 392 72 345 98 378 489
61 277 312 513 853 648 597 332 433 17 774 550 223 848 624 305 57 750 259 9 507 53 67 582 108 234 811 987 169 96 276 63 820 880 225 389 603 472 189 777 409 498 232 476 687 59 720 696 931 430 358 350 72 401 719 400 610 264 97 675 637 156 81 30 508 655 813 7 80 480 568 778 948 18 302 66 645 507 334 114 816 177 592 637 597 970 961 124 699 3 491 187 641 868 170 757 731 404 229
865 696 493 178 750 424 7 15 268 194 878 665 643 407 254 159 715 913 985 728 859 60 569 587 584 915 278 390 904 826 869 282 319 39 549 925 165 410 689 16 722 425 452 709 812 281 218 293 873 628 43 405 189 110 625 924 362 638 117 272 532 819 650 534 938 483 30 482 135 97 899 613 802 976 756 66 532 173 385 217 697 451 306 43 349 498 729 103 881 40 501 18 208 915 37 934 437 549 961
721 848 78 634 228 958 733 759 318 686 40 875 765 930 302 382 993 520 785 94 787 714 890 301 673 33 109 959 154 165 515 424 370 891 784 292 39 795 390 337 907 757 112 917 515 721 227 545 722 369 601 983 697 313 313 23 107 833 554 879 345 860 27 596 350 417 16 758 627 115 236 104 679 255 375 219 56 370 165 404 380 541 315 431 360 4 532 290 147 440 38 209 899 979 654 391 483 28 232
106 970 703 574 665 454 234 57 982 920 672 803 735 840 374 856 262 590 417 429 643 418 184 864 795 213 610 859 230 544 271 39 27 982 20 942 68 276 118 641 400 731 206 364 975 836 520 4 219 210 676 715 178 841 605 901 835 225 759 876 931 68 319 868 919 619 439 917 873 344 565 307 260 564 378 678 502 667 588 752 16 966 579 872 407 924 562 593 519 502 421 764 200 484 927 961 582 717 324
87 896 883 495 38 400 777 115 4 226 203 969 714 219 147 697 669 423 725 365 406 450 942 907 43 628 865 116 256 699 412 313 339 307 764 858 799 928 51 729 160 277 320 103 580 278 674 357 643 39 215 79 256 281 836 997 439 184 904 648 634 7 367 786 265 280 472 796 994 518 423 16 540 28 447 724 727 95 681 666 97 182 687 525 272 542 66 594 514 543 96 799 621 91 570 46 858 470 891
140 401 489 37 676 211 371 208 257 79 211 201 130 279 753 362 594 857 632 759 255 612 892 606 498 860 227 490 352 239 14 122 847 483 162 296 379 252 200 196 720 988 963 384 1 356 59 720 215 769 410 662 87 807 594 625 797 349 196 545 170 612 321 349 758 429 118 155 539 845 17 642 46 384 420 69 400 396 757 961 557 960 201 827 34 701 195 455 203 633 517 186 940 217 828 57 118 545 59
967 173 176 928 451 778 562 291 707 680 566 417 130 577 721 881 457 962 782 458 284 882 275 188 160 95 632 71 978 687 658 242 590 908 238 888 90 320 278 420 343 23 429 224 981 953 901 154 614 396 526 943 91 909 850 590 926 709 976 840 779 963 942 161 758 619 206 383 633 506 719 154 692 332 788 665 904 471 789 610 386 850 598 432 75 355 938 407 745 361 192 439 717 886 743 868 143 433 851
558 952 905 918 989 236 71 183 778 46 605 462 406 1 566 31 873 343 665 117 505 464 439 459 243 782 818 425 15 743 796 264 823 669 45 216 481 241 627 171 17 172 261 447 309 717 962 853 815 942 913 13 729 194 294 910 383 33 729 458 621 568 984 298 667 603 424 511 525 486 701 109 853 645 206 974 993 132 424 106 436 5 115 981 540 344 612 838 48 480 382 161 418 352 846 970 635 743 146
233 311 284 889 335 789 763 68 317 481 761 168 212 458 939 392 641 391 917 777 882 736 286 575 90 411 804 64 853 361 615 97 759 388 213 848 307 565 446 672 406 870 371 340 929 238 39 652 714 1 840 665 302 548 690 469 278 50 181 518 224 57 414 264 187 103 625 814 872 667 909 736 384 688 961 288 216 157 965 504 148 240 818 59 462 780 994 111 590 396 492 96 232 567 639 2 431 670 183
143 250 273 213 29 122 795 97 692 398 981 263 692 987 679 758 454 809 611 442 935 405 772 44 746 906 671 221 353 187 673 179 137 213 827 131 655 456 645 30 352 37 647 470 411 944 242 568 764 570 930 502 731 602 342 686 545 456 861 321 545 973 379 458 678 612 390 735 325 453 170 344 748 62 616 735 26 454 806 803 859 126 29 235 927 96 615 237 298 750 727 388 953 591 541 641 415 34 319
195 232 914 845 54 266 557 411 980 237 248 255 475 746 854 941 696 637 815 418 277 87 717 628 357 639 685 686 668 490 660 516 515 852 313 9 947 586 32 959 74 800 363 744 737 580 397 473 64 195 439 649 184 432 21 6 221 300 235 707 392 585 503 795 5 812 579 487 487 409 18 15 858 100 332 965 787 540 36 98 83 152 650 765 45 215 238 668 387 846 422 773 864 624 821 81 363 587 327
879 172 302 937 605 8 368 689 431 233 704 510 587 960 712 919 661 414 610 895 584 140 396 614 686 91 874 272 493 814 936 558 997 386 566 719 932 356 113 490 135 542 954 984 361 676 968 822 149 347 884 419 62 746 602 691 314 206 967 704 791 28 17 918 916 95 384 933 908 578 55 968 130 102 503 686 284 877 897 549 375 195 340 391 514 399 725 582 685 241 400 260 655 736 776 872 899 757 198
896 475 899 557 15 442 658 664 934 995 191 11 372 799 890 818 990 164 544 894 175 533 966 450 565 639 420 709 580 445 279 779 993 438 639 965 701 298 42 513 908 206 287 811 715 607 282 612 294 681 719 796 548 94 691 31 134 380 624 622 418 967 610 253 806 623 435 447 725 44 267 295 28 770 343 132 972 455 832 845 329 882 709 459 778 147 638 242 213 559 98 300 322 400 534 223 857 554 805
380 131 869 219 986 657 772 884 892 964 758 325 677 799 139 740 877 591 400 900 568 935 928 775 580 582 311 130 168 941 300 475 572 514 92 145 432 107 108 183 363 191 429 560 359 793 332 409 779 599 584 273 918 872 503 83 733 291 163 451 958 260 441 945 330 632 899 748 743 223 613 290 577 99 965 528 42 829 67 184 179 667 181 935 23 746 590 138 593 985 412 393 755 28 187 732 215 7 899
91 262 845 273 921 5 592 480 833 588 671 147 323 274 30 487 815 676 850 54 548 531 973 96 525 102 287 950 232 339 863 864 170 754 930 926 236 704 740 695 310 651 598 781 933 789 209 301 708 510 279 181 692 92 11 148 440 637 141 104 485 84 191 247 733 72 769 229 877 436 157 879 124 553 543 913 257 519 475 463 252 633 728 379 260 233 609 578 804 636 739 463 785 447 243 479 716 489 663
79 769 787 297 879 319 560 572 149 736 642 438 778 46 664 991 197 774 475 632 125 804 9 136 136 845 949 993 447 972 539 625 652 717 156 717 370 857 803 937 580 107 224 113 883 49 431 989 157 322 294 898 750 897 990 115 758 410 232 447 600 632 99 367 52 145 458 352 279 27 66 308 597 16 922 641 675 4 151 378 740 475 555 490 83 571 913 787 438 290 908 2 938 508 781 336 501 795 708
585 633 491 951 313 939 304 978 506 175 586 60 397 952 362 930 958 595 580 189 246 502 906 953 366 499 107 850 993 6 196 584 175 456 572 478 710 372 136 61 294 79 799 553 360 670 53 29 108 110 471 707 310 10 185 813 738 581 293 118 654 860 895 75 595 89 443 560 264 209 935 64 905 603 565 623 797 566 99 489 837 984 862 531 718 807 741 323 881 676 830 781 510 282 254 782 285 246 954
178 500 756 173 466 570 822 519 641 545 687 839 622 836 330 52 372 946 268 935 543 868 600 426 834 593 694 970 59 144 108 6 816 215 267 866 791 988 842 543 641 408 729 368 876 21 45 756 87 368 835 515 764 62 603 73 329 341 458 175 44 228 934 463 544 33 274 683 966 249 868 935 26 803 571 441 750 425 644 478 169 890 192 728 1000 19 943 557 406 217 510 799 264 803 22 186 342 696 718
22 552 879 989 423 421 591 89 198 993 985 637 766 870 576 90 636 160 598 858 480 988 57 109 747 881 737 629 124 210 643 817 955 862 834 925 49 147 832 79 441 306 50 430 182 223 300 378 826 686 149 400 565 136 898 859 17 996 374 423 71 489 137 438 207 394 799 279 580 879 69 583 128 470 221 794 565 839 909 687 71 973 136 329 78 278 498 101 540 32 783 264 707 776 944 618 22 280 651
223 277 467 587 447 275 977 304 42 81 613 251 393 513 752 338 719 24 483 811 324 849 623 105 824 565 258 987 597 899 680 464 164 743 128 950 613 717 788 347 353 372 472 279 45 493 740 782 740 304 230 930 2 360 682 232 934 732 26 43 844 33 205 274 795 129 934 442 781 169 654 293 45 572 411 385 72 459 292 226 1000 498 588 472 79 982 522 565 234 231 811 562 964 730 913 432 458 905 495
348 992 848 742 219 402 549 893 720 531 947 271 352 508 849 412 19 300 865 238 893 873 37 713 875 100 215 503 7 266 409 154 454 715 68 422 52 667 737 443 215 409 496 454 838 533 438 940 571 931 452 184 17 227 190 100 71 835 249 147 911 611 7 299 161 82 260 181 177 812 316 287 572 332 334 176 20 761 25 569 82 893 777 750 220 340 434 929 499 619 793 750 630 485 783 415 776 218 190
872 517 953 737 943 473 23 169 498 312 684 539 367 582 587 804 767 708 16 35 944 666 115 294 317 481 511 486 388 574 610 286 792 820 565 769 647 426 905 29 184 163 53 288 411 982 693 330 88 399 288 683 778 854 202 334 718 49 870 785 369 494 27 347 778 609 519 409 693 650 29 351 459 668 455 827 672 348 311 49 696 152 188 844 354 98 671 355 992 491 195 483 675 507 933 464 743 177 535
978 249 689 498 942 295 420 460 910 886 397 100 497 422 429 642 211 541 683 676 952 740 174 852 580 810 90 653 175 533 641 486 298 819 540 962 180 323 819 573 833 327 886 203 73 572 982 261 372 295 160 751 938 957 335 623 520 846 431 498 853 656 889 347 402 882 67 430 155 602 376 553 865 845 456 488 136 844 164 283 397 497 784 617 607 129 602 197 658 734 171 165 569 921 404 695 156 673 976
824 777 416 262 95 479 329 168 836 330 945 592 592 696 318 844 711 54 478 821 295 471 197 291 560 897 578 64 20 511 284 816 204 374 41 236 382 317 227 182 343 547 373 274 641 447 523 108 188 782 529 543 834 40 272 377 285 307 553 645 335 523 139 710 503 41 87 533 270 555 607 881 983 579 442 708 245 832 746 576 398 83 734 467 666 217 121 872 71 446 533 687 167 257 312 260 995 660 401
593 572 827 486 726 751 834 184 193 60 366 177 290 525 672 310 854 291 493 224 174 593 471 616 969 266 106 103 171 369 595 327 200 312 818 519 113 192 127 13 689 509 855 96 400 813 689 650 513 257 490 630 54 755 948 198 768 725 675 935 925 811 940 508 939 455 957 324 34 842 609 945 879 640 821 103 136 365 933 668 184 437 868 58 251 459 506 657 656 187 801 940 978 779 257 707 296 331 742
918 178 909 557 123 138 804 479 959 611 996 518 287 996 90 902 748 956 616 900 187 821 428 506 54 825 542 199 760 949 480 962 644 287 516 886 125 101 503 503 929 104 350 761 778 841 605 955 842 787 172 328 299 910 782 977 411 908 896 229 486 888 140 466 573 96 862 998 128 150 898 80 276 496 156 206 567 437 825 219 400 277 359 703 647 893 456 455 760 703 207 610 58 594 69 253 427 772 955
902 963 771 375 252 361 677 875 751 990 8 362 39 801 226 425 523 622 209 156 696 113 633 706 868 525 64 999 203 231 464 900 588 844 532 988 371 565 702 201 479 846 493 959 476 108 490 681 73 872 935 231 497 477 700 519 702 226 723 121 233 684 481 635 796 802 549 0 826 618 729 953 568 978 877 10 598 647 546 597 937 344 592 483 399 91 964 312 703 545 710 703 532 677 167 852 19 792 736
850 223 108 673 163 987 698 257 87 677 772 479 772 563 855 430 119 161 559 765 968 408 863 592 263 95 760 811 476 220 904 802 569 667 41 741 912 43 992 238 812 554 190 230 213 85 776 666 130 34 462 828 268 679 71 428 733 97 157 328 546 842 106 192 365 310 846 216 175 617 768 127 713 299 387 681 309 224 213 779 570 218 382 583 17 605 101 333 65 378 301 386 779 915 944 745 150 602 863
423 132 494 877 145 36 850 120 980 569 782 661 259 731 738 883 826 917 169 248 277 435 307 478 843 352 44 540 568 136 768 37 33 182 163 179 36 471 160 818 946 932 274 609 37 402 790 485 479 647 843 138 388 5 980 648 858 291 444 310 969 237 146 930 984 258 462 539 659 79 659 808 733 836 76 233 550 782 62 158 947 827 144 55 218 0 857 704 396 655 92 69 231 498 787 804 260 820 407
733 689 308 566 186 687 993 646 319 443 772 879 511 39 631 155 217 638 430 938 637 230 181 534 62 941 403 445 44 779 453 871 931 7 809 755 499 11 452 868 158 172 328 649 968 842 895 804 851 724 420 247 175 762 906 220 801 900 316 660 170 471 797 293 827 961 403 647 766 1 850 621 933 357 336 375 57 843 709 798 634 388 85 503 639 882 847 610 370 117 574 682 867 544 112 794 756 541 199
784 346 147 380 934 496 331 876 583 581 447 545 326 308 63 2 774 704 653 358 476 966 28 137 343 760 765 334 745 21 240 880 755 141 106 326 693 681 419 833 839 431 298 602 176 560 700 798 232 924 964 236 568 283 98 569 214 530 423 167 453 390 920 950 228 594 659 614 226 76 974 695 301 90 315 556 130 13 115 554 620 246 390 168 128 210 522 943 928 304 826 771 288 105 652 303 628 432 110
744 822 947 239 657 834 650 522 37 145 763 318 55 206 378 402 187 598 803 507 826 438 588 266 335 128 366 753 854 721 87 341 555 408 198 688 621 169 496 445 61 901 244 559 864 534 162 430 556 51 953 895 166 474 132 876 457 98 512 154 42 178 661 743 582 413 211 880 902 683 467 397 357 946 624 254 625 84 466 11 259 431 913 591 376 284 917 706 333 750 166 153 927 276 922 143 685 442 750
190 803 982 4 589 835 529 704 919 592 504 581 303 884 881 492 369 763 954 919 972 281 158 705 993 591 731 960 523 948 999 884 885 393 261 200 219 670 383 403 901 191 86 189 643 137 339 626 351 272 602 722 180 604 349 875 147 3 753 249 386 957 674 416 973 186 779 350 955 179 944 91 988 170 685 571 840 519 668 293 432 707 882 568 71 335 861 356 124 247 209 991 56 267 512 284 804 109 7
479 231 344 660 113 446 830 659 405 679 567 177 195 995 61 860 865 277 187 390 558 871 669 990 255 573 100 705 584 958 336 906 983 502 343 977 332 289 563 788 450 990 108 539 836 868 8 203 240 57 264 850 715 433 18 367 689 51 970 563 374 114 353 873 917 446 472 994 986 283 270 477 354 213 644 239 6 785 898 540 455 598 405 316 966 97 329 246 904 854 180 455 598 405 105 657 27 959 707
536 800 391 410 234 382 449 225 708 759 597 644 784 543 688 848 496 445 26 16 175 426 124 396 128 285 86 279 758 500 892 46 788 417 664 982 54 140 208 705 975 705 88 892 646 481 472 165 16 565 227 300 562 584 559 21 868 992 357 268 239 426 239 59 202 200 283 368 19 285 566 690 208 394 782 732 884 153 898 672 154 236 305 136 181 758 462 395 243 656 730 496 583 142 356 904 397 860 827
13 269 699 584 656 677 693 501 478 967 496 4 333 686 486 528 276 682 758 964 423 41 900 754 604 150 131 102 565 843 852 549 737 871 27 646 749 861 974 148 142 428 767 31 93 966 555 188 947 368 640 35 874 221 739 881 524 727 687 908 575 8 275 942 783 402 27 386 912 576 136 785 289 224 294 561 620 17 430 689 84 961 171 43 666 786 917 829 872 99 528 582 648 98 673 279 2 582 982
977 244 977 885 175 932 521 383 506 372 106 760 684 777 526 725 734 504 467 553 311 310 340 271 811 623 539 783 796 756 664 131 425 928 696 367 848 930 530 107 646 853 456 549 968 553 498 565 423 709 787 560 350 955 808 731 912 861 964 418 718 419 32 970 384 734 23 934 664 999 626 794 881 904 217 721 910 856 782 427 126 539 5 178 505 908 330 266 436 231 205 383 884 457 604 12 232 750 294
346 679 718 220 94 223 567 648 419 665 251 444 948 648 241 345 736 232 188 373 700 286 23 291 942 444 640 969 86 235 690 928 930 758 909 617 364 671 615 73 323 430 346 897 894 175 134 898 936 200 824 960 222 831 199 80 686 203 672 299 684 761 277 599 679 164 313 901 106 341 484 426 274 807 756 344 331 61 913 683 28 239 651 858 657 871 133 944 424 152 905 166 646 897 52 949 117 206 331
119 476 914 397 569 857 458 722 111 703 200 993 374 419 253 583 112 260 191 650 937 138 357 621 612 854 275 939 91 923 38 970 435 35 6 261 816 662 7 573 719 339 72 7 34 969 425 4 455 333 949 665 636 653 49 110 440 850 523 24 545 125 578 614 630 712 657 65 909 51 48 721 30 288 847 841 789 0 205 704 295 604 931 607 104 464 845 855 577 990 588 707 772 403 596 371 286 13 804
710 392 40 852 431 146 463 470 729 725 42 228 906 130 904 188 471 655 563 880 629 595 588 185 112 315 428 595 10 900 964 780 383 118 892 514 956 881 107 814 618 25 772 447 208 808 566 699 271 948 688 979 504 821 778 856 145 139 278 757 768 870 736 91 163 560 977 664 559 317 784 891 505 376 441 549 537 915 249 209 678 983 545 483 894 582 351 551 642 874 46 399 610 433 194 606 859 94 537
733 474 860 507 30 197 983 121 962 848 727 466 776 354 15 189 827 897 214 857 385 66 328 721 717 343 151 215 124 382 342 27 800 731 60 690 174 802 536 243 616 969 175 211 880 774 385 732 255 889 627 912 640 401 86 783 788 208 449 93 676 555 324 33 662 254 316 275 493 748 93 20 98 939 657 476 996 259 948 122 584 297 144 186 170 145 774 134 535 698 43 87 617 140 605 646 173 257 151
719 387 342 26 460 355 721 346 11 101 550 131 915 636 926 436 534 755 692 674 135 127 525 892 100 961 230 987 691 725 84 230 999 486 514 748 915 668 93 258 997 404 128 658 59 308 846 795 157 46 63 297 675 560 21 246 224 416 788 995 430 452 946 960 397 447 532 259 774 474 715 50 963 383 810 771 406 153 195 240 912 389 412 40 705 24 913 579 97 878 805 905 816 823 357 249 170 126 361
370 127 354 602 91 95 929 20 658 109 975 592 183 759 748 468 852 86 645 585 579 990 730 251 666 231 347 50 173 449 121 75 618 591 29 542 1000 921 695 772 391 856 400 68 747 192 145 609 838 238 141 412 943 247 955 359 834 358 4 855 492 255 667 375 806 304 765 440 171 269 533 349 500 976 631 317 724 969 629 761 777 442 281 420 229 986 265 818 897 89 385 216 739 261 897 588 918 146 681
978 622 402 381 85 630 582 904 254 709 376 413 830 9 918 35 439 126 322 558 79 134 54 59 322 794 718 836 256 619 460 916 636 512 31 827 737 104 814 731 541 297 375 916 953 529 704 350 361 458 282 175 26 447 811 673 619 547 318 714 864 397 36 253 31 633 935 771 722 866 864 532 803 793 260 439 921 87 927 773 32 930 814 959 221 521 329 310 39 316 460 474 896 849 634 290 717 690 643
38 954 407 565 325 637 986 608 96 285 550 430 304 19 905 310 190 863 14 554 760 662 479 835 907 700 120 376 326 301 196 435 523 362 116 143 181 740 384 865 635 796 668 862 565 173 41 50 757 633 31 242 783 980 924 543 471 487 520 362 479 659 610 269 886 857 39 319 696 172 163 727 36 77 30 822 861 835 241 841 831 927 338 520 285 267 116 386 941 835 775 22 525 767 542 254 405 927 256
27 712 394 490 128 737 760 96 227 648 973 889 90 651 511 70 133 561 826 493 705 64 389 588 528 297 478 984 733 361 218 858 925 66 82 500 249 805 89 58 8 496 127 114 277 892 422 12 987 98 325 361 494 7 569 521 695 750 486 406 65 820 855 105 563 713 620 163 353 234 284 689 144 871 21 760 399 410 962 756 721 786 208 781 30 649 405 721 195 568 15 306 848 599 461 465 153 325 577
161 156 499 969 752 186 220 370 643 761 150 509 501 800 718 137 637 309 644 969 781 681 583 20 808 804 302 62 841 831 685 24 455 855 948 594 316 261 515 208 345 539 757 261 616 731 927 980 139 841 872 4 579 403 288 894 755 667 564 223 870 533 502 649 945 629 114 231 947 486 676 116 533 404 966 238 523 149 767 255 804 222 989 117 530 779 178 29 548 717 550 563 965 735 968 601 761 14 150
329 1000 297 564 900 308 42 518 411 422 263 524 276 535 596 890 59 825 597 762 322 562 380 252 354 377 662 550 353 442 492 484 149 54 192 778 722 760 381 381 234 213 162 44 15 263 503 310 843 785 614 826 108 415 560 798 119 720 788 266 708 510 855 473 436 4 749 468 664 464 184 883 608 631 21 861 664 214 53 106 482 724 41 74 144 870 0 210 12 972 589 728 604 639 192 312 877 529 860
120 17 51 615 191 906 599 93 900 852 731 674 596 44 706 615 919 302 43 367 995 357 258 276 773 294 548 40 46 718 264 372 567 886 473 513 23 688 440 359 797 590 166 27 203 918 164 703 15 119 763 62 402 308 621 399 327 858 247 231 123 357 527 71 720 585 723 949 393 607 544 27 706 813 429 247 373 949 747 308 14 37 828 737 264 442 45 177 839 150 55 717 652 167 393 110 488 539 956
950 12 174 754 652 227 118 623 55 217 697 618 932 436 267 72 837 62 382 421 117 828 156 252 251 619 556 858 534 644 645 861 225 901 784 197 232 703 424 391 664 718 381 485 38 490 786 399 639 505 413 999 616 169 919 979 526 207 4 455 976 296 801 542 682 28 780 628 195 805 786 720 548 547 848 399 73 835 973 407 41 222 961 262 216 694 330 222 495 226 198 341 841 728 61 705 156 634 544
497 138 34 749 182 221 574 951 494 682 316 723 185 341 593 688 980 827 654 710 877 467 522 925 116 276 258 750 147 357 181 277 144 284 133 293 378 906 478 544 289 654 538 212 442 602 49 248 6 144 847 830 657 469 169 359 502 602 643 460 609 988 26 840 280 553 92 606 893 742 660 48 977 513 29 215 56 830 579 681 68 358 25 46 616 921 188 624 542 668 607 344 711 778 38 821 883 43 248
161 562 939 794 542 161 820 760 755 381 667 663 504 397 141 44 958 458 330 753 457 773 520 875 53 795 67 132 835 154 554 924 720 404 428 451 987 316 80 216 675 178 133 203 949 512 552 250 718 115 900 852 573 332 984 630 255 666 255 923 810 663 435 340 976 317 244 683 611 612 660 298 921 45 904 73 273 637 873 969 981 408 411 357 581 183 953 995 52 747 298 447 961 313 141 162 839 324 860
491 68 350 598 736 570 607 130 319 172 820 730 52 783 527 676 461 212 493 554 660 688 105 261 323 718 921 570 752 11 122 750 149 700 94 482 71 911 373 321 256 859 930 240 253 320 630 760 200 643 425 463 841 530 412 666 964 298 694 863 869 661 686 298 486 109 524 126 737 879 388 903 631 874 804 731 571 936 702 126 349 13 391 795 476 492 60 184 684 136 487 477 66 457 936 173 314 759 992
990 77 587 359 302 419 963 47 249 357 307 746 848 763 151 900 889 930 387 981 606 879 607 911 981 904 213 276 395 482 296 406 437 25 775 61 281 349 419 772 873 181 540 477 672 542 299 679 163 768 68 264 249 325 903 845 139 173 631 283 873 865 614 750 555 840 449 987 527 154 987 884 483 152 645 780 990 302 793 87 225 332 637 221 376 735 49 101 988 418 689 711 737 419 738 604 392 456 811
173 345 464 312 534 434 874 605 631 12 4 472 121 139 718 538 486 408 422 61 435 976 65 302 741 869 837 218 359 217 856 868 143 418 360 855 878 427 766 991 38 157 586 396 366 571 755 959 649 681 292 247 430 493 81 259 585 323 877 885 783 150 493 140 0 27 629 747 307 320 731 362 334 466 414 782 58 881 506 809 664 267 365 448 59 473 331 645 133 147 842 0 153 819 451 743 294 239 924
738 566 113 991 738 457 902 839 830 247 385 796 305 505 56 910 453 858 666 519 361 453 683 223 789 421 891 222 991 559 554 36 323 49 967 243 357 162 956 250 446 827 582 100 39 70 160 91 864 108 612 18 266 425 885 639 463 566 806 875 57 777 503 99 343 776 419 803 256 466 484 886 415 683 454 422 805 14 443 377 402 59 564 711 280 590 878 877 869 711 260 743 73 109 917 873 767 748 192
247 664 135 222 510 637 346 316 850 726 173 648 845 654 990 180 598 252 431 887 164 627 396 781 388 734 167 22 347 182 246 304 714 391 850 711 958 414 591 101 594 699 614 663 909 308 914 887 627 938 871 324 982 254 413 290 839 85 567 94 739 948 600 422 800 800 314 888 443 501 480 877 384 227 635 212 396 410 703 612 97 414 446 349 325 455 577 970 206 99 868 589 160 729 630 100 142 933 194
8 697 912 453 944 877 222 258 214 751 633 315 42 209 198 393 167 974 532 443 184 606 379 821 74 645 531 853 446 732 162 555 870 160 802 293 647 119 572 644 797 157 407 400 932 182 736 139 258 494 509 302 285 17 585 838 518 600 719 726 938 321 855 118 372 182 344 513 891 615 943 507 55 611 800 891 10 724 897 648 835 799 600 782 954 280 815 377 87 669 850 650 854 630 51 716 977 887 528
600 552 919 819 745 445 975 189 470 259 479 95 996 642 692 627 236 692 882 380 158 946 470 490 649 360 611 484 789 301 801 243 277 196 28 452 260 678 356 840 18 245 686 62 806 922 144 494 623 561 979 541 822 771 808 837 266 186 464 396 150 379 374 966 41 49 219 558 565 903 100 333 226 440 686 70 20 643 301 262 774 250 609 862 562 897 612 276 756 189 948 130 121 900 750 91 124 674 883
629 547 267 971 364 230 842 421 180 266 713 170 257 685 122 652 638 263 940 342 935 738 257 620 803 21 190 655 463 413 470 902 341 544 942 847 706 795 25 391 800 214 325 172 490 100 245 692 123 69 53 888 311 242 855 134 393 932 592 903 458 991 769 676 685 738 328 169 778 532 385 981 527 978 160 916 391 329 806 303 296 415 732 396 726 242 508 58 55 274 987 397 673 992 337 868 943 891 388
568 593 536 222 184 568 250 880 481 489 689 70 337 182 873 735 35 886 470 384 130 935 722 977 366 185 325 526 403 101 768 169 747 938 770 982 502 517 616 945 460 861 133 509 970 246 646 357 449 400 347 867 419 195 4 43 630 687 919 635 326 847 837 804 536 784 218 683 525 258 121 467 782 69 81 212 413 917 437 431 663 365 550 462 354 926 394 107 316 708 160 917 866 643 598 274 727 4 457
443 845 300 434 974 32 687 675 434 81 444 424 345 439 519 838 756 684 715 379 814 857 15 542 210 399 754 446 784 514 567 248 261 154 308 574 583 428 775 405 103 334 410 57 754 57 492 974 410 252 963 788 776 913 306 277 850 155 835 664 365 686 891 972 359 822 327 832 231 137 500 699 976 808 914 993 577 274 772 233 252 368 913 614 906 672 216 12 358 959 672 188 951 532 279 776 94 16 353
444 961 631 866 472 407 497 385 245 736 463 799 861 986 889 863 15 483 167 687 132 879 210 59 648 369 908 972 288 862 26 4 404 274 390 435 132 855 814 643 202 459 881 930 900 971 980 503 342 805 858 191 450 502 714 776 673 882 20 696 627 967 778 845 635 487 396 347 499 844 399 466 574 458 898 600 119 408 859 642 225 888 8 489 622 557 346 891 692 11 659 319 535 193 785 274 728 122 206
330 211 413 132 654 681 339 596 860 521 458 562 808 268 213 64 844 490 724 981 355 95 285 106 834 286 239 20 965 435 833 923 221 399 140 306 220 568 358 406 219 100 249 549 516 88 461 203 82 300 889 448 878 1 56 224 524 670 313 286 314 532 674 650 804 409 593 929 838 401 78 502 315 783 122 481 427 146 748 211 182 510 422 354 859 717 409 53 278 720 500 407 424 413 609 62 401 815 203
578 16 822 440 221 815 110 286 265 257 114 533 631 381 563 876 815 879 135 560 559 906 403 538 662 7 569 651 866 324 949 260 614 585 533 303 774 868 956 480 750 436 215 980 416 992 32 186 183 325 490 755 620 892 547 618 334 559 890 546 967 628 124 935 486 171 937 186 70 286 342 733 865 682 801 258 222 457 357 261 856 129 292 912 152 14 583 975 774 539 553 458 872 233 510 909 558 501 510
818 600 969 482 222 896 215 154 868 316 697 91 166 216 921 649 392 857 344 806 177 54 720 2 847 646 366 836 967 137 689 688 654 607 599 583 784 153 846 449 644 723 820 435 457 954 60 360 645 190 639 25 718 279 288 885 426 607 433 276 656 132 759 871 731 853 876 265 150 140 57 169 479 859 782 946 868 571 929 957 902 869 492 418 262 659 266 230 222 81 286 631 154 168 470 542 142 336 792
459 131 62 734 379 919 654 786 310 233 896 373 54 89 842 674 828 584 594 537 609 44 974 139 937 346 877 331 522 715 58 959 178 162 64 50 126 100 815 510 609 427 735 98 331 464 552 788 74 618 59 523 781 860 179 811 338 36 388 779 29 123 580 110 558 718 514 463 705 990 790 734 417 760 327 251 668 294 359 385 263 877 229 425 971 968 80 611 551 739 769 731 731 470 635 144 819 356 538
771 200 800 359 763 65 418 693 437 689 900 192 913 718 980 898 813 756 580 309 505 799 441 1 616 535 930 700 775 666 116 994 149 799 908 52 113 883 607 113 816 308 318 406 526 505 863 718 140 767 184 20 201 939 492 281 28 433 152 960 975 917 951 308 520 702 967 750 788 886 68 933 232 82 384 645 121 899 387 618 132 87 518 964 160 721 239 400 864 233 897 821 960 980 791 278 312 160 455
590 24 687 690 598 128 510 863 274 402 216 30 639 250 970 304 78 859 93 345 46 428 407 923 185 943 130 285 524 2 874 54 882 313 670 566 517 472 528 571 942 520 380 787 881 939 609 553 489 62 504 701 708 260 505 205 700 953 52 833 634 314 302 900 694 129 741 771 983 547 513 162 885 7 471 122 985 78 539 980 512 864 427 860 779 823 682 317 429 70 183 883 788 211 343 464 252 199 596
955 569 48 703 932 439 183 846 801 58 620 78 921 44 646 632 829 285 677 243 312 25 658 801 177 827 246 993 855 125 965 565 66 52 563 762 567 648 464 526 581 195 832 318 221 568 642 150 672 709 429 921 190 940 637 269 767 748 544 490 869 224 808 198 850 2 241 290 990 709 258 957 456 675 276 736 63 346 25 514 109 768 832 646 647 167 999 829 738 454 259 672 623 438 568 568 472 438 390
116 706 219 729 905 946 59 434 817 117 609 503 635 757 399 183 282 400 96 225 260 477 453 371 646 796 610 724 498 224 582 2 321 873 830 455 955 228 313 57 970 569 652 986 406 988 459 586 381 378 845 50 226 962 285 74 796 130 433 254 739 142 349 736 644 681 953 327 105 935 246 86 390 954 50 380 63 810 943 728 696 250 273 890 232 524 518 157 258 132 141 908 622 851 131 55 123 603 879
859 976 180 326 339 560 271 812 945 89 608 36 232 618 892 862 761 887 429 566 304 272 99 259 206 973 303 530 463 155 948 181 676 851 989 639 190 303 707 369 87 483 296 14 665 455 818 465 251 291 850 753 511 65 945 491 624 54 746 154 173 315 907 772 958 572 519 231 886 255 877 16 387 468 497 921 281 36 325 363 432 585 214 966 633 659 521 149 461 842 846 675 15 705 977 532 203 905 661
747 636 26 588 133 721 861 990 316 612 862 480 529 150 477 207 162 289 154 133 177 155 53 641 693 448 791 551 194 819 686 458 271 711 638 513 534 847 56 339 734 251 949 836 555 232 827 566 263 549 77 765 192 828 502 778 861 349 10 60 394 522 527 650 998 1000 251 639 956 456 760 115 839 875 344 132 603 130 761 758 410 385 578 269 12 288 119 63 569 908 121 531 622 919 875 274 185 287 817
815 888 390 704 692 796 507 852 548 362 7 391 699 560 180 854 900 902 443 260 449 889 128 958 798 99 92 816 331 625 971 612 301 449 781 42 680 623 17 468 829 683 746 471 589 273 712 891 927 847 410 581 202 964 624 340 907 229 971 598 656 499 962 481 579 763 376 489 170 575 977 547 563 508 386 686 666 37 837 359 347 327 557 124 508 297 189 384 340 247 164 573 996 972 602 357 561 28 451
103 891 228 163 161 884 771 405 109 578 364 682 730 240 829 552 522 92 41 754 583 880 802 231 897 850 709 464 780 257 835 770 634 198 244 382 836 408 794 771 425 570 778 784 15 945 952 438 286 253 119 853 452 910 174 444 122 689 605 265 322 579 162 875 778 152 795 634 522 423 739 173 526 121 160 709 406 561 515 427 418 438 740 20 431 943 117 857 949 799 271 807 427 420 124 298 978 460 191
697 695 64 364 524 82 544 13 623 363 748 879 111 812 765 608 76 114 634 771 869 127 351 73 536 966 968 237 708 123 546 821 350 666 474 225 770 212 660 130 56 970 549 730 749 245 164 403 142 224 98 442 348 528 365 669 894 714 899 373 50 679 721 279 782 754 320 20 248 867 912 542 564 880 930 225 154 198 421 628 694 776 491 717 41 69 154 596 875 500 321 398 92 360 681 598 892 42 26
422 923 477 895 281 958 645 598 560 831 925 856 332 371 159 251 585 338 652 650 499 294 253 255 952 455 231 186 611 633 205 786 508 980 294 104 808 581 942 449 88 910 780 86 553 156 180 641 358 924 577 193 878 503 239 339 482 956 523 703 469 581 73 413 729 822 16 388 815 870 520 192 76 759 477 339 708 881 416 27 366 331 518 753 304 651 802 509 128 744 350 385 679 355 206 820 238 279 228
707 794 526 929 207 321 912 309 484 278 307 780 671 456 131 704 81 623 487 710 572 207 115 626 629 649 961 381 663 578 933 615 658 72 805 405 198 484 283 257 181 274 230 713 720 476 955 903 818 982 945 60 679 606 357 316 625 932 127 949 427 788 952 22 60 895 431 445 509 729 383 828 860 242 171 259 986 744 508 413 35 963 54 416 272 365 577 728 813 718 362 243 993 175 737 607 460 872 579
550 727 22 97 530 687 222 575 862 932 1000 844 418 463 370 21 103 39 825 65 881 723 337 508 898 418 46 587 899 750 647 336 807 175 598 537 257 645 737 553 467 65 356 100 52 569 106 918 304 585 352 348 719 961 262 223 484 409 231 805 354 4 494 260 991 186 985 971 636 158 844 539 524 262 532 898 997 800 540 594 535 444 279 513 120 717 241 250 421 332 797 715 813 997 391 321 789 535 624
65 971 310 388 987 263 226 453 860 327 142 652 922 619 718 42 42 467 678 367 371 96 299 266 479 169 787 408 327 147 842 725 213 309 144 325 338 418 661 179 525 746 623 388 611 347 581 970 489 247 449 537 5 99 508 391 368 904 774 661 32 787 458 312 365 531 579 357 962 551 957 431 397 74 27 267 245 875 633 298 684 787 562 198 982 839 692 976 572 126 508 436 880 942 422 299 460 577 124
222 557 88 247 483 938 994 790 234 711 907 101 239 701 704 160 936 387 497 908 65 89 480 330 859 212 197 306 818 845 169 445 285 175 216 476 81 290 92 186 829 622 460 141 257 427 595 777 91 897 194 189 109 303 452 711 797 814 712 41 135 675 588 285 694 121 203 60 101 519 179 204 516 418 422 743 289 987 679 616 693 221 80 141 410 696 399 579 737 662 569 470 954 148 711 408 752 390 911
969 918 126 250 262 655 548 54 2 749 783 798 428 232 815 430 169 199 815 997 683 628 664 185 241 965 934 182 804 297 224 264 757 233 147 686 237 298 249 180 957 845 514 32 129 563 198 601 94 525 447 967 444 297 363 573 774 372 235 187 231 555 488 230 478 692 410 351 83 896 225 983 269 694 848 635 851 876 765 59 272 679 825 575 686 730 85 559 504 218 926 372 581 601 795 324 584 573 740
336 513 185 137 798 972 41 497 119 31 172 50 92 326 400 12 339 138 489 656 978 747 575 714 224 414 590 466 668 151 510 755 151 176 240 906 711 380 119 256 638 214 814 276 587 779 778 634 737 319 866 798 956 119 658 193 989 248 769 746 697 396 259 246 836 623 98 226 680 446 473 786 280 300 453 339 529 626 354 419 956 881 360 28 30 272 515 249 121 570 498 122 274 499 90 597 201 463 134
167 633 100 796 671 327 195 631 705 992 41 229 383 199 354 821 115 679 811 105 751 827 840 682 473 389 894 169 183 54 518 62 349 629 899 567 617 236 15 579 91 743 424 468 356 463 817 237 746 853 672 990 159 281 909 11 805 235 96 638 827 581 285 393 670 700 527 177 773 666 896 866 868 528 582 847 354 546 246 629 469 206 840 599 935 104 248 164 93 879 903 214 357 248 735 226 554 311 974
163 611 189 360 186 177 216 560 398 376 903 975 565 273 286 72 939 916 367 147 928 807 198 543 27 861 692 116 389 950 763 851 603 248 700 407 21 54 830 235 662 752 953 770 873 568 21 136 235 619 916 447 946 249 927 931 432 400 484 535 627 33 490 284 121 188 919 605 824 774 514 93 537 286 814 72 573 315 990 820 578 463 704 200 609 881 340 997 985 162 192 838 88 334 430 306 185 169 172
271 238 389 53 631 707 645 587 367 207 369 651 952 266 523 496 95 252 286 508 96 781 757 369 56 506 892 373 729 132 976 447 394 298 878 32 870 105 259 397 77 73 688 40 25 804 107 923 881 418 773 843 673 108 673 463 784 780 376 887 853 424 33 950 662 528 820 653 360 418 144 367 582 167 594 841 956 670 98 488 270 811 414 277 735 583 325 130 104 57 768 916 685 682 892 701 928 277 799
46
675275 14 0
79768 327 0
113124 174 1
309275 230 0
958695 22 0
352850 185 0
407509 197 1
116848 126 0
771221 322 0
557567 243 1
770754 228 0
149251 115 0
920168 329 1
375406 179 0
470731 118 1
394032 224 1
655049 25 0
123525 258 0
567946 323 1
608410 300 0
114948 263 1
703834 12 1
736048 105 0
823358 370 0
705364 188 0
570091 192 0
299518 65 1
128941 176 1
583652 365 0
126351 226 1
4043 120 0
471491 321 0
510459 312 0
465316 170 1
456123 356 0
268160 313 1
589460 307 0
402708 363 0
347284 100 1
639073 275 0
144055 152 1
950611 45 0
875792 166 0
644352 236 1
928910 53 1
687560 109 1
4
257768 261 0
232042 300 1
203989 341 0
149310 187 0
