18 18 25
485 571 170 183 924 160 217 634 408 875 350 504 441 447 634 76 900 987
350 627 181 865 14 230 175 191 401 76 644 419 769 234 736 50 978 456
718 930 739 175 395 35 619 290 278 538 261 454 22 229 753 893 604 906
352 423 5 48 327 668 329 798 456 960 439 148 575 300 490 365 260 853
728 321 71 223 422 492 698 119 145 407 839 574 527 203 75 183 495 596
729 987 321 867 373 83 120 911 232 682 924 166 741 19 974 398 834 462
937 781 687 468 716 702 90 218 464 958 592 910 981 829 857 660 256 117
462 468 102 235 119 930 215 604 897 975 838 688 542 709 682 330 277 447
116 766 745 435 344 32 851 865 611 515 537 272 817 620 495 459 162 634
166 357 375 267 165 87 661 755 847 487 141 674 160 693 599 587 458 870
682 6 733 769 854 937 875 684 558 281 598 283 208 336 396 14 642 342
97 37 452 298 891 857 159 742 19 997 713 913 803 879 6 904 208 603
103 548 602 905 224 843 601 243 196 655 641 301 834 901 923 505 619 307
722 58 987 135 513 805 489 5 385 252 942 971 50 586 67 864 390 884
459 23 413 99 942 807 559 230 761 709 369 502 85 808 549 609 981 859
301 140 550 662 694 402 53 269 475 719 253 304 602 674 914 750 965 252
471 978 248 479 519 649 240 239 551 321 654 475 342 338 845 505 466 695
714 978 105 826 781 861 724 773 781 737 925 620 200 850 143 114 726
219 922 444 498 958 666 43 799 628 873 1000 470 294 370 560 192 527
390 491 381 21 818 912 750 288 262 346 572 329 752 402 573 637 851
952 173 629 649 707 408 160 339 759 424 383 144 600 240 635 210 683
602 819 408 124 210 597 304 525 12 110 540 799 548 123 933 412 869
351 716 396 46 804 347 19 208 184 119 334 619 113 252 82 593 721
955 770 767 554 775 968 314 360 678 917 947 215 587 171 911 652 232
311 794 208 594 411 36 290 819 872 843 892 263 284 210 67 980 750
309 336 967 267 926 758 851 306 187 979 687 857 852 201 645 307 80
425 871 695 863 821 169 841 102 566 167 112 212 332 867 984 752 590
127 561 205 344 279 941 653 52 406 857 18 495 135 735 271 128 603
167 102 109 276 666 581 181 945 724 820 805 322 827 13 150 531 543
392 252 136 157 963 151 933 969 778 757 850 387 655 781 935 152 544
968 417 989 528 85 550 974 180 267 526 557 249 370 166 680 206 711
688 998 115 848 46 681 67 979 985 155 762 332 943 139 749 891 169
115 503 798 826 666 286 935 812 289 871 671 253 434 411 309 411 736
712 228 547 882 609 712 895 557 908 957 475 264 293 495 596 153 306
106 606 881 132 269 733 14 293 274 901 206 221 300 388 352 868 914
2
213187 10 1
468490 41 0
2
210778 59 1
821349 30 0
2
487414 45 1
358652 47 0
2
455702 70 1
472436 53 0
2
610185 36 1
460591 24 0
2
522503 56 1
442 68 0
2
588137 43 1
492015 23 0
2
950551 54 1
781512 47 0
2
799675 17 1
995767 69 0
2
959234 62 1
580011 47 0
2
24394 23 1
423318 8 0
2
103364 66 1
634550 24 0
2
364907 7 1
533737 15 0
2
331309 36 1
104346 8 0
2
842013 68 1
550916 35 0
2
317235 31 1
982557 39 0
2
349577 21 1
180662 25 0
2
426083 40 1
469831 31 0
2
861526 52 1
737244 47 0
2
228218 68 1
47088 7 0
2
360816 37 1
667389 59 0
2
545780 40 1
94221 9 0
2
201615 54 1
477251 50 0
2
743615 8 1
147505 1 0
2
735021 56 1
235561 66 0
