18 18 5
2113 7350 327 5949 776 6814 2150 4305 5168 3161 6588 9241 9962 685 3108 853 8628 6551
5379 4491 1149 8746 2348 8599 9581 2151 9867 9504 630 4293 1492 1014 7709 4501 7904 5053
602 5192 8196 3825 9660 3992 2537 4366 7053 864 2006 7991 2332 8825 6384 7874 192 8926
5667 405 8961 6796 904 2877 4711 7552 5083 9023 7096 5687 9068 1205 8515 1461 4757 3047
4825 1705 9286 3331 6490 561 4111 575 7395 9390 7324 9572 9791 2762 42 2058 9239 3345
7689 3991 6271 2906 5032 99 1525 6351 1427 7043 9143 5429 8582 8915 791 5060 3016 1445
7672 583 3370 2262 58 6791 8338 8734 3532 2372 979 4178 8033 8509 4932 5534 2225 3585
9141 8458 5468 3236 7858 6156 3087 1031 184 2093 8470 7268 1039 2402 3905 1693 3435 3896
2828 528 2202 2297 484 1479 527 933 2026 4172 6517 3566 62 7096 231 915 1045 7278
1183 5824 776 9784 4502 3186 630 449 7847 4856 1911 3510 8403 7491 4781 4768 5253 8238
7885 6765 2016 6490 7008 1231 2004 8348 3062 4370 3629 5628 3900 2134 9402 7737 4841 2002
2800 2215 944 8844 5954 9057 2411 1353 2199 2100 6359 5627 8913 2249 9032 6790 2317 4309
2021 3635 3936 8952 6217 6656 488 6855 7205 847 75 909 2347 3263 8337 1290 7170 6500
6098 8146 2541 2901 6548 213 4335 2073 8702 2892 2544 426 1548 6156 1656 6358 404 3598
3724 9222 8939 4160 3739 1620 383 1754 3331 4115 9980 1121 5296 2783 1446 6772 2301 1416
1291 3598 8377 4459 1753 7623 9934 3440 1189 9896 6801 3738 6529 6757 6355 1608 2304 4691
9428 932 4629 9756 8064 4500 2702 351 9845 5966 5664 3257 3579 593 3117 7862 3132 6331
3495 47 5414 9701 2081 3878 150 4692 4305 2681 5716 9777 6501 7459 1801 6685 4595
1593 2120 4516 6576 7569 4747 1956 8601 1826 7994 219 1450 5439 9198 3953 5628 161
546 5760 335 7798 4114 5062 3760 8418 1653 7184 2162 1981 1505 7388 6906 4686 5732
5965 3384 5090 8755 2984 1635 180 7968 1789 817 7827 6559 7562 6917 8403 6051 5420
2449 6657 6500 8831 7544 6166 1206 2375 1334 2569 7083 6807 9029 6381 1389 2028 4691
7517 9766 8448 5922 5559 962 7919 4799 5290 8468 3851 8757 9919 3647 1550 5535 9614
1153 2994 7513 5299 6025 3526 4281 7901 1955 77 8718 7528 7771 6487 9505 4949 2028
6299 3565 8757 8821 3877 1525 8235 5709 2155 9170 6991 2001 6160 2215 1039 9262 2564
9941 1961 9526 123 2450 3444 8679 5206 1839 9041 266 8852 3012 7253 8973 2072 5114
4572 5285 5422 4685 3764 7489 9312 3599 6915 1565 4719 3689 1258 4816 7893 7210 846
6094 5450 4259 5277 8171 5349 2275 5874 1426 3389 7939 3397 3631 4751 4133 6096 3839
5390 9850 9521 2875 7689 3717 9902 1009 3402 6892 8662 9339 3407 4937 2339 1351 9266
2044 31 6540 2791 5661 447 1970 1255 4720 1643 452 9002 8950 5020 1588 1897 3053
2887 8201 8997 759 8276 7890 6815 2448 5486 9340 3384 2536 5237 4014 1090 5378 2574
4402 8870 3401 1556 547 8051 9972 1462 8381 2790 3099 4896 1396 2202 5870 4740 7751
6680 571 4196 3781 5836 147 9589 933 9148 9467 9934 1306 298 5976 8488 7337 4488
8729 3412 9852 2308 8087 4513 9381 3143 2201 2403 9754 9621 4677 5532 1871 5363 2454
6209 2460 9291 8487 4759 1575 7888 4734 7281 1363 5868 7532 7140 8020 7022 5047 1081
13
845875 49 1
884832 20 0
368755 32 1
210371 39 0
878473 28 1
205244 70 0
462570 59 0
891283 5 1
579717 64 0
879775 63 1
223701 34 1
991431 67 0
767000 51 1
30
698144 48 0
128359 8 0
223440 40 0
874429 13 1
122495 68 1
269264 72 1
249336 54 0
562187 56 0
783861 36 1
819356 65 1
850191 14 0
669433 11 0
343834 20 1
452377 4 1
301274 41 1
125750 63 0
428186 32 0
207255 51 1
724825 58 0
285310 44 1
156452 50 1
529769 16 0
164620 18 1
199681 30 0
437050 37 1
120867 57 0
212666 71 0
722105 66 0
755044 23 1
945194 38 0
4
632053 1 0
878917 5 0
824659 3 1
725168 68 1
2
239406 35 1
169429 31 0
1
652315 36 1
