5 5 5
447123 655000 549922 934382 157911
50580 110219 732353 95460 976814
434346 882589 95377 989618 459116
511654 448051 789519 431195 577867
719735 39337 150219 891504
437883 46467 227084 965570
808592 736569 831845 948845
717674 762151 164993 994018
613682 57911 6651 531013
9
105858 4 1
544121 17 1
659270 19 1
86914 9 1
194993 13 0
37589 16 0
51324 11 0
483230 20 0
132077 5 1
15
862438 5 0
821808 11 0
899852 16 1
916678 15 0
33907 7 0
22842 4 1
209797 8 1
712442 3 0
862965 18 1
426384 17 0
728976 1 1
847879 6 0
341256 9 1
155912 14 1
708666 2 1
13
448845 10 1
940391 4 0
382414 2 0
740340 13 0
804171 16 0
8378 3 0
773761 5 0
490194 1 1
829484 15 0
550827 14 1
165433 9 0
636182 7 1
905156 6 0
12
725003 2 1
831760 14 0
328786 1 0
360113 16 0
914377 8 1
557957 3 1
29703 10 0
379218 11 1
481404 5 0
256553 4 0
514871 17 0
765177 9 1
1
50490 5 1
