18 18 25
2789 38010 20106 5263 21143 60077 13462 14538 61886 12913 27400 1282 44893 42883 37840 62001 25361 98316
51039 29024 57331 66210 26904 70718 21027 70705 99663 35154 43673 4589 71209 66809 71924 5554 26919 96076
67358 96517 3954 5884 58302 34388 60474 51032 68969 89338 84680 19787 21499 28370 13761 54708 3534 85916
83784 34501 16188 90253 97714 96295 97902 29655 93796 36709 54787 15268 25168 67551 58961 73311 11891 97802
71025 85767 59061 10228 22813 26356 39326 12025 74032 14831 71805 13889 71739 68872 86125 94685 60298 81754
10983 84787 6069 56928 16029 41318 51212 14918 25422 1503 595 5594 44501 31391 34454 42526 45108 51566
76246 83661 75582 56781 22406 48275 873 2244 84899 42280 223 74514 71152 39755 24110 5331 64737 81326
27975 35579 3179 40976 54030 11457 16360 17974 63368 65351 71920 87264 60490 98814 35533 70855 569 56509
96778 40311 2536 64122 2115 88396 70099 21920 41005 53984 3852 37374 79007 9110 9337 10968 95910 38193
48568 43547 24710 51868 85580 67772 98422 79974 33553 95110 99573 62118 65001 14245 54987 95968 42596 98461
27039 11479 45847 49692 60066 30217 89262 33431 55026 59550 20950 98198 35302 24515 35697 28624 11903 11596
96850 14711 83172 18066 75100 70494 87019 95515 86365 70514 24577 76082 13113 28803 47104 43027 1696 42003
32120 76518 81616 15366 23429 4771 56332 3099 16531 8352 85608 8695 64220 25638 95160 34090 71610 79950
61066 58872 60127 80875 47563 71962 26508 22043 81544 37317 7361 81316 80363 93861 24850 79363 68139 48349
23120 74296 75179 36644 81652 12666 68106 31782 98000 39821 90788 90919 20812 45093 14142 20485 66801 86491
40490 67280 17182 18826 72713 8047 57760 10794 90316 18435 60168 88118 43842 34157 61573 93721 18343 75053
30444 74983 3189 36578 38082 9489 86432 75123 91201 33367 32346 43804 72209 99064 81789 67393 59429 10689
11820 22717 16928 69062 97687 75744 56995 11053 84957 53112 7455 27637 34751 67927 73968 44928 65444
95164 89 76848 20381 56633 91882 62104 56447 75269 21862 85027 45740 89935 29268 65989 93209 82286
41366 7131 59926 71366 9307 90981 20196 25156 25591 59933 5085 31655 91500 39293 77314 57940 91139
45544 2800 20377 12884 32240 56377 77139 79664 97819 91287 72785 34664 97999 73780 98717 46818 41771
70012 17724 32440 17546 40055 17723 24548 91259 16363 53717 54071 39252 40025 44141 74649 76420 45563
44493 20512 42244 11972 32216 80985 13900 31686 3462 17354 41391 50349 19618 67379 71490 67230 16020
15515 93929 67312 56491 8921 83389 70350 6599 8841 44078 82648 88844 21012 65528 92569 45312 45315
3747 27800 26663 67268 29122 72499 38868 614 55560 12653 42346 87419 82299 24041 40021 83684 91705
55022 57984 50740 48053 38305 68405 40740 59205 39141 5833 98110 44595 40800 94161 30193 58909 21395
95031 60828 66183 83431 9517 92836 30489 12997 4269 36283 5615 58762 48811 60552 27928 63126 44667
72835 42624 8639 12610 37077 13021 48261 65093 82497 81326 61154 78989 61593 72462 72938 80567 40954
70769 22113 29939 99284 79470 36830 14741 92306 84697 19032 45360 78901 89261 4976 18584 38232 9227
75261 50673 14546 69275 52297 7131 69641 57719 74720 72982 49816 87857 11757 88873 51025 6129 28343
76462 96395 75309 9989 73260 81446 10553 51802 81458 55139 38340 1269 23102 77423 99316 12867 70041
99904 43292 68535 98336 36999 35737 68357 58295 7077 94889 77557 97080 35092 43499 60297 66224 17833
28895 5021 45571 16804 86940 33232 22461 57813 41502 39374 1755 78208 63062 52976 83650 33578 13093
5558 60734 82027 29394 9176 42224 75582 73656 84765 96388 68505 9514 57785 99095 96461 30194 17960
33243 48629 10095 26881 30969 62379 848 83049 13152 21229 52234 33448 33850 31563 48186 52815 99663
2
434647 12 1
49704 14 0
2
510088 4 1
272538 35 0
2
807237 36 1
81775 13 0
2
367429 39 1
590299 4 0
2
957132 39 1
339214 18 0
2
791353 6 1
673467 45 0
2
654879 37 1
635884 19 0
2
130285 29 1
137523 25 0
2
729601 41 1
984416 38 0
2
120314 52 1
976278 10 0
2
117941 16 1
242380 39 0
2
463997 4 1
664707 34 0
2
194895 64 1
187569 47 0
2
289983 62 1
468299 11 0
2
880327 4 1
31909 58 0
2
779463 57 1
631176 36 0
2
437042 60 1
914317 55 0
2
999173 23 1
964332 33 0
2
881058 9 1
56754 72 0
2
659872 63 1
289406 53 0
2
565848 72 1
968041 11 0
2
904509 50 1
837101 11 0
2
264377 39 1
722966 47 0
2
278575 71 1
548058 72 0
2
28680 13 1
466817 67 0
