18 18 5
513 896 298 716 599 513 835 402 871 525 835 237 133 2 348 343 929 525
523 827 178 970 579 438 624 368 539 397 832 802 44 451 712 417 383 770
65 526 120 930 786 653 846 454 948 442 472 553 929 494 124 857 854 807
409 706 975 444 162 806 195 393 605 250 937 987 856 491 6 725 300 990
610 567 30 200 238 759 86 95 507 323 949 248 716 202 244 121 406 405
133 318 100 92 203 414 16 898 493 646 442 298 33 939 685 714 215 1
7 858 258 840 658 391 559 245 826 778 990 402 822 429 756 599 746 857
742 490 872 251 267 252 319 271 948 902 870 520 26 593 369 356 665 689
704 295 595 981 850 871 206 5 163 742 671 319 573 805 94 368 156 617
745 495 679 604 822 61 531 81 580 208 935 47 291 711 994 149 769 890
900 261 560 951 543 475 936 638 263 943 466 782 746 66 177 896 227 779
796 144 784 676 179 676 847 974 831 742 157 250 967 905 823 206 115 247
634 362 10 270 997 657 255 105 307 407 214 872 950 257 727 779 762 508
271 695 157 181 807 376 967 396 13 87 660 667 104 237 128 83 959 185
884 822 422 444 471 699 521 438 114 252 132 333 864 131 89 638 645 843
833 171 121 910 160 18 883 345 992 867 762 341 77 365 835 139 371 20
469 858 672 500 309 97 832 643 329 585 489 767 967 511 972 70 195 17
895 338 104 40 167 372 385 953 528 500 767 238 734 455 70 586 472
824 114 687 568 39 751 566 107 612 526 345 777 415 111 721 755 316
534 508 105 945 725 396 693 192 934 446 574 358 610 589 996 749 454
508 269 884 977 605 126 559 621 965 862 452 395 560 498 415 517 628
925 603 293 451 99 634 998 82 18 646 609 448 761 700 916 669 712
619 380 782 491 520 813 761 272 758 439 187 831 369 784 306 105 266
517 28 800 765 162 460 381 21 740 279 729 871 699 805 264 652 279
951 212 707 5 575 284 650 807 414 645 274 554 10 416 958 323 625
67 532 646 596 281 254 690 573 973 966 408 486 556 478 784 538 118
784 913 584 869 898 319 578 788 797 44 560 627 530 430 202 504 240
870 431 940 182 138 283 324 287 561 706 272 360 404 856 424 410 482
452 626 692 393 608 443 391 701 653 539 908 513 784 705 818 697 802
104 301 288 714 292 99 624 948 694 734 583 908 131 751 69 115 735
218 314 741 500 542 567 273 73 706 619 715 178 372 456 673 780 663
401 230 248 718 60 896 496 770 197 295 418 687 989 727 447 54 767
609 651 913 984 338 632 525 252 191 317 158 753 125 69 223 365 710
327 548 370 959 571 167 55 236 302 657 27 597 779 303 949 721 208
603 614 856 317 286 621 89 223 873 928 136 134 917 911 905 914 29
28
916609 7 1
530490 18 0
228319 31 1
821329 56 0
797356 35 0
843951 20 1
124 49 0
448832 51 0
650614 22 0
878791 8 1
514572 59 0
304496 65 1
918519 47 0
919651 45 1
642558 61 1
474020 58 0
307788 15 1
312886 50 0
367591 11 0
880352 25 1
67986 19 1
645434 3 1
951982 6 1
712673 39 1
495520 23 0
365622 26 1
990627 38 1
621515 72 1
12
526901 6 1
586654 63 0
578163 22 1
913831 42 1
316572 34 1
172445 54 0
284554 39 0
336844 52 0
470721 33 1
595046 37 1
115954 28 1
889998 45 0
5
114807 59 1
362051 56 0
492252 18 0
804143 19 1
226912 68 1
2
724988 29 1
410293 38 0
3
600398 64 0
443290 34 1
77577 25 0
