18 18 25
793 544 890 839 202 465 199 871 540 617 907 278 653 929 89 848 600 405
428 573 709 840 38 530 535 362 730 128 233 682 475 636 855 170 985 606
868 960 497 963 969 892 587 492 819 949 710 787 399 470 124 995 210 758
364 400 791 378 493 677 688 652 977 421 255 593 64 49 84 467 925 141
901 742 417 906 747 274 326 804 51 861 28 754 562 326 876 940 204 346
816 306 492 108 210 594 272 138 852 483 140 663 343 563 795 409 961 741
846 916 592 813 53 704 175 842 854 369 132 616 854 951 491 39 271 602
42 214 636 465 644 148 208 435 514 438 760 813 808 571 14 904 992 868
114 122 496 845 981 174 2 379 795 855 16 133 631 104 253 889 597 937
537 12 24 523 833 440 170 372 498 266 181 250 823 549 986 638 738 768
292 159 195 231 281 125 489 89 890 626 42 494 329 813 13 371 541 534
108 753 519 551 191 832 330 337 1 708 511 410 679 844 437 893 943 441
446 256 731 974 669 886 523 537 557 146 219 164 48 294 929 189 36 506
842 610 911 965 648 573 185 520 916 367 691 832 6 865 981 382 157 400
160 804 269 666 976 323 71 200 942 153 636 78 542 0 128 891 756 598
491 944 378 106 429 490 568 773 588 908 794 438 165 165 733 260 565 506
301 701 836 87 555 160 923 962 581 244 692 971 100 122 70 482 692 170
319 64 577 692 408 347 687 122 490 338 438 507 10 169 308 409 679
608 528 486 534 408 191 770 294 506 128 662 773 500 564 403 249 386
381 18 811 154 326 241 768 492 237 179 828 410 957 825 312 96 328
395 256 745 334 427 698 286 10 347 456 859 720 984 50 251 379 196
625 803 596 98 425 503 943 636 379 286 626 74 679 944 106 542 335
201 90 248 543 60 779 53 603 827 362 578 442 563 694 578 519 803
263 955 648 804 581 995 792 407 373 209 765 495 416 30 874 525 629
820 567 530 673 834 133 112 264 98 770 204 822 305 321 746 422 983
183 238 565 516 72 757 539 316 553 14 802 919 658 597 2 458 804
403 756 901 720 692 152 524 860 950 671 367 680 389 255 129 159 140
1000 829 759 126 81 80 308 914 947 128 504 506 388 289 306 527 693
95 419 477 289 636 692 510 186 235 850 602 310 135 844 63 915 387
799 415 710 187 143 991 183 196 587 103 598 907 204 879 714 931 322
821 247 426 146 617 299 761 277 393 713 375 987 40 96 633 363 682
69 761 482 523 524 159 758 162 571 980 819 850 138 636 954 180 796
210 136 829 899 90 83 549 837 324 819 343 797 437 416 573 848 737
543 146 408 147 572 372 897 137 901 225 199 961 544 762 911 826 19
208 743 70 872 874 644 500 532 716 784 174 650 486 257 556 132 875
2
334247 11 1
956962 12 0
2
494296 58 1
662372 14 0
2
857126 19 1
790438 68 0
2
286448 37 1
668044 36 0
2
632167 7 1
916375 10 0
2
982985 14 1
868229 9 0
2
26276 50 1
519859 22 0
2
604144 37 1
180917 67 0
2
263169 19 1
646569 72 0
2
703955 61 1
44983 48 0
2
890760 41 1
421967 19 0
2
865091 42 1
8636 10 0
2
487452 43 1
984676 68 0
2
79658 6 1
651851 37 0
2
178875 9 1
882268 57 0
2
503763 70 1
597930 42 0
2
146726 57 1
804574 6 0
2
344056 63 1
290721 29 0
2
773529 34 1
739019 70 0
2
35931 62 1
333706 61 0
2
77552 61 1
548929 50 0
2
778687 63 1
835393 70 0
2
314580 36 1
469114 65 0
2
999756 68 1
904381 69 0
2
525852 1 1
61178 53 0
