996 123 234 2000
28 319 0
28 415 0
4 770 0
4 491 0
2 293 0
2 440 0
37 929 0
37 503 0
15 254 0
15 486 0
35 197 0
35 415 0
76 799 0
76 241 0
11 931 0
11 345 0
16 393 0
16 465 0
100 559 0
100 600 0
20 979 0
20 374 0
84 755 0
84 460 0
82 196 0
82 203 0
30 641 0
30 160 0
39 390 0
39 682 0
89 134 0
89 461 0
26 504 0
26 394 0
99 479 0
99 562 0
51 434 0
51 581 0
52 555 0
52 625 0
18 837 0
18 219 0
14 213 0
14 684 0
50 252 0
50 659 0
66 411 0
66 695 0
56 586 0
56 275 0
32 836 0
32 579 0
69 516 0
69 711 0
22 879 0
22 189 0
21 842 0
21 214 0
123 650 0
123 382 0
5 448 0
5 163 0
17 461 0
17 725 0
108 859 0
108 363 0
102 650 0
102 682 0
116 511 0
116 157 0
25 657 0
25 219 0
54 499 0
54 427 0
24 242 0
24 217 0
44 767 0
44 292 0
59 987 0
59 623 0
9 489 0
9 143 0
34 855 0
34 721 0
70 572 0
70 714 0
113 416 0
113 140 0
68 486 0
68 235 0
71 537 0
71 681 0
105 940 0
105 509 0
120 204 0
120 217 0
83 882 0
83 382 0
77 434 0
77 719 0
119 929 0
119 181 0
118 914 0
118 761 0
3 700 0
3 349 0
12 308 0
12 135 0
47 984 0
47 565 0
111 879 0
111 219 0
23 709 0
23 366 0
49 821 0
49 366 0
101 314 0
101 157 0
74 199 0
74 459 0
43 834 0
43 343 0
90 754 0
90 215 0
10 619 0
10 717 0
67 398 0
67 304 0
117 405 0
117 645 0
42 401 0
42 403 0
93 206 0
93 235 0
13 302 0
13 521 0
88 779 0
88 214 0
41 881 0
41 471 0
115 956 0
115 607 0
63 724 0
63 736 0
103 299 0
103 172 0
6 372 0
6 410 0
46 824 0
46 729 0
96 946 0
96 373 0
8 478 0
8 179 0
55 337 0
55 704 0
107 957 0
107 430 0
121 139 0
121 600 0
38 439 0
38 613 0
114 259 0
114 187 0
48 214 0
48 350 0
1 919 0
1 680 0
64 656 0
64 288 0
106 726 0
106 526 0
110 431 0
110 221 0
72 886 0
72 625 0
65 130 0
65 690 0
45 933 0
45 486 0
79 179 0
79 442 0
75 448 0
75 308 0
92 489 0
92 300 0
58 427 0
58 568 0
33 940 0
33 437 0
61 567 0
61 292 0
19 549 0
19 490 0
53 390 0
53 684 0
94 989 0
94 325 0
40 385 0
40 554 0
98 648 0
98 221 0
60 988 0
60 390 0
109 673 0
109 621 0
87 565 0
87 714 0
27 917 0
27 198 0
81 515 0
81 353 0
91 967 0
91 700 0
95 992 0
95 676 0
78 725 0
78 681 0
112 733 0
112 384 0
73 947 0
73 751 0
62 937 0
62 434 0
31 480 0
31 366 0
80 212 0
80 724 0
57 851 0
57 387 0
97 438 0
97 498 0
86 257 0
86 590 0
104 657 0
104 660 0
29 797 0
29 614 0
122 387 0
122 413 0
36 383 0
36 440 0
7 488 0
7 750 0
85 549 0
85 219 0
415 360 0
415 486 0
400 427 0
400 283 0
217 286 0
217 490 0
219 314 0
219 623 0
521 673 0
521 465 0
181 197 0
181 315 0
721 436 0
721 646 0
407 233 0
407 554 0
650 783 0
650 172 0
682 941 0
682 383 0
490 244 0
490 198 0
624 835 0
624 578 0
554 990 0
554 676 0
491 418 0
491 185 0
614 627 0
614 462 0
272 952 0
272 656 0
337 170 0
337 669 0
408 196 0
408 208 0
646 325 0
646 143 0
335 724 0
335 333 0
390 549 0
390 625 0
534 904 0
534 174 0
758 977 0
758 126 0
411 355 0
411 539 0
158 388 0
158 300 0
339 317 0
339 230 0
189 703 0
189 292 0
163 205 0
163 589 0
130 171 0
130 574 0
548 568 0
548 621 0
216 252 0
216 535 0
621 953 0
621 281 0
179 234 0
179 293 0
293 596 0
293 160 0
387 206 0
387 698 0
631 594 0
631 522 0
133 300 0
133 588 0
497 258 0
497 736 0
344 200 0
344 355 0
471 592 0
471 206 0
126 899 0
126 143 0
527 616 0
527 132 0
292 131 0
292 678 0
704 368 0
704 540 0
198 591 0
198 168 0
748 995 0
748 525 0
241 799 0
241 247 0
186 565 0
186 593 0
452 301 0
452 197 0
366 428 0
366 146 0
146 906 0
146 403 0
140 597 0
140 444 0
680 439 0
680 731 0
752 779 0
752 455 0
440 836 0
440 477 0
700 719 0
700 399 0
363 259 0
363 625 0
203 151 0
203 535 0
539 331 0
539 610 0
542 379 0
542 213 0
625 468 0
625 731 0
394 858 0
394 252 0
172 141 0
172 456 0
716 444 0
716 364 0
668 613 0
668 588 0
462 865 0
462 177 0
719 474 0
719 367 0
235 953 0
235 399 0
555 913 0
555 599 0
173 257 0
173 284 0
613 148 0
613 488 0
482 880 0
482 496 0
581 773 0
581 477 0
466 676 0
466 312 0
679 888 0
679 384 0
142 808 0
142 283 0
131 965 0
131 587 0
684 809 0
684 374 0
736 324 0
736 361 0
221 185 0
221 361 0
430 754 0
430 512 0
741 985 0
741 227 0
336 639 0
336 150 0
317 424 0
317 361 0
479 240 0
479 313 0
690 974 0
690 751 0
526 569 0
526 164 0
569 128 0
569 676 0
361 857 0
361 150 0
255 307 0
255 516 0
582 311 0
582 596 0
574 723 0
574 485 0
681 488 0
681 657 0
132 843 0
132 134 0
676 562 0
676 751 0
702 328 0
702 279 0
264 153 0
264 505 0
578 248 0
578 580 0
382 780 0
382 658 0
311 516 0
311 615 0
434 274 0
434 239 0
340 546 0
340 166 0
579 774 0
579 213 0
465 304 0
465 250 0
284 785 0
284 267 0
632 987 0
632 334 0
664 572 0
664 642 0
478 946 0
478 447 0
148 753 0
148 371 0
695 663 0
695 557 0
298 693 0
298 460 0
460 308 0
460 692 0
530 727 0
530 124 0
214 588 0
214 353 0
675 505 0
675 473 0
157 729 0
157 201 0
687 250 0
687 266 0
489 320 0
489 484 0
562 836 0
562 588 0
259 209 0
259 232 0
711 591 0
711 706 0
213 314 0
213 660 0
599 372 0
599 505 0
201 857 0
201 240 0
269 338 0
269 790 0
522 356 0
522 475 0
331 327 0
331 754 0
447 176 0
447 607 0
401 797 0
401 413 0
509 616 0
509 647 0
174 308 0
174 388 0
496 740 0
496 706 0
166 251 0
166 623 0
588 703 0
588 551 0
379 510 0
379 162 0
677 685 0
677 247 0
355 503 0
355 692 0
321 828 0
321 162 0
551 957 0
551 459 0
315 473 0
315 299 0
188 432 0
188 150 0
657 575 0
657 209 0
442 170 0
442 287 0
369 859 0
369 693 0
247 895 0
247 622 0
300 626 0
300 510 0
751 391 0
751 197 0
353 951 0
353 486 0
283 991 0
283 603 0
692 308 0
692 239 0
271 134 0
271 706 0
403 824 0
403 556 0
623 261 0
623 386 0
557 802 0
557 399 0
445 354 0
445 701 0
278 323 0
278 202 0
505 184 0
505 749 0
486 310 0
486 568 0
647 319 0
647 410 0
160 487 0
160 761 0
275 537 0
275 575 0
304 962 0
304 729 0
281 875 0
281 220 0
516 246 0
516 209 0
386 891 0
386 159 0
273 473 0
273 483 0
596 785 0
596 573 0
506 762 0
506 207 0
706 909 0
706 202 0
399 780 0
399 265 0
499 510 0
499 276 0
654 154 0
654 345 0
350 964 0
350 665 0
673 954 0
673 308 0
583 705 0
583 483 0
714 761 0
714 454 0
663 282 0
663 656 0
454 919 0
454 546 0
410 641 0
410 207 0
230 750 0
230 364 0
553 204 0
553 669 0
640 718 0
640 723 0
477 934 0
477 381 0
659 827 0
659 484 0
761 420 0
761 514 0
535 903 0
535 373 0
288 994 0
288 713 0
195 404 0
195 191 0
750 660 0
750 759 0
162 917 0
162 559 0
427 698 0
427 670 0
202 541 0
202 501 0
384 800 0
384 197 0
546 504 0
546 607 0
207 876 0
207 413 0
459 858 0
459 619 0
228 781 0
228 227 0
461 309 0
461 446 0
393 402 0
393 373 0
568 607 0
568 744 0
373 701 0
373 295 0
537 938 0
537 703 0
364 961 0
364 274 0
725 923 0
725 469 0
200 531 0
200 267 0
693 882 0
693 268 0
161 782 0
161 167 0
531 419 0
531 524 0
483 413 0
483 450 0
438 685 0
438 248 0
525 347 0
525 577 0
365 144 0
365 354 0
383 775 0
383 759 0
432 319 0
432 322 0
556 451 0
556 381 0
299 863 0
299 639 0
759 833 0
759 197 0
472 914 0
472 484 0
723 226 0
723 287 0
615 536 0
615 480 0
662 307 0
662 388 0
645 412 0
645 597 0
316 417 0
316 253 0
215 818 0
215 224 0
159 187 0
159 464 0
754 287 0
754 448 0
735 660 0
735 276 0
306 665 0
306 426 0
239 183 0
239 248 0
604 874 0
604 701 0
226 825 0
226 607 0
620 713 0
620 731 0
573 868 0
573 627 0
655 156 0
655 295 0
641 801 0
641 603 0
561 602 0
561 715 0
276 329 0
276 611 0
670 402 0
670 666 0
409 849 0
409 503 0
481 256 0
481 291 0
731 295 0
731 703 0
744 678 0
744 737 0
643 970 0
643 167 0
656 920 0
656 607 0
498 826 0
498 510 0
381 713 0
381 318 0
738 710 0
738 757 0
485 439 0
485 135 0
308 749 0
308 455 0
501 924 0
501 243 0
267 493 0
267 322 0
600 622 0
600 685 0
374 843 0
374 397 0
274 541 0
274 717 0
545 660 0
545 150 0
510 254 0
510 686 0
345 528 0
345 450 0
469 797 0
469 484 0
252 805 0
252 246 0
592 955 0
592 457 0
413 870 0
413 261 0
512 351 0
512 211 0
484 218 0
484 341 0
222 476 0
222 377 0
334 199 0
334 376 0
191 710 0
191 760 0
360 467 0
360 669 0
182 869 0
182 637 0
603 338 0
603 685 0
733 494 0
733 495 0
194 192 0
194 563 0
627 837 0
627 468 0
322 279 0
322 543 0
703 439 0
703 342 0
580 793 0
580 206 0
514 770 0
514 633 0
397 277 0
397 227 0
450 844 0
450 295 0
243 357 0
243 701 0
238 712 0
238 266 0
134 927 0
134 347 0
253 850 0
253 125 0
187 330 0
187 560 0
376 464 0
376 240 0
412 129 0
412 441 0
341 282 0
341 371 0
314 618 0
314 611 0
637 899 0
637 168 0
246 920 0
246 433 0
660 470 0
660 476 0
722 286 0
722 607 0
245 248 0
245 595 0
205 180 0
205 575 0
685 208 0
685 175 0
708 528 0
708 441 0
605 785 0
605 547 0
354 602 0
354 689 0
319 978 0
319 425 0
144 467 0
144 295 0
610 794 0
610 426 0
473 310 0
473 630 0
488 889 0
488 446 0
617 184 0
617 594 0
233 847 0
233 533 0
431 395 0
431 457 0
633 199 0
633 943 0
237 726 0
237 595 0
266 594 0
266 388 0
190 707 0
190 212 0
658 878 0
658 349 0
504 263 0
504 236 0
150 881 0
150 196 0
455 792 0
455 402 0
402 902 0
402 310 0
451 878 0
451 333 0
414 211 0
414 464 0
377 726 0
377 303 0
665 349 0
665 547 0
464 792 0
464 500 0
323 507 0
323 511 0
678 812 0
678 570 0
164 929 0
164 601 0
622 793 0
622 577 0
607 661 0
607 742 0
227 913 0
227 538 0
143 970 0
143 125 0
520 549 0
520 285 0
701 882 0
701 575 0
669 467 0
669 749 0
595 584 0
595 139 0
683 576 0
683 921 0
636 258 0
636 370 0
305 422 0
305 717 0
197 180 0
197 674 0
167 128 0
167 145 0
333 326 0
333 642 0
312 899 0
312 746 0
433 977 0
433 869 0
192 809 0
192 156 0
178 819 0
178 420 0
168 559 0
168 149 0
149 765 0
149 136 0
367 869 0
367 876 0
426 648 0
426 576 0
368 832 0
368 420 0
642 966 0
642 342 0
441 177 0
441 223 0
206 881 0
206 713 0
468 444 0
468 467 0
388 732 0
388 249 0
749 789 0
749 449 0
456 718 0
456 170 0
236 590 0
236 359 0
136 844 0
136 729 0
543 769 0
543 718 0
538 351 0
538 671 0
325 262 0
325 715 0
371 854 0
371 920 0
495 183 0
495 608 0
717 786 0
717 279 0
611 949 0
611 294 0
425 771 0
425 240 0
380 285 0
380 585 0
240 421 0
240 729 0
295 487 0
295 577 0
139 845 0
139 513 0
593 883 0
593 463 0
585 287 0
585 612 0
443 651 0
443 612 0
279 743 0
279 638 0
674 947 0
674 878 0
570 763 0
570 944 0
729 602 0
729 270 0
457 882 0
457 474 0
420 794 0
420 697 0
753 254 0
753 639 0
286 302 0
286 260 0
746 176 0
746 715 0
125 229 0
125 541 0
248 908 0
248 417 0
575 294 0
575 742 0
511 630 0
511 349 0
370 630 0
370 229 0
688 378 0
688 667 0
601 689 0
601 424 0
523 893 0
523 639 0
639 686 0
639 598 0
449 855 0
449 533 0
630 904 0
630 294 0
185 747 0
185 712 0
730 905 0
730 129 0
638 982 0
638 618 0
567 141 0
567 287 0
209 474 0
209 544 0
689 798 0
689 342 0
287 328 0
287 309 0
211 840 0
211 183 0
560 494 0
560 794 0
446 475 0
446 307 0
533 755 0
533 356 0
294 742 0
294 667 0
463 135 0
463 262 0
513 177 0
513 184 0
500 507 0
500 396 0
183 564 0
183 260 0
220 318 0
220 359 0
285 901 0
285 270 0
349 262 0
349 147 0
258 234 0
258 474 0
270 866 0
270 357 0
254 661 0
254 328 0
135 742 0
135 153 0
745 175 0
745 177 0
475 978 0
475 291 0
760 941 0
760 291 0
743 966 0
743 307 0
372 869 0
372 128 0
571 480 0
571 577 0
307 476 0
307 616 0
147 813 0
147 375 0
212 138 0
212 218 0
686 771 0
686 196 0
208 818 0
208 175 0
184 359 0
184 724 0
541 938 0
541 590 0
616 458 0
616 474 0
563 290 0
563 424 0
224 619 0
224 170 0
232 786 0
232 648 0
196 811 0
196 332 0
715 720 0
715 155 0
249 948 0
249 762 0
718 598 0
718 170 0
594 807 0
594 389 0
661 989 0
661 268 0
448 416 0
448 332 0
694 945 0
694 385 0
145 883 0
145 458 0
503 799 0
503 234 0
726 981 0
726 332 0
589 332 0
589 290 0
618 329 0
618 358 0
540 822 0
540 261 0
713 524 0
713 262 0
742 696 0
742 732 0
391 865 0
391 728 0
141 985 0
141 346 0
598 825 0
598 651 0
153 858 0
153 406 0
342 972 0
342 405 0
313 903 0
313 868 0
619 976 0
619 421 0
309 935 0
309 732 0
671 280 0
671 302 0
171 938 0
171 536 0
651 302 0
651 566 0
587 385 0
587 154 0
737 939 0
737 709 0
536 263 0
536 724 0
474 923 0
474 428 0
261 672 0
261 362 0
204 378 0
204 564 0
528 919 0
528 707 625232492
328 346 0
328 362 0
265 330 0
265 282 0
218 798 0
218 234 0
712 994 0
712 705 0
476 422 0
476 417 0
597 862 0
597 492 0
268 916 0
268 417 0
565 151 0
565 734 0
124 980 0
124 242 0
608 493 0
608 602 0
732 326 0
732 552 0
480 927 0
480 928 0
547 841 0
547 346 0
291 137 0
291 346 0
129 590 0
129 302 0
697 849 0
697 436 0
302 152 0
302 257 0
262 418 0
262 151 0
332 790 0
332 727 0
648 720 0
648 277 0
421 983 0
421 193 0
177 975 0
177 644 0
424 888 0
424 225 0
564 854 0
564 861 0
436 326 0
436 502 0
156 967 0
156 612 0
242 812 0
242 653 0
552 310 0
552 507 0
710 532 0
710 260 0
257 806 0
257 971 0
577 260 0
577 757 0
396 724 0
396 518 0
566 351 0
566 348 0
417 833 0
417 507 0
529 223 0
529 576 0
612 494 0
612 389 0
358 210 0
358 256 0
524 884 0
524 250 0
395 796 0
395 756 0
437 957 0
437 435 0
518 932 0
518 231 0
256 875 0
256 297 0
747 544 0
747 210 0
346 707 0
346 176 0
406 154 0
406 515 0
356 813 0
356 590 0
359 889 0
359 458 0
223 864 0
223 606 0
175 231 0
175 193 0
734 199 0
734 244 0
327 755 0
327 290 0
435 970 0
435 994 0
260 826 0
260 422 0
128 996 0
128 707 0
634 950 0
634 225 0
606 439 0
606 351 0
343 985 0
343 199 0
724 810 0
724 251 0
458 961 0
458 428 0
326 849 0
326 444 0
544 416 0
544 154 0
467 558 0
467 707 0
170 907 0
170 626 0
590 870 0
590 352 0
347 974 0
347 667 0
225 922 0
225 854 0
352 995 0
352 392 0
282 934 0
282 375 0
324 980 0
324 532 0
289 877 0
289 493 0
416 807 0
416 727 0
602 870 0
602 169 0
423 777 0
423 428 0
470 849 0
470 820 0
277 652 0
277 790 0
193 782 0
193 576 0
493 572 0
493 649 0
418 879 0
418 666 0
649 881 0
649 515 0
667 392 0
667 137 0
626 921 0
626 296 0
398 404 0
398 644 0
155 781 0
155 862 0
318 993 0
318 767 0
755 956 0
755 329 0
419 968 0
419 757 0
709 492 0
709 301 0
666 907 0
666 896 0
757 635 0
757 453 0
705 769 0
705 330 0
176 833 0
176 392 0
362 720 0
362 517 0
290 584 0
290 303 0
507 138 0
507 297 0
429 889 0
429 943 0
169 797 0
169 210 0
609 696 0
609 385 0
739 847 0
739 629 0
389 385 0
389 762 0
127 961 0
127 774 0
210 830 0
210 250 0
404 913 0
404 234 0
405 920 0
405 532 0
762 154 0
762 803 0
385 852 0
385 549 0
348 584 0
348 515 0
576 836 0
576 892 0
244 882 0
244 231 0
707 728 0
707 301 0
444 819 0
444 422 0
231 852 0
231 251 0
351 899 0
351 151 0
234 874 0
234 519 0
297 939 0
297 532 0
727 836 0
727 453 0
740 329 0
740 137 0
250 320 0
250 549 0
629 884 0
629 550 0
296 912 0
296 635 0
519 943 0
519 422 0
137 844 0
137 953 0
375 672 0
375 378 0
728 492 0
728 515 0
487 875 0
487 251 0
550 895 0
550 357 0
532 917 0
532 517 0
428 767 0
428 947 0
558 807 0
558 635 0
591 925 0
591 916 0
303 920 0
303 847 0
691 831 0
691 165 0
151 847 0
151 898 0
229 993 0
229 494 0
338 881 0
338 635 0
392 586 0
392 515 0
720 926 0
720 776 0
357 453 0
357 422 0
635 770 0
635 915 0
644 769 0
644 916 0
653 549 0
653 310 0
453 779 0
453 696 0
628 866 0
628 572 0
330 932 0
330 439 0
559 901 0
559 138 0
320 801 0
320 572 0
439 871 0
439 974 0
699 778 0
699 672 0
508 378 0
508 878 0
263 995 0
263 492 0
515 931 0
515 881 0
280 829 0
280 832 0
492 834 0
492 154 0
422 971 0
422 502 0
154 880 0
154 994 0
502 836 0
502 824 0
165 807 0
165 854 0
698 864 0
698 152 0
251 936 0
251 378 0
756 985 0
756 815 0
517 939 0
517 572 0
378 850 0
378 926 0
301 815 0
301 953 0
572 773 0
572 806 0
652 777 0
652 785 0
152 939 0
152 921 0
180 952 0
180 910 0
696 828 0
696 869 0
584 993 0
584 839 0
586 887 0
586 960 0
672 852 0
672 856 0
199 785 0
199 932 0
310 766 0
310 549 0
549 995 0
549 835 0
138 924 0
138 832 0
494 818 0
494 770 0
329 963 0
329 940 0
23 400 0
91 407 0
100 624 0
32 272 0
100 408 0
76 335 0
96 534 0
335 758 0
88 158 0
491 339 0
35 548 0
121 216 0
407 631 0
52 133 0
621 497 0
548 344 0
98 527 0
97 748 0
2 186 0
471 452 0
22 752 0
113 542 0
42 716 0
241 668 0
45 173 0
292 482 0
13 466 0
112 679 0
679 142 0
452 741 0
9 336 0
539 255 0
255 582 0
198 702 0
118 264 0
38 340 0
526 632 0
440 664 0
75 298 0
460 530 0
490 675 0
12 687 0
11 269 0
337 677 0
27 321 0
317 188 0
121 369 0
9 271 0
166 445 0
101 278 0
704 273 0
140 506 0
91 654 0
255 583 0
522 553 0
105 640 0
12 195 0
3 228 0
69 161 0
650 365 0
335 472 0
104 662 0
673 316 0
534 735 0
399 306 0
384 604 0
90 620 0
281 655 0
24 561 0
61 409 0
509 481 0
677 643 0
55 738 0
655 545 0
394 222 0
491 182 0
411 194 0
452 238 0
486 722 0
350 245 0
692 708 0
695 605 0
350 617 0
61 237 0
655 190 0
379 414 0
733 520 0
505 683 0
133 636 0
704 305 0
409 178 0
663 380 0
47 443 0
238 688 0
433 523 0
98 730 0
325 745 0
711 571 0
751 694 0
408 529 0
267 634 0
661 289 0
5 423 0
191 429 0
541 609 0
133 739 0
469 127 0
294 691 0
393 628 0
244 699 0
159 508 0
35 814 0
711 930 0
367 986 0
270 791 0
438 867 0
354 784 0
529 900 0
293 969 0
89 897 0
309 958 0
601 885 0
584 846 0
535 872 0
412 804 0
394 817 0
36 911 0
245 918 0
398 772 0
281 942 0
60 768 0
669 795 0
289 890 0
629 860 0
190 787 0
17 873 0
487 764 0
147 848 0
700 838 0
359 973 0
112 788 0
270 816 0
156 959 0
29 853 0
422 894 0
541 823 0
302 850 0
302 941 0
302 802 0
302 787 0
302 822 0
302 776 0
302 739 0
302 532 0
302 856 0
302 242 0
302 263 0
302 946 0
302 812 0
302 590 0
302 933 0
302 606 0
302 780 0
302 890 0
302 967 0
302 836 0
302 724 0
302 963 0
302 793 0
302 892 0
302 855 0
302 591 0
302 813 0
302 948 0
302 879 0
302 880 0
302 889 0
302 310 0
302 552 0
302 524 0
302 849 0
302 223 0
302 930 0
302 794 0
372 887 0
372 808 0
372 985 0
372 972 0
372 223 0
372 771 0
372 768 0
372 988 0
372 860 0
372 841 0
372 792 0
372 302 0
372 916 0
372 541 0
372 775 0
372 129 0
372 672 0
372 594 0
372 740 0
372 515 0
372 932 0
372 879 0
372 710 0
372 234 0
372 756 0
372 652 0
372 949 0
372 863 0
372 897 0
372 882 0
372 825 0
372 418 0
372 898 0
372 857 0
372 301 0
372 563 0
372 824 0
372 608 0
372 196 0
372 778 0
372 346 0
372 913 0
372 938 0
372 995 0
372 838 0
372 883 0
372 877 0
372 591 0
372 773 0
372 310 0
372 424 0
372 903 0
372 856 0
372 755 0
372 124 0
372 757 0
372 330 0
372 881 0
372 920 0
372 619 0
372 925 0
372 244 0
372 798 0
372 973 0
372 951 0
372 979 0
372 734 0
372 912 0
372 671 0
372 635 0
372 959 0
372 739 0
372 519 0
372 788 0
372 392 0
372 994 0
372 784 0
372 280 0
372 878 0
372 791 0
372 155 0
372 224 0
372 470 0
372 480 0
372 849 0
372 780 0
372 793 0
372 817 0
372 439 0
372 801 0
372 629 0
372 153 0
372 589 0
372 398 0
372 831 0
372 993 0
372 559 0
372 732 0
372 649 0
372 653 0
372 565 0
372 814 0
372 820 0
372 544 0
372 829 0
372 964 0
372 493 0
372 260 0
372 828 0
372 966 0
372 686 0
372 184 0
372 896 0
372 794 0
372 924 0
372 921 0
372 357 0
372 989 0
372 249 0
372 779 0
372 169 0
372 763 0
372 487 0
372 830 0
372 927 0
372 626 0
372 894 0
372 937 0
372 265 0
273 872 0
273 577 0
273 449 0
273 933 0
273 192 0
273 951 0
273 865 0
273 845 0
273 611 0
273 941 0
273 560 0
273 691 0
273 778 0
273 892 0
273 559 0
273 224 0
273 528 0
273 993 0
273 797 0
273 143 0
273 779 0
273 129 0
273 461 0
273 563 0
273 236 0
273 867 0
273 378 0
273 834 0
273 780 0
273 541 0
273 472 0
273 233 0
273 589 0
273 979 0
273 371 0
273 903 0
273 165 0
273 726 0
273 552 0
273 973 0
273 640 0
273 498 0
273 855 0
273 436 0
273 404 0
273 550 0
273 438 0
273 658 0
273 961 0
273 360 0
273 570 0
273 396 0
273 469 0
273 873 0
273 200 0
273 935 0
273 495 0
273 320 0
273 136 0
273 240 0
273 930 0
273 842 0
273 238 0
273 538 0
273 655 0
273 932 0
273 313 0
273 375 0
273 610 0
273 164 0
273 481 0
273 945 0
273 176 0
273 178 0
273 683 0
273 294 0
273 575 0
273 639 0
273 819 0
273 755 0
273 762 0
273 856 0
273 266 0
273 141 0
273 338 0
273 182 0
273 439 0
273 707 0
273 981 0
273 549 0
273 349 0
273 135 0
78 577 0
78 427 0
78 900 0
78 620 0
78 819 0
78 875 0
78 579 0
78 265 0
78 309 0
78 730 0
78 977 0
78 879 0
78 272 0
78 906 0
78 968 0
78 728 0
78 352 0
154 776 0
154 814 0
154 847 0
154 923 0
154 979 0
154 977 0
154 915 0
154 932 0
154 843 0
154 824 0
154 872 0
154 805 0
154 964 0
154 920 0
154 850 0
154 988 0
154 800 0
515 950 0
515 860 0
515 786 0
515 891 0
333 756 0
333 152 0
333 910 0
333 897 0
333 840 0
333 815 0
333 823 0
13 411 0
13 403 0
13 892 0
13 481 0
13 645 0
13 647 0
13 815 0
13 421 0
13 910 0
13 317 0
180 769 0
180 770 0
180 768 0
180 972 0
180 954 0
180 913 0
180 985 0
180 976 0
744 565 0
587 937 0
587 885 0
587 818 0
587 362 0
587 356 0
587 515 0
587 296 0
