2000 999760268
9 633
26 420
45 740
28 691
41 325
33 997
17 48
7 84
24 8
16 1
35 447
21 532
10 953
45 946
3 750
21 98
13 287
33 161
41 163
0 955
5 702
16 92
42 194
15 544
25 481
6 160
33 576
11 680
5 716
46 627
47 626
19 637
40 861
35 603
34 363
46 859
3 129
27 700
10 510
0 883
3 54
5 569
43 940
24 570
24 415
27 705
14 378
13 860
21 774
12 247
46 781
31 92
1 970
30 644
28 952
25 152
17 742
18 842
46 669
0 878
13 973
25 523
36 825
44 445
47 804
39 286
47 153
8 364
16 412
24 818
12 406
29 276
19 653
16 184
44 904
10 151
29 671
44 182
42 251
0 887
44 102
11 858
33 249
6 611
2 160
29 853
12 563
23 738
40 193
35 518
27 368
7 217
48 636
13 877
48 625
18 234
23 513
20 837
18 743
0 544
24 222
14 578
49 95
40 506
2 613
14 451
49 303
32 965
46 567
19 644
17 966
32 3
4 811
32 979
14 842
44 330
21 485
14 230
30 344
0 548
33 701
50 578
15 150
40 429
48 744
33 718
2 888
29 905
47 208
22 815
20 18
46 491
44 592
35 2
42 797
20 933
37 990
4 163
42 418
0 657
35 931
23 314
5 854
5 162
24 34
16 9
15 76
31 363
11 19
28 510
7 545
5 931
42 858
11 674
13 109
5 910
41 505
34 496
15 339
0 725
10 782
2 237
47 758
4 971
2 884
24 222
21 956
19 653
46 914
5 340
31 898
8 904
46 1
27 794
40 808
33 770
42 650
2 835
49 634
0 796
16 741
35 317
44 26
29 220
28 889
9 252
47 263
3 45
30 547
14 170
50 379
7 13
43 508
34 771
10 884
23 972
11 938
6 174
30 895
0 993
14 769
39 744
30 850
31 885
38 961
44 625
38 474
49 411
39 170
31 471
13 619
44 218
9 679
38 503
37 165
13 103
4 820
14 428
25 283
0 696
28 299
47 171
17 913
32 157
9 62
20 252
31 363
11 130
32 204
18 208
12 419
9 186
34 210
8 209
27 414
14 604
40 63
23 253
42 297
0 388
26 201
23 755
49 260
46 825
13 561
18 804
26 2
35 845
21 207
13 384
37 94
19 269
14 194
24 501
43 797
39 42
23 610
37 279
27 458
0 519
46 967
30 137
35 210
17 532
41 467
27 356
42 926
26 496
17 487
10 360
33 65
27 806
35 768
11 419
21 136
17 775
47 76
14 101
38 445
0 867
15 938
26 915
38 273
6 937
39 636
36 144
43 261
43 746
9 364
14 582
9 51
33 87
44 986
21 339
25 444
16 519
45 82
5 237
31 892
0 411
26 290
38 168
26 308
27 604
29 95
28 300
45 250
30 456
31 263
9 246
50 876
36 647
8 862
48 106
24 222
42 795
21 459
20 429
26 794
0 497
43 207
20 575
20 523
18 65
6 184
21 143
47 436
49 746
25 816
1 954
38 996
23 336
16 924
24 498
15 362
9 135
29 984
5 267
12 484
0 973
32 747
36 300
50 105
50 559
50 890
37 142
6 556
36 747
20 805
21 488
33 647
4 898
29 355
11 777
46 227
8 716
1 946
32 100
41 743
0 191
21 339
27 328
3 223
23 49
17 96
35 694
16 435
13 144
31 645
29 600
20 8
37 126
47 486
19 124
24 770
29 740
40 997
18 425
35 458
0 681
22 160
49 629
3 834
14 720
35 787
46 222
1 45
28 765
4 564
50 288
44 910
21 562
26 921
13 249
6 334
13 761
16 559
23 994
15 960
0 448
12 545
16 378
41 190
4 774
24 499
2 44
16 791
41 514
2 466
28 366
17 490
12 898
43 950
45 773
5 269
39 841
31 923
48 928
21 627
0 739
2 367
14 865
47 710
9 638
44 751
18 451
22 901
4 570
36 642
24 719
44 749
6 196
25 877
1 707
18 767
46 141
12 154
9 33
16 606
0 17
49 824
13 621
13 590
39 664
6 416
23 542
41 810
15 415
33 600
21 805
48 816
26 74
48 41
25 900
37 35
41 61
35 656
38 852
19 670
0 395
6 563
18 995
35 762
7 998
4 368
21 561
37 898
8 660
4 766
43 839
21 165
37 438
23 171
29 454
3 93
41 422
48 392
41 458
18 989
0 94
41 278
3 731
39 711
26 320
3 287
50 444
2 691
27 194
21 772
20 106
46 875
48 427
32 867
27 308
11 849
29 186
30 798
46 332
18 925
0 735
2 974
46 258
41 630
28 642
32 750
47 468
26 762
15 527
25 492
23 975
1 46
35 237
13 136
19 663
43 752
34 189
15 280
36 675
39 488
0 376
35 963
10 872
26 806
40 731
3 103
42 243
39 985
1 567
19 88
12 948
2 700
7 311
24 669
36 959
48 876
9 142
43 90
49 621
28 799
0 249
36 172
24 958
44 192
48 892
19 660
25 780
32 696
19 42
29 689
13 973
1 549
10 285
44 523
11 791
39 492
24 556
12 854
45 144
16 258
0 449
46 537
14 110
33 828
29 1
12 210
8 662
25 749
33 7
22 293
27 889
39 82
33 809
37 60
1 619
37 0
48 302
48 593
38 16
7 121
0 876
36 888
26 410
43 576
29 666
2 998
19 63
49 713
38 984
21 296
41 76
32 395
17 504
48 710
34 669
24 308
3 985
25 296
41 935
39 103
0 864
42 675
19 684
48 469
15 959
50 864
32 780
18 124
19 258
23 268
22 516
1 417
19 358
15 753
30 516
18 589
7 348
4 623
40 426
42 56
0 575
42 994
39 451
14 377
18 460
12 2
45 878
14 849
3 16
26 312
27 312
4 294
12 288
43 480
43 619
42 434
45 188
41 296
18 556
10 37
0 367
7 828
41 128
14 781
1 955
11 524
41 112
41 242
50 594
7 735
19 271
26 817
30 701
24 697
36 962
16 601
35 776
7 689
2 360
32 864
0 495
17 841
19 302
35 557
48 480
28 41
19 31
5 773
37 786
4 730
14 959
40 657
33 921
3 579
39 946
42 903
33 561
26 249
31 588
35 172
0 754
23 294
13 663
10 253
3 442
8 52
19 310
10 927
33 500
44 939
38 339
5 350
3 262
34 975
43 667
18 547
40 711
31 147
30 275
20 964
0 744
7 642
43 200
4 520
30 25
27 560
23 971
42 184
28 432
4 488
8 761
11 70
2 507
44 100
27 263
49 674
41 132
13 135
3 832
5 477
0 505
42 878
17 249
26 704
34 879
39 52
16 173
2 534
34 771
41 732
11 669
30 122
19 470
31 553
34 957
2 917
32 487
13 848
2 200
43 724
0 51
33 285
11 385
5 840
46 403
48 92
7 146
23 76
18 766
10 178
46 991
40 647
24 711
4 38
11 850
25 437
10 960
3 321
46 859
14 483
0 113
6 677
7 567
31 623
31 70
10 302
30 2
34 545
45 214
39 79
36 338
2 89
6 715
38 565
42 730
38 866
30 833
23 985
45 242
40 594
0 27
50 430
1 37
5 382
8 928
48 66
10 645
25 175
42 53
21 993
23 974
32 668
49 286
50 12
28 282
9 855
27 16
35 246
17 292
5 934
0 379
19 843
1 174
19 315
11 600
25 624
38 593
4 425
21 67
16 876
5 906
9 932
28 221
29 381
11 402
36 652
42 665
40 190
1 612
22 41
0 521
9 899
30 597
42 950
33 439
46 267
18 442
9 781
17 222
40 570
24 476
2 759
49 78
18 180
50 644
46 379
31 387
1 591
46 783
36 480
0 232
42 832
40 689
32 241
47 562
37 144
32 817
27 998
35 335
33 185
19 219
2 288
32 37
14 109
7 468
33 558
21 735
33 176
7 111
50 486
0 163
21 855
27 811
5 137
18 282
11 48
48 561
18 334
42 968
4 627
19 609
40 502
29 446
23 136
24 95
4 98
31 511
44 76
41 657
37 542
0 34
15 573
23 552
10 181
6 495
35 474
6 356
42 275
23 821
1 163
34 765
15 619
40 318
7 294
13 720
30 171
35 575
12 674
12 337
17 947
0 207
35 743
11 738
28 535
15 445
34 319
33 31
39 564
13 52
32 758
9 891
12 712
6 579
35 207
20 118
25 268
9 429
43 604
33 753
45 879
0 299
33 154
32 143
9 947
34 830
21 882
24 676
4 265
16 275
40 1
14 556
19 623
14 975
13 222
31 298
18 894
30 413
41 519
9 580
10 244
0 790
38 253
37 455
39 573
12 125
23 163
4 694
50 590
29 431
32 954
39 263
11 180
9 104
1 366
39 979
48 885
46 524
35 460
24 965
34 723
0 55
50 989
33 916
10 988
14 867
8 43
48 714
15 677
46 113
40 113
6 136
7 428
25 682
8 485
12 615
41 126
23 162
10 396
44 597
14 820
0 967
14 837
49 65
48 613
7 299
10 917
7 102
30 476
5 249
32 310
1 600
4 531
45 775
12 607
8 709
23 886
21 680
38 88
47 514
8 550
0 978
38 123
19 657
4 236
24 41
4 494
24 616
8 183
26 629
15 985
6 209
6 171
24 95
19 3
34 947
10 931
49 702
40 228
10 280
20 143
0 923
25 666
30 738
31 531
41 382
22 552
30 304
47 849
26 217
46 314
47 421
45 44
18 816
8 477
3 82
8 932
10 228
4 902
18 850
12 900
0 870
24 273
34 335
41 225
38 605
15 776
13 1
37 839
22 205
41 437
18 595
12 332
29 922
14 935
35 257
6 74
46 118
2 830
13 560
43 425
0 557
47 442
46 287
34 99
50 806
1 325
27 399
13 493
24 824
48 342
30 338
50 33
24 279
20 205
24 8
25 934
16 538
29 497
6 81
44 700
0 345
7 347
34 843
12 990
28 779
25 553
16 576
26 179
13 558
38 626
30 655
28 831
21 655
29 607
12 136
46 886
11 899
19 827
46 127
11 83
0 875
38 955
39 726
38 974
3 273
28 691
17 247
40 275
27 770
39 876
15 989
17 993
3 95
8 682
8 740
4 522
28 986
47 400
7 61
16 809
0 140
37 737
7 632
1 605
7 599
20 451
17 859
28 194
49 967
38 29
40 451
24 974
26 797
3 773
20 373
34 188
3 554
35 400
41 548
49 756
0 918
45 493
47 669
42 394
36 281
14 677
28 636
30 797
5 92
1 630
42 971
36 75
49 700
47 771
23 273
13 885
5 620
44 925
14 410
15 662
0 253
39 401
41 434
13 135
47 571
12 824
6 122
7 869
33 564
43 496
38 935
4 866
48 959
12 564
26 454
14 36
16 590
7 325
41 198
32 103
0 671
35 147
5 41
10 978
11 140
34 929
7 342
27 770
11 906
1 457
47 970
6 893
44 980
26 35
31 926
15 151
33 722
27 453
26 912
41 68
0 617
47 496
34 653
17 42
5 572
22 804
41 631
2 891
38 276
34 759
25 93
7 732
2 229
32 449
16 80
13 70
2 27
18 86
2 771
14 789
0 3
19 403
50 568
10 837
15 591
42 981
48 103
36 153
25 394
33 118
45 767
1 756
24 680
35 151
22 93
19 997
5 568
8 702
17 795
35 442
0 202
11 296
27 320
5 301
31 446
3 289
13 811
45 82
5 477
42 383
23 28
30 374
6 229
5 275
19 495
31 592
23 721
50 197
34 509
46 967
0 681
22 566
26 715
34 807
11 699
40 80
20 759
12 845
40 15
4 169
21 467
20 587
46 412
24 721
36 34
7 502
46 561
39 475
35 742
32 420
0 956
44 149
17 319
39 19
23 532
47 533
44 224
3 380
36 6
49 331
46 288
29 447
17 658
19 682
11 125
12 587
25 462
10 440
1 786
21 828
0 642
2 402
33 207
25 6
13 457
29 926
45 232
46 647
9 609
10 240
24 311
43 454
8 28
43 922
7 440
40 94
49 286
33 98
32 389
17 130
0 20
31 619
19 333
34 673
32 809
42 540
34 569
9 719
20 551
1 369
29 319
4 716
13 310
44 841
23 246
48 909
15 742
44 208
30 72
36 705
0 292
12 489
24 561
44 649
35 610
26 395
19 273
41 193
50 414
27 185
43 391
19 669
36 674
45 889
3 747
41 625
32 603
36 428
27 473
50 762
0 47
25 874
42 368
16 59
40 835
42 161
34 580
18 735
11 55
12 820
29 166
35 752
13 904
47 896
35 308
26 578
16 352
47 383
38 379
39 835
0 936
45 867
40 321
46 272
12 350
14 114
40 473
47 496
13 31
32 26
30 626
46 260
30 663
21 411
29 141
43 860
26 946
37 784
47 77
42 161
0 320
8 243
46 969
23 356
20 914
49 468
27 954
14 925
3 452
18 179
6 222
2 261
20 208
45 840
13 201
20 531
15 964
27 93
18 477
19 593
0 321
42 494
34 190
23 562
50 966
5 342
34 767
28 817
42 724
27 866
6 738
46 229
37 74
31 962
1 95
20 706
16 245
16 657
40 614
49 354
0 586
38 330
11 975
45 221
22 589
50 291
3 658
40 751
47 417
39 842
21 832
15 832
8 739
5 205
33 525
38 883
39 167
22 574
31 622
43 145
0 670
50 28
19 441
50 534
20 92
47 90
14 489
45 605
9 141
9 733
50 538
2 568
46 837
7 346
33 226
24 112
7 626
16 102
47 827
19 351
0 237
10 971
48 855
43 159
8 140
10 506
48 674
34 967
23 621
39 213
27 379
35 814
9 557
33 58
27 507
35 685
3 240
22 878
36 752
39 980
0 825
22 410
10 89
44 390
5 773
33 785
48 176
15 690
17 556
28 648
33 337
42 107
43 851
38 337
27 475
23 11
30 937
20 218
24 373
32 169
0 237
29 676
14 815
37 454
15 709
16 673
23 440
11 520
29 806
9 787
48 47
20 145
16 135
48 9
3 857
23 55
33 344
32 115
44 910
28 773
0 48
13 30
1 555
34 430
27 481
48 10
1 705
17 725
24 202
29 751
1 63
41 955
15 929
8 586
25 909
12 151
25 917
8 187
34 373
36 453
0 183
35 512
14 738
43 815
36 144
39 147
23 95
18 201
33 903
41 760
49 851
38 678
46 510
44 100
19 760
23 738
12 834
39 381
3 388
29 262
0 813
23 983
42 906
17 837
29 660
27 910
28 177
34 568
47 402
40 934
8 773
41 161
4 557
40 462
20 196
12 147
23 448
41 615
24 15
40 380
0 406
28 118
17 541
14 405
29 261
10 862
48 622
12 677
14 666
8 496
49 32
24 283
29 524
23 893
33 465
2 228
13 318
10 460
2 791
6 886
0 582
38 482
46 749
17 380
38 586
20 888
36 217
8 136
43 172
4 704
16 371
9 364
23 190
29 763
39 854
40 405
33 923
14 312
25 904
28 569
0 193
33 461
5 965
10 606
5 572
40 260
11 139
18 982
10 101
26 640
2 239
26 182
32 580
42 306
47 207
37 349
49 174
48 299
10 261
16 950
0 768
19 620
30 296
31 934
45 64
42 809
32 735
7 446
45 445
47 722
17 169
47 568
16 192
45 96
7 731
21 54
17 536
48 353
7 458
30 295
0 232
38 796
29 622
15 856
46 916
45 464
1 121
13 329
27 383
36 897
22 851
1 970
24 700
41 881
39 142
10 795
32 644
31 513
35 677
17 287
0 549
12 327
42 662
32 857
42 915
50 284
26 291
47 630
16 428
45 651
5 791
27 761
11 792
22 895
3 545
13 893
6 581
47 916
21 758
9 86
0 87
15 918
9 821
17 396
1 711
31 685
14 245
29 218
40 535
48 853
38 307
44 698
3 290
33 496
25 551
13 941
49 638
39 834
44 198
45 302
0 744
17 115
49 77
3 43
49 261
18 456
21 939
7 109
26 879
29 323
44 902
1 793
16 572
5 193
26 355
38 292
21 204
18 845
30 866
17 288
0 996
7 631
46 67
39 401
23 287
7 602
46 398
27 970
20 928
43 770
23 757
30 833
23 542
8 152
24 744
43 322
10 636
4 193
11 322
23 814
0 898
44 117
40 794
28 658
31 740
1 751
31 535
50 198
32 9
39 143
24 635
49 140
49 263
10 934
39 917
48 623
1 606
7 994
3 322
35 411
0 231
45 409
27 898
47 290
32 963
14 550
26 433
19 248
8 854
7 951
15 688
13 15
20 491
30 320
30 671
40 41
22 880
38 631
44 826
7 614
0 418
29 895
19 875
28 541
16 649
1 42
44 802
25 24
7 810
8 743
13 810
40 120
33 389
48 337
28 307
4 81
6 971
3 698
25 622
35 37
0 21
42 811
41 996
29 578
33 181
5 944
8 9
35 212
10 472
44 544
24 445
21 133
10 552
9 32
32 710
2 155
8 586
34 799
14 904
21 442
0 627
10 528
17 81
47 938
49 838
19 860
1 969
21 11
31 959
31 927
47 697
35 679
13 490
2 114
9 80
37 508
38 802
37 447
12 368
34 407
0 749
15 784
9 920
43 286
35 278
18 245
34 693
35 91
35 550
22 127
37 651
15 277
12 861
21 946
16 191
26 471
7 767
26 701
32 132
49 106
0 739
50 119
47 142
45 186
20 537
23 948
25 23
33 957
46 583
35 885
15 734
33 671
46 968
43 610
38 866
32 471
46 644
49 788
28 25
1 71
0 497
49 108
45 20
40 677
20 469
39 651
25 617
28 832
26 6
17 153
50 987
31 355
20 95
43 775
10 779
21 20
10 746
48 448
42 912
18 865
0 341
15 112
20 611
23 218
14 693
6 207
47 173
25 746
40 757
37 909
1 882
7 57
5 221
8 344
5 844
7 667
28 222
5 851
37 655
46 62
0 210
50 312
12 203
4 354
19 82
17 202
29 877
30 527
41 198
37 765
29 896
37 488
50 650
33 149
48 100
30 634
44 429
2 961
28 411
33 819
0 573
39 133
1 683
40 289
15 58
25 198
7 782
10 584
34 951
37 673
38 470
34 51
31 975
14 536
36 112
14 875
44 693
46 357
27 774
39 708
0 170
